RT Model MCC++	 O.Postylyakov	ver.72
MixedSimC<atmos::StoksC,MCSimC<atmos::StoksC,MCWMethodC<atmos::StoksC,SphericalGeomT>>,SSSimC<atmos::StoksC,MCSimC<atmos::StoksC,MSSMethodC<atmos::StoksC,SphericalGeomT,1000>>>>	ps::cLCG2C	Density: double	AMFs: Yes	ORDERS_ACCOUNT: ATM_COLLGS_ORDERS
photons passed	base/max expendeture	EPS-breakes	MaxCollgs-Breaks	MinPhWgt-Breaks	average colligions
21800	0.0338831/0.0422539	0	0	0	3.15491	
SpecialSamplingCollgs	ForceCollgSimul	EPS	ssEPS	MaxCollgs	MinPhWgt	BaseMod	
1	0	0.001	1e-12	500	1e-300	0	
Albedo	time	IY
0.05	0.0424833	{ 1841115987 765123797 ; 40014 40692 2147483563 2147483399 }	
 -6370.99	 -6370.99	 -5791.81	 -5212.63	 -4633.45	 -4054.27	 -3475.09	  -2895.9	 -2316.72	 -1737.54	 -1158.36	 -579.181	-9.09495e-13	  12.8571	  25.7143	  38.5714	  51.4286	  64.2857	  77.1429	       90	
        0	        0	0.0080361	 0.024108	 0.040179	 0.056251	 0.072322	 0.088394	  0.10447	  0.12054	  0.13661	  0.15268	  0.16875	0.0039284	0.0039364	0.0039443	0.0039522	0.0039601	 0.003968	 0.003976	
        0	        0	        0	        0	        0	        0	        0	        0	        0	        0	        0	        0	        0	        0	        0	        0	        0	        0	        0	        0	
        0	        0	        0	        0	        0	        0	        0	        0	        0	        0	        0	        0	        0	        0	        0	        0	        0	        0	        0	        0	

-------------------------------------------------
tet=89.8  fi=0
	60	
450	0.040915	

	60	
450	1.0665	

	60	
450	0.70677	



ord=1
	60	
450	46.063	

	60	
450	4.2001	

	60	
450	0.019851	

enhancement factor
ord=0
wave=450 nm
zenith, km	60	
Stoks:	      2.570774	  -0.027417973	 -0.0024970788	-0.00034289721	
enhancement factor
0	31.682489	33.022755	12.145315	21.960909	
0.1	2.8511525	-8.6242567	6.0181303	2.8428194	
0.2	2.6522369	-7.0248435	5.30097	2.1519005	
0.3	2.5441968	-6.4255281	5.6438674	3.2456371	
0.4	2.4753488	-6.3468596	4.9885205	0.75043006	
0.5	2.4140189	-6.0504382	5.9934005	0.65948095	
0.6	2.3743094	-5.3915654	9.0542719	-1.0207177	
0.7	2.335898	-5.244976	3.8934785	-0.77880722	
0.8	2.3092935	-4.9882282	3.5428191	0.42200245	
0.9	2.284652	-4.5896886	6.8529961	0.98700379	
1	2.2813393	-5.0951658	6.3247027	-0.13374736	
1.1	2.2622993	-4.1328236	3.5051488	2.5058401	
1.2	2.2584713	-4.1720408	4.3085645	2.5912488	
1.3	2.2477634	-4.3183955	6.1564863	4.4969991	
1.4	2.238253	-3.9704784	7.0136492	2.7603908	
1.5	2.226297	-4.0403012	6.3830581	4.0169486	
1.6	2.2077862	-3.2658176	6.5850996	4.2288891	
1.7	2.1973155	-3.1198995	7.1385208	-0.40349321	
1.8	2.1993998	-2.5509176	9.5877263	-3.4340399	
1.9	2.2019753	-2.7514983	9.5337237	-2.6338519	
2	2.1753934	-2.2296464	7.8023762	1.2666309	
2.2	2.1728096	-2.4948303	12.178294	-0.071342331	
2.4	2.1669256	-2.2396789	13.350632	2.9676128	
2.6	2.1652966	-2.2107436	12.145788	3.8070178	
2.8	2.1590253	-1.8353363	9.9053566	2.3008344	
3	2.1597678	-1.4065779	6.8328955	1.9600962	
3.2	2.1567485	-1.2159717	-1.4775182	-0.56336111	
3.3	2.1470545	-1.9982943	3.3015771	0.46106171	
3.4	2.1494401	-1.7368694	0.56812057	-0.36287446	
3.6	2.1433716	-1.4079682	2.2701521	-0.22626804	
3.8	2.1421066	-1.1189145	1.632986	-1.5603675	
4	2.1464383	-1.4329378	-0.18293507	-0.49680409	
4.4	2.1431943	-1.5601602	-0.44520111	1.5366877	
4.5	2.1426615	-1.4038984	-2.2350968	1.1850171	
4.8	2.154201	-1.9714465	-4.2189104	4.2539449	
5	2.144419	-0.98855493	-4.300643	3.0576207	
5.5	2.1462318	0.091442416	2.5905706	5.1301436	
6	2.1434847	-1.5956438	6.4871515	3.1550952	
6.47	2.1323952	-0.82346363	8.508703	2.1549939	
8	2.1184456	-0.31986772	11.675396	3.1613506	
9	2.0986397	-0.47109744	4.1589769	0.84275319	
10	2.0808413	-0.13484339	0.15246408	1.9890829	
11	2.0926534	0.84825048	-11.230907	10.538359	
12	2.0673689	0.71783436	-6.9182749	5.7806415	
13	2.0526745	0.95883218	-7.5008808	1.7719392	
14	2.0389326	1.1177917	-3.0797126	3.2289672	
15	2.042083	1.1424711	-0.79521022	3.5297021	
16	2.0298307	1.131542	-1.1129677	3.5309305	
17	2.0335863	2.6244081	-5.3495412	-0.38605113	
18	2.0205034	2.4909595	-1.4525872	-1.324718	
19	2.0211995	1.3866181	7.450664	0.85530986	
20	2.0166084	1.144423	9.4463399	-1.4091004	
21	2.0096253	1.5357501	7.6657892	-2.0808428	
22	1.9983421	1.7590441	2.8722575	-0.18846173	
23	1.993702	1.7811436	2.1870915	0.23934314	
24	1.9918326	1.7690608	1.8548124	0.45230843	
25	1.9881368	1.8951123	1.5935156	0.95652244	
26	1.9842867	1.8160612	1.3682496	1.3253858	
27	1.9814564	1.7707124	1.8374739	1.6431388	
28	1.980265	1.7839478	1.8793853	1.6361865	
29	1.9784958	1.7826892	1.8418403	1.4623128	
30	1.9773092	1.7909943	1.806279	1.4384764	
31	1.9761789	1.7999132	1.8158095	1.43714	
32	1.9738605	1.8366464	2.228097	1.472733	
33	1.9716889	1.9264562	2.98909	1.3006319	
34	1.9704363	1.9326325	2.8966249	1.3868378	
35	1.9685771	1.9473908	2.3641314	1.6467254	
36	1.9672233	1.9466574	2.0590001	1.6811219	
37	1.9661465	1.9500331	2.1607844	1.8582566	
38	1.9644267	1.9614061	1.9935833	1.880541	
39	1.9631249	1.9733606	1.9596406	1.901289	
40	1.9620846	1.9702458	1.9927495	1.9597419	
41	1.9611578	1.9669541	2.0077991	1.9676538	
42	1.9602858	1.9660713	2.006734	1.9667367	
43	1.9594184	1.9652407	2.0059235	1.9658577	
44	1.9585527	1.964422	2.0051461	1.9649802	
45	1.9559648	1.9618079	2.0023819	1.9623464	
50	1.9516877	1.9574954	1.9987735	1.9579819	
55	1.9474368	1.9532304	1.995136	1.9536445	
60	1.9432211	1.9489879	1.9906045	1.9490507	
65	1.9390382	1.944751	1.9829502	1.9448304	
70	1.9349002	1.9405682	1.9784401	1.9406471	
75	1.9307981	1.9364216	1.9740039	1.9365003	
80	1.9267315	1.9323111	1.9696074	1.9323895	
85	1.9226998	1.9282361	1.9652502	1.9283142	


precision, %
wave=450 nm
height, km	60	
0	0.62271115	
0.1	1.0307677	
0.2	0.96420804	
0.3	0.96164381	
0.4	0.95329079	
0.5	0.93024414	
0.6	0.92201205	
0.7	0.91374806	
0.8	0.95362596	
0.9	0.96841581	
1	1.0012905	
1.1	0.92897972	
1.2	0.96381035	
1.3	0.97117901	
1.4	0.94963276	
1.5	0.8948252	
1.6	0.89769548	
1.7	0.85998147	
1.8	0.88639161	
1.9	0.93068304	
2	0.85968167	
2.2	0.85679337	
2.4	0.85645995	
2.6	0.912682	
2.8	0.94521966	
3	0.94242655	
3.2	1.0947943	
3.3	0.90164646	
3.4	0.89979878	
3.6	0.87325106	
3.8	0.86710911	
4	0.8648469	
4.4	0.87473658	
4.5	0.88913145	
4.8	0.99805334	
5	0.96210959	
5.5	1.0327969	
6	1.036602	
6.47	0.88632564	
8	0.97307475	
9	0.92582001	
10	0.86544655	
11	1.4520737	
12	1.158346	
13	1.040332	
14	0.95210279	
15	0.97532629	
16	0.90571328	
17	1.0682228	
18	0.9388958	
19	0.86966985	
20	0.89996835	
21	0.81691307	
22	0.7231998	
23	0.71440783	
24	0.71343079	
25	0.71268342	
26	0.70970631	
27	0.71382199	
28	0.7143368	
29	0.71580708	
30	0.71531142	
31	0.71501199	
32	0.71310031	
33	0.71403175	
34	0.71371592	
35	0.7128307	
36	0.70979023	
37	0.71005741	
38	0.70830434	
39	0.70735312	
40	0.70685102	
41	0.70672879	
42	0.70673113	
43	0.70673299	
44	0.70673528	
45	0.70673656	
50	0.70675854	
55	0.70679132	
60	0.70684106	
65	0.70686083	
70	0.70686034	
75	0.70685973	
80	0.70685912	
85	0.70685852	


ord=1
wave=450 nm
zenith, km	60	
Stoks:	     1.1841636	  -0.049735946	 3.6748219e-06	             0	
enhancement factor
0	35.795039	36.064678	-108.13176	0	
0.1	2.0087589	2.008967	0.87119628	0	
0.2	1.9979978	1.9979724	1.9571606	0	
0.3	1.9978362	1.9978195	2.0056001	0	
0.4	1.9977409	1.9977242	2.0055533	0	
0.5	1.9976471	1.9976303	2.0055283	0	
0.6	1.9975533	1.9975366	2.0054327	0	
0.7	1.9974596	1.9974429	2.0053367	0	
0.8	1.9973659	1.9973491	2.0052416	0	
0.9	1.9972722	1.9972554	2.0051466	0	
1	1.9971785	1.9971618	2.0050515	0	
1.1	1.9970848	1.9970681	2.0049565	0	
1.2	1.9969912	1.9969744	2.0048615	0	
1.3	1.9968975	1.9968808	2.0047666	0	
1.4	1.9968039	1.9967872	2.0046716	0	
1.5	1.9967103	1.9966936	2.0045767	0	
1.6	1.9966168	1.9966	2.0044817	0	
1.7	1.9965232	1.9965065	2.0043868	0	
1.8	1.9964297	1.9964129	2.0042919	0	
1.9	1.9963361	1.9963194	2.0041971	0	
2	1.9961959	1.9961792	2.0040548	0	
2.2	1.9960089	1.9959922	2.0038652	0	
2.4	1.9958221	1.9958054	2.0036756	0	
2.6	1.9956352	1.9956186	2.0034861	0	
2.8	1.9954485	1.9954318	2.0032967	0	
3	1.9952618	1.9952452	2.0031073	0	
3.2	1.9951219	1.9951052	2.0029654	0	
3.3	1.9950286	1.9950119	2.0028707	0	
3.4	1.9948887	1.9948721	2.0027288	0	
3.6	1.9947023	1.9946856	2.0025397	0	
3.8	1.9945159	1.9944992	2.0023506	0	
4	1.9942364	1.9942198	2.0020672	0	
4.4	1.9940037	1.993987	2.0018311	0	
4.5	1.9938176	1.9938009	2.0016423	0	
4.8	1.993585	1.9935684	2.0014064	0	
5	1.9932596	1.993243	2.0010764	0	
5.5	1.9927951	1.9927785	2.0006052	0	
6	1.992345	1.9923284	2.0001486	0	
6.47	1.9914183	1.9914017	1.9992087	0	
8	1.9902482	1.9902317	1.9980219	0	
9	1.9893253	1.9893088	1.9970858	0	
10	1.9884041	1.9883876	1.9961514	0	
11	1.9874846	1.9874682	1.9952188	0	
12	1.9865668	1.9865504	1.9942879	0	
13	1.9856507	1.9856343	1.9933588	0	
14	1.9847363	1.9847199	1.9924314	0	
15	1.9838236	1.9838073	1.9915057	0	
16	1.9829126	1.9828963	1.9905818	0	
17	1.9820032	1.9819869	1.9896595	0	
18	1.9810955	1.9810793	1.988739	0	
19	1.9801896	1.9801733	1.9878202	0	
20	1.9792852	1.979269	1.9869031	0	
21	1.9783826	1.9783664	1.9859877	0	
22	1.9774815	1.9774654	1.985074	0	
23	1.9765822	1.9765661	1.9841619	0	
24	1.9756845	1.9756684	1.9832516	0	
25	1.9747884	1.9747723	1.9823429	0	
26	1.973894	1.9738779	1.9814359	0	
27	1.9730012	1.9729852	1.9805306	0	
28	1.97211	1.972094	1.9796269	0	
29	1.9712204	1.9712045	1.9787249	0	
30	1.9703325	1.9703166	1.9778246	0	
31	1.9694462	1.9694303	1.9769259	0	
32	1.9685615	1.9685456	1.9760288	0	
33	1.9676784	1.9676625	1.9751334	0	
34	1.9667969	1.9667811	1.9742396	0	
35	1.965917	1.9659012	1.9733474	0	
36	1.9650386	1.9650229	1.9724569	0	
37	1.9641619	1.9641462	1.971568	0	
38	1.9632868	1.9632711	1.9706807	0	
39	1.9624132	1.9623975	1.969795	0	
40	1.9615412	1.9615255	1.9689109	0	
41	1.9606708	1.9606551	1.9680284	0	
42	1.9598019	1.9597863	1.9671475	0	
43	1.9589346	1.958919	1.9662683	0	
44	1.9580689	1.9580533	1.9653906	0	
45	1.9554824	1.9554669	1.9627685	0	
50	1.9511998	1.9511845	1.9584271	0	
55	1.9469551	1.9469399	1.9541245	0	
60	1.9427478	1.9427327	1.9498599	0	
65	1.9385774	1.9385624	1.945633	0	
70	1.9344433	1.9344284	1.9414433	0	
75	1.930345	1.9303303	1.9372901	0	
80	1.9262822	1.9262675	1.933173	0	
85	1.9222542	1.9222397	1.9290915	0	


precision, %
wave=450 nm
height, km	60	
0	0.014814757	
0.1	0.019818272	
0.2	0.019858986	
0.3	0.019862225	
0.4	0.019862238	
0.5	0.019862237	
0.6	0.019862235	
0.7	0.019862234	
0.8	0.019862233	
0.9	0.019862231	
1	0.01986223	
1.1	0.019862228	
1.2	0.019862227	
1.3	0.019862225	
1.4	0.019862224	
1.5	0.019862223	
1.6	0.019862221	
1.7	0.01986222	
1.8	0.019862218	
1.9	0.019862217	
2	0.019862215	
2.2	0.019862212	
2.4	0.019862209	
2.6	0.019862206	
2.8	0.019862203	
3	0.0198622	
3.2	0.019862198	
3.3	0.019862197	
3.4	0.019862195	
3.6	0.019862192	
3.8	0.019862189	
4	0.019862185	
4.4	0.019862181	
4.5	0.019862178	
4.8	0.019862175	
5	0.01986217	
5.5	0.019862163	
6	0.019862156	
6.47	0.019862142	
8	0.019862124	
9	0.01986211	
10	0.019862096	
11	0.019862082	
12	0.019862068	
13	0.019862054	
14	0.01986204	
15	0.019862026	
16	0.019862012	
17	0.019861999	
18	0.019861985	
19	0.019861971	
20	0.019861957	
21	0.019861944	
22	0.01986193	
23	0.019861916	
24	0.019861903	
25	0.019861889	
26	0.019861876	
27	0.019861862	
28	0.019861849	
29	0.019861835	
30	0.019861822	
31	0.019861808	
32	0.019861795	
33	0.019861782	
34	0.019861769	
35	0.019861755	
36	0.019861742	
37	0.019861729	
38	0.019861716	
39	0.019861703	
40	0.019861689	
41	0.019861676	
42	0.019861663	
43	0.01986165	
44	0.019861637	
45	0.019861599	
50	0.019861535	
55	0.019861471	
60	0.019861409	
65	0.019861347	
70	0.019861285	
75	0.019861225	
80	0.019861165	
85	0.019861105	


-------------------------------------------------
tet=89.8  fi=90
	60	
450	0.017415068	

	60	
450	-22.844059	

	60	
450	0.99729627	



ord=1
	60	
450	29.09807	

	60	
450	-31.319175	

	60	
450	0.073759568	

enhancement factor
ord=0
wave=450 nm
zenith, km	60	
Stoks:	      1.094221	    0.24996449	  -0.058405503	 0.00020100918	
enhancement factor
0	27.761188	27.749775	32.307252	-101.5384	
0.1	3.1554553	3.6517205	7.0539125	-41.627883	
0.2	2.9023716	3.3050173	5.8919438	-31.591937	
0.3	2.7763263	3.1372796	5.2326259	-24.795931	
0.4	2.7142088	3.0961726	4.7759527	-17.162328	
0.5	2.6436563	3.0187113	4.5459172	-21.564113	
0.6	2.5976759	2.8998325	4.3813525	-12.879836	
0.7	2.5439154	2.8507441	4.0735286	-13.126814	
0.8	2.498268	2.810509	3.8533146	-13.413862	
0.9	2.467708	2.7417346	3.8604092	-6.1565599	
1	2.4529003	2.7237209	3.6826381	-5.7472806	
1.1	2.4465964	2.6803752	3.6858086	-11.532222	
1.2	2.4560603	2.6769891	3.6963776	-10.867813	
1.3	2.4199259	2.6453112	3.5275034	-16.182915	
1.4	2.4125155	2.6317756	3.5925109	-14.147748	
1.5	2.4216233	2.6318842	3.5480096	-14.457749	
1.6	2.3846854	2.551594	3.3803816	-10.78994	
1.7	2.3648174	2.5379039	3.1961681	-5.568671	
1.8	2.385822	2.5282067	3.3513577	-0.96500494	
1.9	2.3854898	2.5231854	3.3845596	0.55118873	
2	2.3366122	2.4557479	3.0551727	-5.0060594	
2.2	2.3614938	2.4740746	3.3454516	2.8346987	
2.4	2.3344781	2.4238308	3.331934	-4.8500609	
2.6	2.3308397	2.4214095	3.2617039	-5.2030168	
2.8	2.3167336	2.378271	3.0871827	-2.2959809	
3	2.3455945	2.3420125	2.880303	-1.3902877	
3.2	2.3439255	2.2945318	2.4762152	-0.25454568	
3.3	2.3178702	2.4173174	2.8136855	-2.8072579	
3.4	2.3227622	2.3812437	2.7445683	-2.140536	
3.6	2.3128659	2.355622	2.800367	-4.0454801	
3.8	2.3098993	2.3574889	2.8010986	-0.87416242	
4	2.3275756	2.3869667	2.7243143	-2.2894805	
4.4	2.3481433	2.4200723	2.5818428	2.8653278	
4.5	2.3192704	2.3531318	2.565297	1.6413285	
4.8	2.3412631	2.4095487	2.4712265	-3.9744645	
5	2.3102582	2.326765	2.6591714	-2.1567616	
5.5	2.3152426	2.2671588	2.9691146	-5.4112426	
6	2.3017665	2.3050981	3.0951976	-3.3957866	
6.47	2.2988412	2.3112056	3.164426	2.4136473	
8	2.2636544	2.2554495	3.0331102	2.5575763	
9	2.2198439	2.253779	2.6917892	4.3391535	
10	2.1767906	2.2053322	2.5265759	4.021007	
11	2.1726315	2.1839303	2.5316296	0.42631394	
12	2.1426582	2.1545713	2.4795557	4.2751888	
13	2.126936	2.1409319	2.0807795	9.8712128	
14	2.093468	2.10301	2.2742893	3.0200156	
15	2.1003533	2.1189336	2.401543	1.1331158	
16	2.0756339	2.0987724	2.2871966	0.96920755	
17	2.0644807	2.0425426	2.2223719	3.5167386	
18	2.0528073	2.0227776	2.1940388	2.548102	
19	2.0750778	2.0603876	2.6048133	-3.4728449	
20	2.061453	2.0849171	2.5475597	4.8871623	
21	2.0580309	2.0837302	2.3388605	6.5754163	
22	2.0275862	2.0410477	2.0941468	2.8398718	
23	2.0167078	2.0297217	2.0310923	1.8303932	
24	2.0139529	2.0273374	2.0163182	1.5807879	
25	2.0061773	2.0162039	1.98802	1.0443809	
26	2.0013416	2.012353	1.9657685	0.94365922	
27	1.9975803	2.0059823	1.9758659	0.91795293	
28	1.9955902	2.0024641	1.9768545	0.99975345	
29	1.9925207	2.0017759	1.9681063	1.5292592	
30	1.9909117	2.0001297	1.9662739	1.626805	
31	1.9896016	1.998218	1.965655	1.6503072	
32	1.9838471	1.9872665	1.9928459	1.6290535	
33	1.9790324	1.9745386	2.0318124	1.9359718	
34	1.9772782	1.9727528	2.0275003	1.8272862	
35	1.9745751	1.9697097	2.0080545	1.3962637	
36	1.9722781	1.9692805	1.9929212	1.4165428	
37	1.971194	1.9677576	1.9929368	1.3960599	
38	1.9682428	1.9653984	1.9741548	1.9177066	
39	1.9661832	1.9640933	1.9698086	2.0565589	
40	1.9648653	1.9640521	1.9709657	1.9928735	
41	1.9638637	1.9635204	1.971027	1.9744808	
42	1.9629853	1.9626492	1.9701334	1.9739207	
43	1.9621139	1.9617729	1.9692536	1.9730285	
44	1.9612445	1.9608976	1.9683764	1.9721379	
45	1.9586436	1.9582987	1.965749	1.9697622	
50	1.9543477	1.9540093	1.9614882	1.9680298	
55	1.9500707	1.949736	1.9571555	1.9630092	
60	1.9458248	1.9454938	1.9527697	1.9571645	
65	1.9416226	1.9413042	1.9484236	1.9528747	
70	1.937464	1.9371481	1.9442102	1.948623	
75	1.9333416	1.9330282	1.9400341	1.9444087	
80	1.929255	1.9289439	1.9358945	1.9402314	
85	1.9252035	1.9248949	1.9317908	1.9360905	


precision, %
wave=450 nm
height, km	60	
0	1.0834347	
0.1	1.5679515	
0.2	1.3539463	
0.3	1.3048503	
0.4	1.3850595	
0.5	1.3730264	
0.6	1.3674959	
0.7	1.3016664	
0.8	1.2877343	
0.9	1.4306695	
1	1.3011765	
1.1	1.2856272	
1.2	1.3767356	
1.3	1.270029	
1.4	1.3251266	
1.5	1.460346	
1.6	1.3534676	
1.7	1.3157156	
1.8	1.4932524	
1.9	1.5900013	
2	1.2580231	
2.2	1.6551619	
2.4	1.4201761	
2.6	1.456783	
2.8	1.3711095	
3	1.5356187	
3.2	1.985824	
3.3	1.3383296	
3.4	1.3507599	
3.6	1.3394396	
3.8	1.3131555	
4	1.3862761	
4.4	1.9046822	
4.5	1.4018693	
4.8	1.6833347	
5	1.4575138	
5.5	1.6313264	
6	1.5017693	
6.47	1.5138569	
8	1.6270253	
9	1.5151419	
10	1.3564415	
11	1.5884335	
12	1.4720757	
13	1.5868929	
14	1.2571037	
15	1.5349328	
16	1.2782141	
17	1.1943916	
18	1.1422515	
19	1.6160613	
20	1.6094349	
21	1.5678422	
22	1.1487908	
23	1.0867379	
24	1.0818596	
25	1.0613882	
26	1.0564979	
27	1.0597104	
28	1.0581865	
29	1.0575659	
30	1.0550392	
31	1.053731	
32	1.031154	
33	1.0157106	
34	1.0147422	
35	1.0127017	
36	1.0085495	
37	1.0079776	
38	0.99825098	
39	0.996331	
40	0.99694153	
41	0.99717729	
42	0.99719105	
43	0.99719528	
44	0.9972006	
45	0.99720399	
50	0.99725066	
55	0.99729955	
60	0.99738715	
65	0.99741865	
70	0.99741778	
75	0.9974169	
80	0.99741604	
85	0.99741519	


ord=1
wave=450 nm
zenith, km	60	
Stoks:	     0.3183972	   0.099719375	     0.1727244	             0	
enhancement factor
0	26.14465	26.163726	26.169749	0	
0.1	2.0068224	2.0070067	2.0070066	0	
0.2	1.9998217	1.9998248	1.9998191	0	
0.3	1.9996805	1.9996816	1.9996814	0	
0.4	1.9995856	1.9995865	1.9995863	0	
0.5	1.9994914	1.9994924	1.9994922	0	
0.6	1.9993974	1.9993983	1.9993981	0	
0.7	1.9993033	1.9993043	1.999304	0	
0.8	1.9992093	1.9992102	1.99921	0	
0.9	1.9991152	1.9991162	1.999116	0	
1	1.9990212	1.9990222	1.999022	0	
1.1	1.9989273	1.9989282	1.998928	0	
1.2	1.9988333	1.9988343	1.998834	0	
1.3	1.9987393	1.9987403	1.9987401	0	
1.4	1.9986454	1.9986464	1.9986462	0	
1.5	1.9985515	1.9985525	1.9985522	0	
1.6	1.9984576	1.9984586	1.9984584	0	
1.7	1.9983637	1.9983647	1.9983645	0	
1.8	1.9982699	1.9982708	1.9982706	0	
1.9	1.998176	1.998177	1.9981768	0	
2	1.9980353	1.9980363	1.998036	0	
2.2	1.9978477	1.9978487	1.9978485	0	
2.4	1.9976602	1.9976612	1.997661	0	
2.6	1.9974728	1.9974737	1.9974735	0	
2.8	1.9972854	1.9972864	1.9972862	0	
3	1.9970981	1.9970991	1.9970989	0	
3.2	1.9969577	1.9969587	1.9969584	0	
3.3	1.9968641	1.9968651	1.9968648	0	
3.4	1.9967237	1.9967247	1.9967245	0	
3.6	1.9965366	1.9965376	1.9965374	0	
3.8	1.9963496	1.9963506	1.9963504	0	
4	1.9960692	1.9960702	1.99607	0	
4.4	1.9958357	1.9958367	1.9958364	0	
4.5	1.9956489	1.9956499	1.9956497	0	
4.8	1.9954156	1.9954166	1.9954163	0	
5	1.9950891	1.9950901	1.9950899	0	
5.5	1.9946231	1.994624	1.9946238	0	
6	1.9941714	1.9941724	1.9941721	0	
6.47	1.9932416	1.9932426	1.9932423	0	
8	1.9920676	1.9920686	1.9920683	0	
9	1.9911416	1.9911425	1.9911423	0	
10	1.9902173	1.9902182	1.990218	0	
11	1.9892947	1.9892956	1.9892954	0	
12	1.9883738	1.9883748	1.9883745	0	
13	1.9874546	1.9874556	1.9874554	0	
14	1.9865372	1.9865381	1.9865379	0	
15	1.9856214	1.9856224	1.9856222	0	
16	1.9847074	1.9847083	1.9847081	0	
17	1.983795	1.9837959	1.9837957	0	
18	1.9828843	1.9828852	1.982885	0	
19	1.9819753	1.9819762	1.981976	0	
20	1.981068	1.9810689	1.9810687	0	
21	1.9801623	1.9801632	1.980163	0	
22	1.9792583	1.9792592	1.979259	0	
23	1.9783559	1.9783569	1.9783567	0	
24	1.9774553	1.9774562	1.977456	0	
25	1.9765562	1.9765572	1.9765569	0	
26	1.9756588	1.9756598	1.9756596	0	
27	1.9747631	1.974764	1.9747638	0	
28	1.973869	1.9738699	1.9738697	0	
29	1.9729765	1.9729774	1.9729772	0	
30	1.9720856	1.9720866	1.9720864	0	
31	1.9711964	1.9711973	1.9711971	0	
32	1.9703088	1.9703097	1.9703095	0	
33	1.9694228	1.9694237	1.9694235	0	
34	1.9685384	1.9685393	1.9685391	0	
35	1.9676556	1.9676565	1.9676563	0	
36	1.9667744	1.9667754	1.9667751	0	
37	1.9658948	1.9658958	1.9658955	0	
38	1.9650168	1.9650178	1.9650175	0	
39	1.9641404	1.9641413	1.9641411	0	
40	1.9632656	1.9632665	1.9632663	0	
41	1.9623923	1.9623932	1.962393	0	
42	1.9615206	1.9615215	1.9615213	0	
43	1.9606505	1.9606514	1.9606512	0	
44	1.9597819	1.9597828	1.9597826	0	
45	1.9571871	1.957188	1.9571878	0	
50	1.9528907	1.9528916	1.9528914	0	
55	1.9486324	1.9486333	1.9486331	0	
60	1.9444116	1.9444125	1.9444123	0	
65	1.9402279	1.9402288	1.9402286	0	
70	1.9360807	1.9360816	1.9360814	0	
75	1.9319696	1.9319705	1.9319703	0	
80	1.927894	1.9278948	1.9278946	0	
85	1.9238534	1.9238543	1.9238541	0	


precision, %
wave=450 nm
height, km	60	
0	0.075113929	
0.1	0.073729444	
0.2	0.073748153	
0.3	0.073759187	
0.4	0.073759219	
0.5	0.073759221	
0.6	0.073759221	
0.7	0.073759221	
0.8	0.073759221	
0.9	0.073759221	
1	0.073759221	
1.1	0.073759221	
1.2	0.073759221	
1.3	0.073759221	
1.4	0.073759221	
1.5	0.073759221	
1.6	0.073759221	
1.7	0.073759221	
1.8	0.073759222	
1.9	0.073759222	
2	0.073759222	
2.2	0.073759222	
2.4	0.073759222	
2.6	0.073759222	
2.8	0.073759222	
3	0.073759222	
3.2	0.073759222	
3.3	0.073759222	
3.4	0.073759222	
3.6	0.073759222	
3.8	0.073759222	
4	0.073759223	
4.4	0.073759223	
4.5	0.073759223	
4.8	0.073759223	
5	0.073759223	
5.5	0.073759223	
6	0.073759223	
6.47	0.073759224	
8	0.073759224	
9	0.073759225	
10	0.073759225	
11	0.073759226	
12	0.073759226	
13	0.073759227	
14	0.073759227	
15	0.073759227	
16	0.073759228	
17	0.073759228	
18	0.073759229	
19	0.073759229	
20	0.073759229	
21	0.07375923	
22	0.07375923	
23	0.073759231	
24	0.073759231	
25	0.073759232	
26	0.073759232	
27	0.073759232	
28	0.073759233	
29	0.073759233	
30	0.073759234	
31	0.073759234	
32	0.073759234	
33	0.073759235	
34	0.073759235	
35	0.073759236	
36	0.073759236	
37	0.073759236	
38	0.073759237	
39	0.073759237	
40	0.073759238	
41	0.073759238	
42	0.073759238	
43	0.073759239	
44	0.073759239	
45	0.07375924	
50	0.073759242	
55	0.073759244	
60	0.073759246	
65	0.073759248	
70	0.07375925	
75	0.073759252	
80	0.073759254	
85	0.073759255	


-------------------------------------------------
tet=89.8  fi=180
	60	
450	0.01787425	

	60	
450	7.7606413	

	60	
450	0.94792639	



ord=1
	60	
450	31.211178	

	60	
450	5.6480942	

	60	
450	0.06693742	

enhancement factor
ord=0
wave=450 nm
zenith, km	60	
Stoks:	     1.1230722	  -0.087157607	 -0.0034835937	 0.00029031529	
enhancement factor
0	27.723243	24.173778	-12.537689	23.834173	
0.1	3.0388237	-0.14761942	3.1801022	2.7700935	
0.2	2.82988	0.16241368	0.59010747	2.3851252	
0.3	2.6960151	0.28599381	0.42991407	2.7455629	
0.4	2.6320123	0.29609266	3.1781463	4.0331815	
0.5	2.5660575	0.32391475	5.2125049	5.127856	
0.6	2.5280767	0.47071969	8.519468	1.866241	
0.7	2.4895367	0.36043569	5.9198739	4.0780372	
0.8	2.4690591	0.35851954	4.0215717	2.8959904	
0.9	2.4524007	0.5626256	5.0648843	3.7608021	
1	2.4640719	0.33015419	5.0347658	13.337874	
1.1	2.4499926	0.65285603	4.4975391	4.2556587	
1.2	2.4456797	0.67633381	3.9600698	3.7077036	
1.3	2.3996121	0.73285091	3.6196241	0.37943886	
1.4	2.3893791	0.80566894	4.9817967	1.8372111	
1.5	2.390945	0.78298787	6.5677647	0.31560392	
1.6	2.3621201	0.89279367	4.707952	0.99273647	
1.7	2.3421367	0.92449296	2.2798865	3.4598354	
1.8	2.356059	0.9808448	3.8528878	7.0006653	
1.9	2.3654728	0.92719975	3.9236491	8.5333633	
2	2.3267059	1.0138157	2.1637929	5.9948752	
2.2	2.3303632	1.0304148	5.3630197	3.9428966	
2.4	2.3148544	1.0773039	7.7797343	3.6531618	
2.6	2.3069025	1.1189272	7.8097091	3.6612076	
2.8	2.3073544	1.1378576	1.9836217	5.1937768	
3	2.3335429	1.276175	2.2686642	6.4496887	
3.2	2.3239041	1.3743216	-1.4661294	5.5145823	
3.3	2.3046513	1.1699348	2.7151782	3.9406287	
3.4	2.3093181	1.2201316	1.3268964	3.6004514	
3.6	2.3065721	1.2714531	1.5483257	4.3184159	
3.8	2.3084092	1.3219296	0.89728435	6.407509	
4	2.3208793	1.2200181	0.50428618	5.6604393	
4.4	2.3231345	1.1088781	0.73506331	7.7436576	
4.5	2.3099822	1.2565685	-1.7614929	7.7810374	
4.8	2.3391794	1.1091922	-3.4965816	7.7689329	
5	2.315439	1.373079	-0.67192293	2.6827058	
5.5	2.3116895	1.6502	3.273133	-0.473177	
6	2.3091549	1.3094824	5.1490273	-2.1638236	
6.47	2.2950359	1.437009	7.4248398	-1.6891006	
8	2.2633396	1.5485671	8.7007917	-1.2893667	
9	2.217058	1.4831038	3.410679	-1.1420545	
10	2.1742132	1.5718997	0.95217612	0.24438201	
11	2.1758911	1.794717	-2.3244601	-3.2097431	
12	2.1413326	1.8156727	1.3509564	1.5867332	
13	2.115051	1.7689108	1.3719	1.965708	
14	2.0933987	1.7915689	1.3334558	2.0314384	
15	2.1151164	1.7867611	-0.57885023	2.7664394	
16	2.0825315	1.7779753	0.84350347	2.8037592	
17	2.092604	2.2164752	-0.59105405	6.7179807	
18	2.0737231	2.1910338	1.22411	5.5621483	
19	2.0910549	1.8619563	11.48869	-0.63023734	
20	2.0768995	1.7266379	10.832449	5.6054052	
21	2.0590785	1.7832832	7.5447016	4.5935437	
22	2.0293869	1.9012692	2.3970317	2.0718797	
23	2.018961	1.919706	1.2751499	1.5568615	
24	2.0167458	1.9124293	0.98885454	1.4762078	
25	2.0093618	1.9320915	0.39149085	1.4230443	
26	2.0029047	1.9006096	0.52879104	1.190052	
27	1.9965541	1.8960532	0.90171594	1.1419264	
28	1.994823	1.9022345	0.9543158	1.2102938	
29	1.9920972	1.8984358	0.90608828	1.4860197	
30	1.9905443	1.8996785	0.9057045	1.5364036	
31	1.9891231	1.9012072	0.94434123	1.5241938	
32	1.9842079	1.9286537	1.4846573	1.856716	
33	1.9782738	1.9749405	2.3710862	2.1771837	
34	1.9766305	1.9752161	2.3326983	2.1738783	
35	1.9742305	1.9763799	2.2119316	2.1309904	
36	1.9725655	1.9777884	2.0136672	2.1947365	
37	1.9714363	1.9771576	2.0377792	2.0993146	
38	1.9699888	1.9773644	2.0372146	1.9735236	
39	1.9686206	1.9763106	1.9855269	1.9806244	
40	1.9674591	1.9740618	1.9763389	1.977327	
41	1.9664976	1.9728566	1.9797112	1.9719655	
42	1.9656116	1.9719621	1.9786681	1.9712559	
43	1.9647354	1.9710828	1.9778206	1.9703676	
44	1.9638611	1.9702064	1.976985	1.9694808	
45	1.9612473	1.9675713	1.9744381	1.9667044	
50	1.9569319	1.9632986	1.971505	1.9610289	
55	1.952631	1.9589626	1.9674802	1.9565784	
60	1.9483409	1.9546634	1.9628092	1.9521583	
65	1.9440987	1.950386	1.9565672	1.947901	
70	1.93992	1.9461569	1.9522791	1.9436814	
75	1.9357779	1.9419649	1.9480469	1.939499	
80	1.9316717	1.9378095	1.9438516	1.9353533	
85	1.927601	1.9336903	1.9396929	1.9312438	


precision, %
wave=450 nm
height, km	60	
0	0.98443921	
0.1	1.4656067	
0.2	1.2981607	
0.3	1.2625986	
0.4	1.240013	
0.5	1.26211	
0.6	1.2459679	
0.7	1.2400746	
0.8	1.2863841	
0.9	1.3948597	
1	1.7266904	
1.1	1.4551495	
1.2	1.4405037	
1.3	1.298804	
1.4	1.2912496	
1.5	1.378824	
1.6	1.3464621	
1.7	1.2719672	
1.8	1.3203734	
1.9	1.3246307	
2	1.2467909	
2.2	1.3557395	
2.4	1.35252	
2.6	1.4180833	
2.8	1.3919459	
3	1.5202486	
3.2	1.7182484	
3.3	1.3810106	
3.4	1.3837511	
3.6	1.3366557	
3.8	1.3372709	
4	1.3615759	
4.4	1.6304641	
4.5	1.401357	
4.8	1.7381829	
5	1.6480512	
5.5	1.6427685	
6	1.7609409	
6.47	1.5704286	
8	1.6502962	
9	1.4461018	
10	1.3101255	
11	1.8142108	
12	1.594009	
13	1.3933988	
14	1.3178501	
15	1.5249838	
16	1.2733932	
17	1.8596126	
18	1.72071	
19	1.8091312	
20	1.8210756	
21	1.525696	
22	1.0935662	
23	1.0500151	
24	1.0600534	
25	1.0558417	
26	1.0312364	
27	1.0311284	
28	1.029987	
29	1.0299671	
30	1.0271188	
31	1.0248465	
32	0.98587982	
33	0.95982762	
34	0.95826241	
35	0.95267585	
36	0.94923759	
37	0.94928578	
38	0.94890057	
39	0.94763895	
40	0.94706976	
41	0.94720626	
42	0.94722638	
43	0.94722792	
44	0.94722967	
45	0.94723324	
50	0.94725049	
55	0.94734011	
60	0.94750125	
65	0.94747887	
70	0.94748092	
75	0.94748294	
80	0.94748495	
85	0.94748694	


ord=1
wave=450 nm
zenith, km	60	
Stoks:	    0.35052407	   -0.01979793	 0.00035992324	             0	
enhancement factor
0	26.328431	25.66716	137.49311	0	
0.1	2.0080838	2.0084665	1.9959688	0	
0.2	2.0011539	2.0011035	2.0065845	0	
0.3	2.0010135	2.0009856	2.00696	0	
0.4	2.0009183	2.0008902	2.0068646	0	
0.5	2.000824	2.0007959	2.0067692	0	
0.6	2.0007297	2.0007016	2.0066739	0	
0.7	2.0006354	2.0006073	2.0065786	0	
0.8	2.0005411	2.000513	2.0064833	0	
0.9	2.0004469	2.0004188	2.006388	0	
1	2.0003526	2.0003246	2.0062928	0	
1.1	2.0002584	2.0002304	2.0061975	0	
1.2	2.0001642	2.0001362	2.0061023	0	
1.3	2.00007	2.000042	2.0060071	0	
1.4	1.9999759	1.9999478	2.0059119	0	
1.5	1.9998817	1.9998537	2.0058167	0	
1.6	1.9997876	1.9997596	2.0057216	0	
1.7	1.9996935	1.9996655	2.0056264	0	
1.8	1.9995994	1.9995714	2.0055313	0	
1.9	1.9995053	1.9994773	2.0054362	0	
2	1.9993643	1.9993363	2.0052936	0	
2.2	1.9991762	1.9991482	2.0051035	0	
2.4	1.9989883	1.9989603	2.0049135	0	
2.6	1.9988004	1.9987724	2.0047236	0	
2.8	1.9986125	1.9985846	2.0045337	0	
3	1.9984248	1.9983968	2.0043439	0	
3.2	1.998284	1.9982561	2.0042016	0	
3.3	1.9981902	1.9981623	2.0041067	0	
3.4	1.9980495	1.9980216	2.0039645	0	
3.6	1.9978619	1.997834	2.0037749	0	
3.8	1.9976745	1.9976466	2.0035854	0	
4	1.9973934	1.9973655	2.0033013	0	
4.4	1.9971593	1.9971314	2.0030646	0	
4.5	1.9969721	1.9969442	2.0028754	0	
4.8	1.9967382	1.9967103	2.0026389	0	
5	1.9964109	1.996383	2.0023081	0	
5.5	1.9959437	1.9959159	2.0018358	0	
6	1.9954909	1.9954631	2.0013781	0	
6.47	1.9945589	1.9945311	2.000436	0	
8	1.993382	1.9933543	1.9992463	0	
9	1.9924538	1.9924261	1.998308	0	
10	1.9915272	1.9914996	1.9973714	0	
11	1.9906024	1.9905748	1.9964366	0	
12	1.9896793	1.9896518	1.9955035	0	
13	1.9887579	1.9887304	1.9945722	0	
14	1.9878382	1.9878108	1.9936426	0	
15	1.9869203	1.9868929	1.9927148	0	
16	1.986004	1.9859767	1.9917887	0	
17	1.9850894	1.9850622	1.9908643	0	
18	1.9841765	1.9841493	1.9899416	0	
19	1.9832654	1.9832382	1.9890206	0	
20	1.9823558	1.9823287	1.9881014	0	
21	1.981448	1.9814209	1.9871838	0	
22	1.9805418	1.9805148	1.986268	0	
23	1.9796373	1.9796104	1.9853538	0	
24	1.9787345	1.9787076	1.9844413	0	
25	1.9778333	1.9778064	1.9835306	0	
26	1.9769338	1.9769069	1.9826215	0	
27	1.9760359	1.9760091	1.981714	0	
28	1.9751397	1.9751129	1.9808083	0	
29	1.9742451	1.9742184	1.9799042	0	
30	1.9733521	1.9733254	1.9790017	0	
31	1.9724608	1.9724341	1.9781009	0	
32	1.971571	1.9715445	1.9772018	0	
33	1.9706829	1.9706564	1.9763043	0	
34	1.9697965	1.96977	1.9754085	0	
35	1.9689116	1.9688851	1.9745143	0	
36	1.9680283	1.9680019	1.9736217	0	
37	1.9671466	1.9671203	1.9727307	0	
38	1.9662666	1.9662403	1.9718414	0	
39	1.9653881	1.9653618	1.9709537	0	
40	1.9645112	1.964485	1.9700676	0	
41	1.9636359	1.9636097	1.9691831	0	
42	1.9627621	1.962736	1.9683002	0	
43	1.96189	1.9618639	1.9674189	0	
44	1.9610194	1.9609933	1.9665392	0	
45	1.9584185	1.9583926	1.9639112	0	
50	1.9541121	1.9540864	1.95956	0	
55	1.9498439	1.9498184	1.9552476	0	
60	1.9456134	1.9455881	1.9509736	0	
65	1.9414201	1.941395	1.9467373	0	
70	1.9372634	1.9372385	1.9425382	0	
75	1.9331429	1.9331182	1.9383759	0	
80	1.9290581	1.9290336	1.9342497	0	
85	1.9250084	1.9249841	1.9301594	0	


precision, %
wave=450 nm
height, km	60	
0	0.067464667	
0.1	0.066885854	
0.2	0.066905451	
0.3	0.066915212	
0.4	0.066915245	
0.5	0.066915249	
0.6	0.066915252	
0.7	0.066915254	
0.8	0.066915257	
0.9	0.06691526	
1	0.066915263	
1.1	0.066915265	
1.2	0.066915268	
1.3	0.066915271	
1.4	0.066915274	
1.5	0.066915277	
1.6	0.066915279	
1.7	0.066915282	
1.8	0.066915285	
1.9	0.066915288	
2	0.066915292	
2.2	0.066915297	
2.4	0.066915303	
2.6	0.066915309	
2.8	0.066915314	
3	0.06691532	
3.2	0.066915324	
3.3	0.066915327	
3.4	0.066915331	
3.6	0.066915336	
3.8	0.066915342	
4	0.06691535	
4.4	0.066915357	
4.5	0.066915362	
4.8	0.066915369	
5	0.066915379	
5.5	0.066915393	
6	0.066915406	
6.47	0.066915434	
8	0.066915468	
9	0.066915496	
10	0.066915523	
11	0.06691555	
12	0.066915577	
13	0.066915604	
14	0.066915631	
15	0.066915658	
16	0.066915685	
17	0.066915712	
18	0.066915739	
19	0.066915765	
20	0.066915792	
21	0.066915819	
22	0.066915845	
23	0.066915872	
24	0.066915898	
25	0.066915924	
26	0.066915951	
27	0.066915977	
28	0.066916003	
29	0.066916029	
30	0.066916055	
31	0.066916081	
32	0.066916107	
33	0.066916133	
34	0.066916159	
35	0.066916184	
36	0.06691621	
37	0.066916236	
38	0.066916261	
39	0.066916287	
40	0.066916312	
41	0.066916338	
42	0.066916363	
43	0.066916388	
44	0.066916413	
45	0.066916489	
50	0.066916613	
55	0.066916736	
60	0.066916858	
65	0.066916978	
70	0.066917097	
75	0.066917215	
80	0.066917332	
85	0.066917447	


