RT Model MCC++	 O.Postylyakov	ver.72
MixedSimC<atmos::StoksC,MCSimC<atmos::StoksC,MCWMethodC<atmos::StoksC,SphericalGeomT>>,SSSimC<atmos::StoksC,MCSimC<atmos::StoksC,MSSMethodC<atmos::StoksC,SphericalGeomT,1000>>>>	ps::cLCG2C	Density: double	AMFs: Yes	ORDERS_ACCOUNT: ATM_COLLGS_ORDERS
photons passed	base/max expendeture	EPS-breakes	MaxCollgs-Breaks	MinPhWgt-Breaks	average colligions
20000	0.00906937/0.00952217	0	0	0	2.5708	
SpecialSamplingCollgs	ForceCollgSimul	EPS	ssEPS	MaxCollgs	MinPhWgt	BaseMod	
1	0	0.001	1e-12	500	1e-300	0	
Albedo	time	IY
0.05	0.0269333	{ 151277743 741399846 ; 40014 40692 2147483563 2147483399 }	
 -918.559	 -910.844	 -909.987	 -794.425	 -790.052	 -781.305	 -772.559	 -763.813	 -755.067	 -746.321	 -737.574	 -728.828	 -720.082	 -711.336	 -693.843	 -667.605	 -623.874	       90	
        0	5.0315e-07	5.5949e-05	  0.38117	0.0014581	0.0058392	0.0058484	 0.087863	   0.3872	  0.11164	 0.017655	0.00058941	0.00029516	0.00011825	0.00011852	8.9234e-05	5.9855e-05	3.706e-320	
        0	        0	        0	        0	        0	        0	        0	        0	        0	        0	        0	        0	        0	        0	        0	        0	        0	        0	
        0	        0	        0	        0	        0	        0	        0	        0	        0	        0	        0	        0	        0	        0	        0	        0	        0	        0	

-------------------------------------------------
tet=0.0001  fi=0
	60	
450	0.027047	

	60	
450	33.426	

	60	
450	0.57533	



ord=1
	60	
450	53.408	

	60	
450	40.202	

	60	
450	0.0091607	

enhancement factor
ord=0
wave=450 nm
zenith, km	60	
Stoks:	     1.6994097	   -0.56805296	  0.0019030551	-0.00033229442	
enhancement factor
0	1.0917432	1.0158143	-0.89893072	1.3724109	
0.1	1.1765057	1.0560383	-0.36366827	3.3191657	
0.2	1.2494894	1.1216591	5.3020942	3.8738989	
0.3	1.3016013	1.1575735	8.0869781	2.9303206	
0.4	1.354629	1.1708654	6.330054	1.929142	
0.5	1.4030839	1.1990721	4.0608156	2.2139573	
0.6	1.4567061	1.240155	-0.067150141	3.4464175	
0.7	1.4929447	1.2819327	0.1540782	3.759981	
0.8	1.5255716	1.2976888	2.7326514	2.6967911	
0.9	1.5898005	1.3321061	5.0340917	3.4167969	
1	1.6122344	1.3584211	2.6927506	1.481724	
1.1	1.6326998	1.3813551	1.4266079	2.249187	
1.2	1.6668862	1.4016384	-1.8262829	2.1996821	
1.3	1.7001225	1.4308917	0.75106491	3.1451942	
1.4	1.7348712	1.44855	8.0136557	4.1388542	
1.5	1.7611716	1.4798028	10.268182	2.1852159	
1.6	1.8011846	1.5138091	16.696479	2.0987053	
1.7	1.8227299	1.5355398	16.082197	4.6238289	
1.8	1.843818	1.5537425	13.792127	3.2913364	
1.9	1.8763921	1.5741687	11.70107	3.0102666	
2	1.8949208	1.5863771	7.942315	4.6772778	
2.2	1.9358989	1.6288023	18.46388	8.1680842	
2.4	1.9683566	1.6304599	1.7219695	3.9146308	
2.6	2.0252165	1.7387183	12.061104	-3.9802735	
2.8	2.0393291	1.6998797	4.829894	1.1243621	
3	2.0746168	1.7424279	5.7839315	2.094031	
3.2	2.0835174	1.7167527	3.317	2.3192925	
3.3	2.0916863	1.7317494	1.6148801	0.87135502	
3.4	2.0923809	1.7418443	-1.212916	-1.5914165	
3.6	2.0993025	1.7830639	-4.9176912	0.80098241	
3.8	2.138917	1.7998256	4.7681815	2.1776296	
4	2.1489892	1.8437345	3.4201962	-3.2607585	
4.4	2.1833394	1.8709044	11.032856	-3.9288455	
4.5	2.166962	1.8362419	8.9230742	-6.1511828	
4.8	2.1670004	1.8469235	16.620144	-5.6217626	
5	2.1831929	1.8603272	9.0717868	0.034132271	
5.5	2.2176392	1.9175513	15.569432	2.1493983	
6	2.2320593	1.922508	32.522108	6.439991	
6.47	2.2299631	1.9484439	29.720904	4.8679911	
8	2.2325717	1.9617409	19.175812	4.6661648	
9	2.227323	2.0437762	7.4431348	7.1764523	
10	2.1757441	2.0345971	7.979927	5.9365968	
11	2.2082353	2.0782739	15.324612	2.6506172	
12	2.2192547	2.0944164	2.244585	3.0943687	
13	2.1788036	2.0948854	-5.7983494	3.1475446	
14	2.1524717	2.0997921	-1.2380969	3.8811372	
15	2.1214639	2.0834397	6.1932731	4.8728209	
16	2.1050691	2.0932434	-1.4072038	5.1512441	
17	2.1022101	2.0526681	1.9129654	4.1367975	
18	2.0866845	2.0631586	1.8375475	2.5677557	
19	2.0718667	2.0602743	0.39820921	3.7379161	
20	2.0605335	2.0419443	5.565978	3.7195152	
21	2.0768306	2.0792212	-9.0486989	5.5185672	
22	2.0375513	2.0293708	-3.2880599	5.3352568	
23	2.0227398	2.0128617	-3.1135059	4.800845	
24	2.0224416	2.0121138	4.077557	3.4025137	
25	2.0081706	1.9965233	-0.9573629	3.2893844	
26	2.00014	1.989713	-0.96800337	2.8404369	
27	1.9929869	1.9892375	-1.1017918	2.4968809	
28	1.9914966	1.9873615	-0.72069641	2.421531	
29	1.9875691	1.9818944	0.29916155	2.1594161	
30	1.983961	1.9798285	2.0974298	2.1661171	
31	1.9824089	1.9794665	2.4441754	2.1172059	
32	1.9803662	1.9796612	2.8614652	2.1023227	
33	1.9785831	1.9786861	3.1727512	2.1147026	
34	1.9753108	1.9728653	3.7539598	1.9765025	
35	1.9739423	1.9707135	3.7797412	1.9776004	
36	1.9730308	1.9701751	3.7219421	1.9349387	
37	1.9723469	1.9696113	3.7117449	1.9364647	
38	1.9713809	1.9687956	3.5484055	1.9975301	
39	1.9695424	1.9667344	2.9960062	2.0983235	
40	1.9687327	1.9662961	2.9483337	2.090534	
41	1.967923	1.9655454	2.9429935	2.0903207	
42	1.9669847	1.9648189	2.8879454	2.0838608	
43	1.9656298	1.9630097	2.8112327	2.0765731	
44	1.9647717	1.962153	2.8029393	2.075202	
45	1.9621223	1.9601409	2.7194386	2.0729084	
50	1.956889	1.9580533	1.8655929	2.0587312	
55	1.9527237	1.9539482	1.864078	2.0562033	
60	1.9485099	1.9497605	1.860032	2.0517394	
65	1.9443123	1.9455758	1.8561379	2.0473154	
70	1.9401459	1.9414093	1.8521918	2.0429305	
75	1.9360096	1.9372686	1.8482868	2.0385845	
80	1.9319058	1.9331582	1.8444655	2.0342767	
85	1.9277575	1.9289239	1.8651316	1.9934228	


precision, %
wave=450 nm
height, km	60	
0	0.66535153	
0.1	0.77900003	
0.2	0.97977323	
0.3	0.89913046	
0.4	0.92406705	
0.5	0.91110912	
0.6	0.98598899	
0.7	0.96770847	
0.8	1.0228532	
0.9	1.1961003	
1	1.0674248	
1.1	0.99453033	
1.2	1.049468	
1.3	1.0278639	
1.4	1.0818698	
1.5	1.0002201	
1.6	1.2474383	
1.7	1.195352	
1.8	1.1467768	
1.9	1.1157896	
2	1.136361	
2.2	1.2541418	
2.4	1.1316032	
2.6	1.5190064	
2.8	1.0622145	
3	1.1935481	
3.2	1.2722305	
3.3	1.2416109	
3.4	1.0948282	
3.6	1.0643348	
3.8	1.2413313	
4	1.1493134	
4.4	1.5873608	
4.5	1.3832987	
4.8	1.3157132	
5	1.257066	
5.5	1.3121625	
6	1.2274613	
6.47	1.1655337	
8	1.179024	
9	1.2052744	
10	1.0141241	
11	1.3270813	
12	1.2958612	
13	1.0951645	
14	1.1495974	
15	1.0923936	
16	0.96195887	
17	1.0299467	
18	0.95361432	
19	0.87339017	
20	0.92180217	
21	1.5132756	
22	0.86532639	
23	0.79265203	
24	0.94245252	
25	0.72529198	
26	0.67599841	
27	0.64074847	
28	0.63599396	
29	0.61353023	
30	0.59950759	
31	0.59910034	
32	0.59550205	
33	0.59466246	
34	0.59077383	
35	0.59359427	
36	0.59390943	
37	0.59389785	
38	0.59190909	
39	0.58831943	
40	0.58856504	
41	0.58853923	
42	0.58858389	
43	0.58615874	
44	0.58597023	
45	0.58631185	
50	0.5753229	
55	0.57499111	
60	0.57498394	
65	0.57498428	
70	0.5749821	
75	0.57498144	
80	0.57498141	
85	0.57501273	


ord=1
wave=450 nm
zenith, km	60	
Stoks:	    0.90762247	   -0.36488305	 -0.0036640364	             0	
enhancement factor
0	1.0243204	1.0002556	0.96472944	0	
0.1	1.0603051	1.0322948	1.0076723	0	
0.2	1.0862699	1.0537089	1.0205201	0	
0.3	1.111881	1.0746084	1.0393166	0	
0.4	1.1369638	1.0950452	1.0575416	0	
0.5	1.1615725	1.1151372	1.0814368	0	
0.6	1.1855743	1.1349001	1.1139151	0	
0.7	1.2090575	1.1542075	1.1445614	0	
0.8	1.2318914	1.1729155	1.1594725	0	
0.9	1.2539553	1.1910551	1.1702734	0	
1	1.275228	1.2085969	1.1879058	0	
1.1	1.2958021	1.2256214	1.2040384	0	
1.2	1.3157205	1.2422708	1.2250294	0	
1.3	1.3349824	1.2584849	1.2504728	0	
1.4	1.3536225	1.2742646	1.2717322	0	
1.5	1.3716171	1.2895699	1.2956222	0	
1.6	1.3889373	1.3044472	1.3077293	0	
1.7	1.4055985	1.3188473	1.3085857	0	
1.8	1.4216499	1.3327976	1.3091695	0	
1.9	1.4370676	1.3463415	1.3181996	0	
2	1.4588486	1.365731	1.3542677	0	
2.2	1.4862129	1.3903907	1.4010804	0	
2.4	1.5114752	1.4135396	1.4254211	0	
2.6	1.534814	1.4352806	1.4419083	0	
2.8	1.5563347	1.455747	1.4588032	0	
3	1.5761924	1.4750154	1.471124	0	
3.2	1.5902174	1.4888409	1.4872231	0	
3.3	1.599024	1.4976637	1.4964898	0	
3.4	1.6115414	1.5103717	1.5096714	0	
3.6	1.6273072	1.5266112	1.5234623	0	
3.8	1.6419233	1.5420102	1.5431699	0	
4	1.6616826	1.5634449	1.5702052	0	
4.4	1.677316	1.5806493	1.5904659	0	
4.5	1.6884069	1.5933195	1.613345	0	
4.8	1.7016162	1.6086298	1.6375123	0	
5	1.718037	1.6283367	1.6439257	0	
5.5	1.7393955	1.6546442	1.6641637	0	
6	1.7577264	1.6780691	1.6900652	0	
6.47	1.7894639	1.7200521	1.7204044	0	
8	1.8253763	1.7684399	1.7934758	0	
9	1.8485346	1.8005817	1.8276143	0	
10	1.8681795	1.8277915	1.8472261	0	
11	1.8846305	1.8505616	1.8747403	0	
12	1.898581	1.870205	1.8880308	0	
13	1.9105215	1.8869661	1.9032118	0	
14	1.9207389	1.9011548	1.9256176	0	
15	1.9294806	1.9130891	1.9325924	0	
16	1.9369335	1.9231109	1.933857	0	
17	1.9433371	1.9315309	1.9424632	0	
18	1.9488261	1.9386739	1.9539247	0	
19	1.9535217	1.9448094	1.9569807	0	
20	1.9574412	1.9500049	1.9576247	0	
21	1.9606395	1.9543162	1.9602977	0	
22	1.9632365	1.957864	1.9618931	0	
23	1.965303	1.9607632	1.9639182	0	
24	1.9669255	1.9631061	1.9670591	0	
25	1.9681684	1.9649846	1.9689725	0	
26	1.9690847	1.9664404	1.9707975	0	
27	1.9697164	1.9675365	1.9708109	0	
28	1.9701252	1.968343	1.9704391	0	
29	1.9703486	1.9689122	1.9708429	0	
30	1.9704088	1.9692684	1.9714885	0	
31	1.9703182	1.9694301	1.9713723	0	
32	1.9701042	1.9694335	1.9711893	0	
33	1.9697998	1.9693213	1.9713851	0	
34	1.9694205	1.9691132	1.9708336	0	
35	1.968972	1.9688124	1.969945	0	
36	1.9684602	1.9684282	1.9691821	0	
37	1.9678953	1.9679734	1.9686159	0	
38	1.9672855	1.967459	1.967927	0	
39	1.966638	1.966894	1.9672675	0	
40	1.965959	1.9662867	1.9666367	0	
41	1.965254	1.9656444	1.965877	0	
42	1.9645271	1.9649725	1.9650912	0	
43	1.9637812	1.9642746	1.9643319	0	
44	1.9630192	1.9635545	1.9635741	0	
45	1.9606411	1.9612685	1.961269	0	
50	1.9565942	1.9573309	1.9572475	0	
55	1.9524539	1.953248	1.9530498	0	
60	1.9482824	1.9491058	1.948891	0	
65	1.9441109	1.9449477	1.9447227	0	
70	1.9399556	1.9407963	1.9405592	0	
75	1.9358251	1.9366645	1.9364351	0	
80	1.9317244	1.9325597	1.9323288	0	
85	1.927656	1.9284859	1.9282551	0	


precision, %
wave=450 nm
height, km	60	
0	0.045479385	
0.1	0.037836838	
0.2	0.034793592	
0.3	0.031430695	
0.4	0.029189131	
0.5	0.026898521	
0.6	0.025476347	
0.7	0.024789657	
0.8	0.023605496	
0.9	0.022709667	
1	0.021698585	
1.1	0.02062653	
1.2	0.019492722	
1.3	0.01900243	
1.4	0.018720527	
1.5	0.017986669	
1.6	0.01749608	
1.7	0.017076468	
1.8	0.01684396	
1.9	0.016569812	
2	0.016250512	
2.2	0.01557717	
2.4	0.015236636	
2.6	0.014840137	
2.8	0.014492133	
3	0.01403737	
3.2	0.013713625	
3.3	0.013444129	
3.4	0.013293026	
3.6	0.013063103	
3.8	0.01286739	
4	0.012541893	
4.4	0.012328468	
4.5	0.012193897	
4.8	0.012082164	
5	0.011805329	
5.5	0.011550091	
6	0.011198739	
6.47	0.010682298	
8	0.010269816	
9	0.010063756	
10	0.0098270498	
11	0.0097290068	
12	0.0097069665	
13	0.0096491518	
14	0.0095895179	
15	0.0095318458	
16	0.0094983577	
17	0.0094373087	
18	0.0093486904	
19	0.0093142387	
20	0.0093154412	
21	0.0093165683	
22	0.0092841563	
23	0.0092448459	
24	0.0092057948	
25	0.009177859	
26	0.0091636596	
27	0.0091828726	
28	0.0091763132	
29	0.0091619564	
30	0.0091575378	
31	0.0091570749	
32	0.0091634263	
33	0.0091603823	
34	0.0091584126	
35	0.0091563934	
36	0.0091546745	
37	0.0091532095	
38	0.0091519597	
39	0.0091508923	
40	0.0091499782	
41	0.0091491916	
42	0.0091485136	
43	0.0091479308	
44	0.0091474301	
45	0.0091444821	
50	0.0091426875	
55	0.0091421009	
60	0.0091418346	
65	0.0091417413	
70	0.0091417443	
75	0.0091418004	
80	0.0091418842	
85	0.0091419815	


-------------------------------------------------
tet=0.0001  fi=90
	60	
450	0.026961691	

	60	
450	-33.044701	

	60	
450	0.59459722	



ord=1
	60	
450	53.576847	

	60	
450	-40.21316	

	60	
450	0.0091574466	

enhancement factor
ord=0
wave=450 nm
zenith, km	60	
Stoks:	      1.694053	    0.55979475	  0.0068984486	-0.00013183295	
enhancement factor
0	1.0936437	1.0230776	0.8051985	1.101991	
0.1	1.1813345	1.0916095	1.5963972	1.8873052	
0.2	1.2389547	1.1138422	2.8775126	4.8411008	
0.3	1.2942282	1.1587999	2.4431711	3.3431428	
0.4	1.343041	1.189335	2.3794721	2.4545907	
0.5	1.3984297	1.2313176	2.3217326	2.7626385	
0.6	1.460764	1.2660258	0.47169791	6.2122912	
0.7	1.4892265	1.2808834	1.7604434	3.3003571	
0.8	1.5179013	1.3034603	1.7372443	5.0674736	
0.9	1.5677561	1.3471296	2.3300101	0.57498321	
1	1.5981512	1.3672224	2.1110003	-4.209567	
1.1	1.6192388	1.3719307	1.2732162	1.9032056	
1.2	1.6528551	1.3956809	0.59495297	-1.9949994	
1.3	1.6896128	1.4087794	2.2320893	-1.6686579	
1.4	1.7324544	1.4654621	1.9178156	-0.32898072	
1.5	1.7665339	1.4954731	2.6922361	1.6436576	
1.6	1.7949436	1.5116814	3.798783	-0.13290797	
1.7	1.8171485	1.5250703	4.7239582	4.7186462	
1.8	1.8424829	1.5367233	5.097869	-0.67430338	
1.9	1.8791604	1.5494262	4.2057765	4.4065127	
2	1.8956918	1.583903	1.488813	4.9498594	
2.2	1.9298175	1.5976946	1.5453739	8.9956259	
2.4	1.9810345	1.6582378	-0.042647707	5.0305867	
2.6	2.0031166	1.6514571	-0.11380207	3.6479536	
2.8	2.0409295	1.7024025	-1.7342318	7.4175839	
3	2.0631322	1.7241534	0.54705463	6.5350193	
3.2	2.1050541	1.7782121	-1.8834814	21.507542	
3.3	2.1050328	1.7819774	-1.680448	8.7882846	
3.4	2.0934592	1.7599424	-1.4733573	-1.4074276	
3.6	2.0822002	1.7635421	-0.96862695	2.8407603	
3.8	2.1328825	1.8150473	3.6221707	-4.7792623	
4	2.1371125	1.7966812	-0.83127705	-3.8390235	
4.4	2.1776187	1.8242142	-2.2620913	-2.5991605	
4.5	2.1599254	1.8354677	-1.4840647	-2.5024891	
4.8	2.1615426	1.8444495	0.51391781	0.767253	
5	2.1811015	1.8616984	0.48790455	5.7166201	
5.5	2.2001156	1.8582632	3.0877347	2.2019121	
6	2.2141765	1.8981199	6.6241836	2.3683464	
6.47	2.2205967	1.9586842	8.2283898	5.3315924	
8	2.2421934	2.0486384	7.4604875	4.6365849	
9	2.2155449	1.9990499	4.102258	10.147688	
10	2.1679709	1.9689014	4.4585529	7.7922104	
11	2.1943348	1.9834836	5.3039685	3.2590044	
12	2.2061867	1.9802429	1.3109028	10.606595	
13	2.1646182	1.9832681	0.99081927	4.7147218	
14	2.137056	1.967573	2.8449393	5.1147324	
15	2.1122143	1.95728	6.229804	6.8893321	
16	2.0894551	1.942257	2.8875207	7.90644	
17	2.1079572	2.0020451	2.8234943	6.8095677	
18	2.0825436	1.9782651	1.8902212	7.1709874	
19	2.0714211	1.9701592	2.184259	8.4645801	
20	2.0667538	1.969683	5.2069162	8.2810932	
21	2.0648214	1.9711594	1.5783518	9.9199277	
22	2.0322395	1.9786605	1.0267302	7.7296218	
23	2.0203368	1.9807474	0.41318847	6.6112244	
24	2.018625	1.9756777	1.5884551	5.5359126	
25	2.0096907	1.9804931	0.80205021	4.9865964	
26	2.0026445	1.978705	1.1125532	3.4893515	
27	1.9928468	1.9680113	1.8804543	2.4719627	
28	1.9916823	1.9687757	1.9823079	2.427031	
29	1.9882296	1.9726451	2.1924713	1.7203581	
30	1.9850183	1.9724587	2.4482457	1.9350481	
31	1.9829313	1.9705996	2.5117147	1.8057968	
32	1.9801304	1.9687685	2.6722666	1.5727057	
33	1.9784032	1.9680619	2.7154305	1.6483877	
34	1.9759455	1.9703305	2.7448972	1.3377729	
35	1.9749082	1.9704622	2.7418151	1.3590237	
36	1.9737183	1.9699172	2.740205	1.4273305	
37	1.9729981	1.9693455	2.7286814	1.4240339	
38	1.9718926	1.9689449	2.6327409	1.749129	
39	1.9697476	1.9690256	2.3473203	2.4585414	
40	1.9687158	1.9678141	2.2959625	2.4470734	
41	1.9679073	1.9670602	2.293395	2.4422604	
42	1.9670084	1.9661905	2.2842687	2.3552631	
43	1.9658583	1.9659153	2.2524885	2.3022326	
44	1.9650156	1.9651791	2.2485125	2.2991227	
45	1.9622306	1.9624251	2.2094723	2.3014368	
50	1.9568577	1.9568286	1.9454603	2.2656719	
55	1.9526606	1.9526796	1.9375521	2.2509176	
60	1.9484495	1.9484977	1.933253	2.2466568	
65	1.944255	1.9443186	1.9289978	2.2424312	
70	1.9400899	1.9401564	1.9247522	2.23824	
75	1.9359549	1.9360197	1.9205469	2.234083	
80	1.9318526	1.931913	1.9163818	2.22996	
85	1.9276536	1.9280868	1.9236003	2.0793411	


precision, %
wave=450 nm
height, km	60	
0	0.71728901	
0.1	0.87607556	
0.2	0.82500951	
0.3	0.9438479	
0.4	0.91616105	
0.5	0.97534454	
0.6	1.1545948	
0.7	1.0408749	
0.8	0.92085075	
0.9	1.0766464	
1	1.0226527	
1.1	0.90534936	
1.2	0.97013342	
1.3	1.0400141	
1.4	1.1101992	
1.5	1.1021388	
1.6	1.0708333	
1.7	1.129574	
1.8	1.0993081	
1.9	1.1435962	
2	1.1206653	
2.2	1.1381902	
2.4	1.2690736	
2.6	1.121745	
2.8	1.1180659	
3	1.1471539	
3.2	1.6076361	
3.3	1.4098005	
3.4	1.2730014	
3.6	1.0307757	
3.8	1.4126171	
4	1.1477348	
4.4	1.5536791	
4.5	1.1489485	
4.8	1.107216	
5	1.1367191	
5.5	1.1238826	
6	1.1543698	
6.47	1.1612096	
8	1.3083107	
9	1.2158445	
10	0.98971444	
11	1.094407	
12	1.2344948	
13	0.95408613	
14	0.95024321	
15	1.0553745	
16	0.81856077	
17	1.4273502	
18	1.1400476	
19	1.0174143	
20	1.2161432	
21	1.2147422	
22	0.87588147	
23	0.8288295	
24	0.87218018	
25	0.78308729	
26	0.72054055	
27	0.64740106	
28	0.64405981	
29	0.62761194	
30	0.61874477	
31	0.61339019	
32	0.60327908	
33	0.60382171	
34	0.60479765	
35	0.60466832	
36	0.60366444	
37	0.60357507	
38	0.60109646	
39	0.59896518	
40	0.5998379	
41	0.59981238	
42	0.60003943	
43	0.5998526	
44	0.59981481	
45	0.60051555	
50	0.59487712	
55	0.59477124	
60	0.59475722	
65	0.59474753	
70	0.59474831	
75	0.59475091	
80	0.59475443	
85	0.59437698	


ord=1
wave=450 nm
zenith, km	60	
Stoks:	    0.90762019	    0.36498276	 1.2810705e-05	             0	
enhancement factor
0	1.0243209	1.0012628	14.559517	0	
0.1	1.0603057	1.032706	11.609705	0	
0.2	1.0862706	1.0539245	10.842762	0	
0.3	1.1118817	1.0748335	8.3851581	0	
0.4	1.1369646	1.0954255	5.2977183	0	
0.5	1.1615734	1.1155722	4.3847859	0	
0.6	1.1855749	1.1352247	3.7552081	0	
0.7	1.2090581	1.1544438	3.0336224	0	
0.8	1.2318921	1.1732277	1.9582041	0	
0.9	1.2539558	1.1914002	1.3941261	0	
1	1.2752285	1.2090184	2.5629074	0	
1.1	1.2958026	1.2261668	3.4642333	0	
1.2	1.315721	1.2427933	2.4526917	0	
1.3	1.3349828	1.2589682	2.3455184	0	
1.4	1.353623	1.2747066	2.9099997	0	
1.5	1.3716176	1.2900415	2.2452176	0	
1.6	1.3889377	1.3048973	2.3072938	0	
1.7	1.4055989	1.3193186	2.0579192	0	
1.8	1.4216502	1.3332984	1.8846046	0	
1.9	1.4370679	1.3468161	1.8957855	0	
2	1.4588489	1.3661591	1.197319	0	
2.2	1.4862132	1.3907775	1.057077	0	
2.4	1.5114753	1.4139074	0.76521982	0	
2.6	1.534814	1.4356551	1.2771936	0	
2.8	1.5563348	1.4560944	1.2140209	0	
3	1.5761924	1.4753516	1.1698539	0	
3.2	1.5902176	1.4891621	1.1045339	0	
3.3	1.5990242	1.4979781	1.227076	0	
3.4	1.6115418	1.5106534	1.4270799	0	
3.6	1.6273075	1.5269135	1.3052361	0	
3.8	1.6419235	1.5423333	0.95295349	0	
4	1.6616829	1.5637855	0.75138082	0	
4.4	1.6773163	1.5809996	0.65832029	0	
4.5	1.6884075	1.5936338	1.1219709	0	
4.8	1.7016166	1.6089067	0.97882088	0	
5	1.7180372	1.6285799	0.74472178	0	
5.5	1.7393956	1.654873	0.97168927	0	
6	1.7577266	1.6782638	0.87038633	0	
6.47	1.7894644	1.7202262	1.8519604	0	
8	1.8253765	1.76859	2.1771138	0	
9	1.8485348	1.8007115	1.6680674	0	
10	1.8681799	1.8279344	1.4438216	0	
11	1.884631	1.8506816	1.2702743	0	
12	1.8985815	1.8702987	1.5088118	0	
13	1.9105219	1.8870611	1.2668361	0	
14	1.9207388	1.9012469	1.2971141	0	
15	1.9294806	1.913178	1.3924579	0	
16	1.9369335	1.9231717	1.2121362	0	
17	1.9433373	1.931594	1.3161664	0	
18	1.9488267	1.9387491	1.5387126	0	
19	1.9535225	1.944868	1.7826312	0	
20	1.9574419	1.9500516	1.795332	0	
21	1.9606398	1.9543369	1.9455584	0	
22	1.9632368	1.9578835	1.9447735	0	
23	1.9653034	1.9607856	1.9137296	0	
24	1.9669259	1.9631274	1.8483188	0	
25	1.9681688	1.9649951	1.7266949	0	
26	1.9690849	1.9664532	1.775291	0	
27	1.9697163	1.9675459	1.948992	0	
28	1.970125	1.9683484	1.9561604	0	
29	1.9703484	1.9689168	1.9537947	0	
30	1.9704086	1.9692728	1.9529711	0	
31	1.970318	1.9694342	1.9574271	0	
32	1.970104	1.9694374	1.9704521	0	
33	1.9697996	1.9693241	1.9855749	0	
34	1.9694204	1.969115	1.9984758	0	
35	1.9689718	1.968814	1.9976206	0	
36	1.9684601	1.9684297	1.9967622	0	
37	1.9678952	1.9679748	1.9959012	0	
38	1.9672854	1.9674603	1.9950383	0	
39	1.9666379	1.9668952	1.9941739	0	
40	1.9659588	1.9662878	1.9933087	0	
41	1.9652538	1.9656455	1.992443	0	
42	1.9645269	1.9649736	1.991577	0	
43	1.9637811	1.9642756	1.9907111	0	
44	1.9630191	1.9635554	1.9898454	0	
45	1.960641	1.9612683	1.9702042	0	
50	1.9565941	1.9573298	1.9560067	0	
55	1.9524538	1.9532469	1.9517356	0	
60	1.9482823	1.9491047	1.9474969	0	
65	1.9441108	1.9449465	1.9432925	0	
70	1.9399555	1.9407952	1.9391232	0	
75	1.935825	1.9366634	1.9349892	0	
80	1.9317243	1.9325586	1.9308906	0	
85	1.9276559	1.9284848	1.9268271	0	


precision, %
wave=450 nm
height, km	60	
0	0.045460404	
0.1	0.037815248	
0.2	0.03477781	
0.3	0.03141921	
0.4	0.029176354	
0.5	0.026885891	
0.6	0.025463673	
0.7	0.02477847	
0.8	0.023595108	
0.9	0.022699318	
1	0.021687745	
1.1	0.020616556	
1.2	0.019482421	
1.3	0.018991737	
1.4	0.018709859	
1.5	0.017976077	
1.6	0.017485582	
1.7	0.017066469	
1.8	0.016834252	
1.9	0.016558942	
2	0.016240714	
2.2	0.015567826	
2.4	0.015227872	
2.6	0.014831369	
2.8	0.014483578	
3	0.014029702	
3.2	0.013706492	
3.3	0.013437181	
3.4	0.013286225	
3.6	0.01305644	
3.8	0.012860666	
4	0.0125352	
4.4	0.012322443	
4.5	0.01218776	
4.8	0.012076166	
5	0.011798674	
5.5	0.011543738	
6	0.01119307	
6.47	0.010677455	
8	0.01026422	
9	0.010057855	
10	0.0098212805	
11	0.0097232761	
12	0.0097013485	
13	0.0096432485	
14	0.0095845687	
15	0.0095270393	
16	0.009493547	
17	0.009433073	
18	0.0093452779	
19	0.0093107634	
20	0.0093117652	
21	0.0093129659	
22	0.0092805494	
23	0.0092416155	
24	0.009202808	
25	0.0091750237	
26	0.0091609617	
27	0.0091805851	
28	0.0091740022	
29	0.0091595764	
30	0.0091551574	
31	0.00915473	
32	0.0091612064	
33	0.0091582184	
34	0.0091562678	
35	0.0091542476	
36	0.0091525276	
37	0.0091510615	
38	0.0091498106	
39	0.009148742	
40	0.0091478267	
41	0.0091470388	
42	0.0091463596	
43	0.0091457755	
44	0.0091452735	
45	0.0091423803	
50	0.0091406008	
55	0.0091400077	
60	0.0091397349	
65	0.0091396352	
70	0.0091396318	
75	0.0091396816	
80	0.0091397591	
85	0.0091398502	


-------------------------------------------------
tet=0.0001  fi=180
	60	
450	0.027060082	

	60	
450	33.367256	

	60	
450	0.57065687	



ord=1
	60	
450	53.381911	

	60	
450	40.203922	

	60	
450	0.0091573314	

enhancement factor
ord=0
wave=450 nm
zenith, km	60	
Stoks:	     1.7002351	   -0.56732179	    0.01009502	-4.9435182e-05	
enhancement factor
0	1.0895822	1.0126105	0.88476481	4.9989962	
0.1	1.1742515	1.0631924	1.2943661	11.645028	
0.2	1.2511265	1.1253118	2.1416689	18.852267	
0.3	1.3021379	1.1445592	2.5925534	10.468761	
0.4	1.353842	1.1647412	1.8287568	30.722631	
0.5	1.3949093	1.1957655	2.2629669	27.037225	
0.6	1.4507025	1.2274095	1.8142331	25.975256	
0.7	1.5091785	1.2945369	2.0538701	27.762096	
0.8	1.5288754	1.2943546	2.5400277	18.672077	
0.9	1.5738853	1.3085599	2.3888262	20.118182	
1	1.5998276	1.3282176	2.4452823	24.707249	
1.1	1.6324526	1.3715603	1.8150328	28.002443	
1.2	1.6630913	1.4053168	1.3047678	14.687352	
1.3	1.6874746	1.4183229	1.3578038	16.596837	
1.4	1.7226052	1.4392402	1.6863288	14.616656	
1.5	1.7601187	1.462608	2.1045534	12.633716	
1.6	1.7975219	1.4835138	3.7001053	19.238669	
1.7	1.8166927	1.5182275	3.2229045	19.302129	
1.8	1.8391374	1.5359784	3.3973906	1.2288709	
1.9	1.8755407	1.5540448	2.3566033	1.8669312	
2	1.8916091	1.5644134	1.7725031	15.38489	
2.2	1.9268511	1.6162758	2.9133651	47.901921	
2.4	1.9598812	1.6453602	1.3680483	11.369824	
2.6	2.0195788	1.7224061	2.351756	6.9340395	
2.8	2.0484175	1.706155	0.4166628	21.210367	
3	2.0753913	1.7437597	0.68432353	16.995752	
3.2	2.0957412	1.7303935	1.7294719	41.682731	
3.3	2.110605	1.7364919	-0.1652803	43.612216	
3.4	2.1117	1.7835683	-0.40166975	13.540781	
3.6	2.1069107	1.804352	0.79185561	17.520255	
3.8	2.13333	1.8213962	1.853771	-8.4866888	
4	2.1516022	1.8482403	1.3469505	-3.0303714	
4.4	2.173962	1.841624	3.1316613	-45.147519	
4.5	2.1587949	1.8288831	2.0493386	-17.285216	
4.8	2.1636224	1.859461	2.8457038	-16.193155	
5	2.1729339	1.8725537	2.4288678	13.012082	
5.5	2.2042552	1.9164323	4.0444654	14.323562	
6	2.227483	1.9356616	5.6409635	28.119187	
6.47	2.224445	1.9388271	4.8529361	20.564193	
8	2.2308985	1.9502448	2.5627654	28.368164	
9	2.2258655	2.0282032	2.4432045	38.471882	
10	2.1753498	2.0333066	2.3667241	11.39185	
11	2.2129219	2.0864029	2.4840127	28.609235	
12	2.2244236	2.095741	0.121648	26.333239	
13	2.1755197	2.0934988	-0.5693637	8.5085994	
14	2.1484278	2.0976769	1.6893421	0.060352409	
15	2.11801	2.0843478	2.7883354	5.6155166	
16	2.1031194	2.0920165	1.8109923	1.0133664	
17	2.1013668	2.0513562	2.287615	3.7269379	
18	2.0823767	2.0592141	1.7634008	2.0268334	
19	2.0704255	2.0515409	1.5285556	3.3162388	
20	2.0583861	2.0397857	2.2162234	7.5147282	
21	2.072637	2.0688743	-0.70096627	12.383383	
22	2.035324	2.0244567	0.6695169	8.4132617	
23	2.0212681	2.0089666	0.81297227	5.0359567	
24	2.0206182	2.0094426	1.9233858	3.1676658	
25	2.009416	1.9983719	1.1449079	3.1078932	
26	2.0023529	1.9933194	1.2022685	1.5342858	
27	1.9954779	1.9924886	1.2736944	-0.3566112	
28	1.9938109	1.9898462	1.3646027	-0.39130922	
29	1.989404	1.9856843	1.5542834	-0.02313816	
30	1.9849504	1.9832195	1.9374849	0.42236278	
31	1.9831598	1.9835418	1.967774	0.20241636	
32	1.981057	1.9828504	2.0575381	-0.85907535	
33	1.9791988	1.9818044	2.1185354	-0.81821159	
34	1.9749372	1.9739458	2.3427619	-1.1987607	
35	1.9733789	1.9714304	2.3470763	-0.98926102	
36	1.972224	1.9709352	2.3046024	-0.66414541	
37	1.9715074	1.9704272	2.3008525	-0.68405145	
38	1.9703787	1.9696863	2.2395123	0.37692154	
39	1.9685444	1.9682966	2.0837582	2.6221975	
40	1.9677297	1.9678459	2.0695956	2.7123705	
41	1.9669214	1.9671002	2.0680355	2.7195705	
42	1.966007	1.9664094	2.0550659	2.5654413	
43	1.9646973	1.9644966	2.0294254	2.4839456	
44	1.9638445	1.9636285	2.0267728	2.4806621	
45	1.9612463	1.9614134	2.010203	2.4931772	
50	1.9568101	1.9577488	1.9514065	2.5456794	
55	1.9526289	1.9536883	1.9459469	2.5523123	
60	1.9484137	1.949503	1.9416858	2.548696	
65	1.9442139	1.9453205	1.9374741	2.5451034	
70	1.9400487	1.9411566	1.933248	2.5415336	
75	1.9359137	1.9370184	1.9290602	2.5379872	
80	1.9318113	1.9329106	1.924909	2.5344641	
85	1.9276315	1.9286368	1.9272366	2.1922825	


precision, %
wave=450 nm
height, km	60	
0	0.66075015	
0.1	0.7422249	
0.2	0.90499345	
0.3	0.88444123	
0.4	0.9700968	
0.5	0.86860124	
0.6	0.96124593	
0.7	1.0466915	
0.8	0.94947253	
0.9	1.0462578	
1	0.92908161	
1.1	0.96504906	
1.2	1.0005304	
1.3	0.96556311	
1.4	1.0160474	
1.5	1.0504914	
1.6	1.1489255	
1.7	1.0920555	
1.8	1.0723188	
1.9	1.061309	
2	1.0224278	
2.2	1.1018716	
2.4	1.0028446	
2.6	1.2789405	
2.8	1.022546	
3	1.0957828	
3.2	1.4182193	
3.3	1.3826299	
3.4	1.3533475	
3.6	1.1456208	
3.8	1.1752716	
4	1.2409476	
4.4	1.3910034	
4.5	1.2208386	
4.8	1.2709668	
5	1.1386709	
5.5	1.177509	
6	1.1982135	
6.47	1.1028409	
8	1.1506542	
9	1.1751039	
10	0.99577477	
11	1.360372	
12	1.3483947	
13	1.0743504	
14	1.0940242	
15	1.0696082	
16	0.96304987	
17	1.0266197	
18	0.9083391	
19	0.84129217	
20	0.86127454	
21	1.3085569	
22	0.79625082	
23	0.74021772	
24	0.85502686	
25	0.70711643	
26	0.67255538	
27	0.64464608	
28	0.64060857	
29	0.61485032	
30	0.60305698	
31	0.60168481	
32	0.5990109	
33	0.5959725	
34	0.58285194	
35	0.58232475	
36	0.58048287	
37	0.58029326	
38	0.57841095	
39	0.57515908	
40	0.57560258	
41	0.57558239	
42	0.57565556	
43	0.57284304	
44	0.57262514	
45	0.57251339	
50	0.57140638	
55	0.57121168	
60	0.57120928	
65	0.57121605	
70	0.57121464	
75	0.57121446	
80	0.57121459	
85	0.57091177	


ord=1
wave=450 nm
zenith, km	60	
Stoks:	    0.90761798	   -0.36489802	  0.0024385968	             0	
enhancement factor
0	1.0243207	1.0002573	1.0614827	0	
0.1	1.060305	1.0322985	1.0558467	0	
0.2	1.0862699	1.0537113	1.0671708	0	
0.3	1.1118811	1.0746104	1.0695776	0	
0.4	1.1369639	1.0950466	1.0645189	0	
0.5	1.1615727	1.1151377	1.0908519	0	
0.6	1.1855741	1.1349012	1.1127859	0	
0.7	1.2090572	1.1542102	1.1142857	0	
0.8	1.2318909	1.1729184	1.1085865	0	
0.9	1.2539546	1.1910573	1.1188657	0	
1	1.2752274	1.2085997	1.1382298	0	
1.1	1.2958014	1.2256247	1.1525312	0	
1.2	1.3157198	1.2422743	1.1567903	0	
1.3	1.3349815	1.2584899	1.1611655	0	
1.4	1.3536217	1.2742702	1.182997	0	
1.5	1.3716164	1.289575	1.211937	0	
1.6	1.3889366	1.304451	1.2418709	0	
1.7	1.4055978	1.3188499	1.2516322	0	
1.8	1.4216492	1.3327991	1.2587686	0	
1.9	1.4370669	1.3463417	1.2805569	0	
2	1.4588481	1.3657335	1.2905347	0	
2.2	1.4862124	1.3903972	1.3014427	0	
2.4	1.5114745	1.413545	1.340395	0	
2.6	1.5348132	1.4352849	1.3718622	0	
2.8	1.5563339	1.4557507	1.3931629	0	
3	1.5761916	1.4750183	1.4145548	0	
3.2	1.5902167	1.4888445	1.4196735	0	
3.3	1.5990232	1.4976669	1.4349064	0	
3.4	1.6115409	1.5103732	1.4695315	0	
3.6	1.6273068	1.526611	1.5016685	0	
3.8	1.6419229	1.5420095	1.5276159	0	
4	1.6616823	1.5634435	1.5662062	0	
4.4	1.6773159	1.5806484	1.5857988	0	
4.5	1.688407	1.5933203	1.6002389	0	
4.8	1.701616	1.6086311	1.6201443	0	
5	1.7180366	1.6283372	1.6273947	0	
5.5	1.7393948	1.6546452	1.6282727	0	
6	1.7577258	1.6780708	1.6343081	0	
6.47	1.7894636	1.7200556	1.6525772	0	
8	1.8253756	1.7684452	1.7259649	0	
9	1.8485339	1.8005832	1.8028056	0	
10	1.8681792	1.8277911	1.8415893	0	
11	1.8846303	1.8505632	1.8398622	0	
12	1.8985809	1.8702071	1.8403419	0	
13	1.9105212	1.8869684	1.8476278	0	
14	1.9207383	1.9011579	1.8685482	0	
15	1.92948	1.9130911	1.8935606	0	
16	1.9369329	1.9231117	1.907101	0	
17	1.9433367	1.9315323	1.9150971	0	
18	1.9488262	1.9386765	1.9214565	0	
19	1.9535219	1.9448116	1.9295806	0	
20	1.9574413	1.9500062	1.9439983	0	
21	1.9606394	1.9543169	1.9551817	0	
22	1.9632364	1.9578643	1.9622091	0	
23	1.9653032	1.9607635	1.9653417	0	
24	1.9669258	1.9631066	1.9656185	0	
25	1.9681689	1.964985	1.9656155	0	
26	1.969085	1.9664408	1.9672285	0	
27	1.9697164	1.9675368	1.9694886	0	
28	1.9701252	1.9683433	1.969458	0	
29	1.9703486	1.9689124	1.9704974	0	
30	1.9704088	1.9692687	1.9707219	0	
31	1.9703183	1.9694303	1.9698576	0	
32	1.9701042	1.9694338	1.9694482	0	
33	1.9697998	1.9693216	1.9696339	0	
34	1.9694206	1.9691135	1.9700431	0	
35	1.968972	1.9688126	1.9697976	0	
36	1.9684603	1.9684284	1.9689105	0	
37	1.9678954	1.9679736	1.9683185	0	
38	1.9672856	1.9674591	1.9680561	0	
39	1.966638	1.9668941	1.9675013	0	
40	1.965959	1.9662868	1.9666607	0	
41	1.965254	1.9656446	1.9659611	0	
42	1.9645271	1.9649726	1.9653895	0	
43	1.9637813	1.9642747	1.9648566	0	
44	1.9630193	1.9635546	1.9643337	0	
45	1.9606411	1.9612686	1.9620861	0	
50	1.9565942	1.957331	1.9579855	0	
55	1.9524538	1.9532481	1.9537629	0	
60	1.9482824	1.9491059	1.9495524	0	
65	1.9441109	1.9449477	1.9453883	0	
70	1.9399556	1.9407964	1.9412226	0	
75	1.9358251	1.9366646	1.9370884	0	
80	1.9317244	1.9325598	1.9329782	0	
85	1.927656	1.928486	1.9289016	0	


precision, %
wave=450 nm
height, km	60	
0	0.045466784	
0.1	0.037811654	
0.2	0.034777208	
0.3	0.031422377	
0.4	0.02917955	
0.5	0.026887668	
0.6	0.0254676	
0.7	0.024783345	
0.8	0.023598157	
0.9	0.022702015	
1	0.021690613	
1.1	0.020616986	
1.2	0.019482668	
1.3	0.01899215	
1.4	0.018710175	
1.5	0.017976266	
1.6	0.017485032	
1.7	0.017065489	
1.8	0.016832924	
1.9	0.016557912	
2	0.016239826	
2.2	0.015565881	
2.4	0.015225433	
2.6	0.014828846	
2.8	0.014481479	
3	0.014027198	
3.2	0.013703364	
3.3	0.013434504	
3.4	0.013284073	
3.6	0.013054493	
3.8	0.012859347	
4	0.012534507	
4.4	0.012322275	
4.5	0.012187683	
4.8	0.012076788	
5	0.011799223	
5.5	0.011543492	
6	0.011191946	
6.47	0.010676348	
8	0.010262498	
9	0.010057059	
10	0.0098208137	
11	0.0097224439	
12	0.0097002884	
13	0.0096419274	
14	0.009582657	
15	0.0095252339	
16	0.0094921848	
17	0.0094322448	
18	0.0093444441	
19	0.009310048	
20	0.0093114774	
21	0.0093122405	
22	0.009279743	
23	0.0092413282	
24	0.0092030452	
25	0.0091749939	
26	0.0091608547	
27	0.0091806797	
28	0.0091741133	
29	0.0091597027	
30	0.0091552837	
31	0.0091548541	
32	0.0091613234	
33	0.0091582885	
34	0.0091563082	
35	0.009154288	
36	0.009152568	
37	0.0091511019	
38	0.009149851	
39	0.0091487824	
40	0.0091478671	
41	0.0091470793	
42	0.0091464	
43	0.009145816	
44	0.009145314	
45	0.0091423263	
50	0.0091405229	
55	0.0091399295	
60	0.0091396565	
65	0.0091395564	
70	0.0091395527	
75	0.0091396023	
80	0.0091396795	
85	0.0091397703	


