RT Model MCC++	 O.Postylyakov	ver.72
MixedSimC<atmos::StoksC,MCSimC<atmos::StoksC,MCWMethodC<atmos::StoksC,SphericalGeomT>>,SSSimC<atmos::StoksC,MCSimC<atmos::StoksC,MSSMethodC<atmos::StoksC,SphericalGeomT,1000>>>>	ps::cLCG2C	Density: double	AMFs: Yes	ORDERS_ACCOUNT: ATM_COLLGS_ORDERS
photons passed	base/max expendeture	EPS-breakes	MaxCollgs-Breaks	MinPhWgt-Breaks	average colligions
20000	0.0141953/0.0195084	0	0	0	3.10235	
SpecialSamplingCollgs	ForceCollgSimul	EPS	ssEPS	MaxCollgs	MinPhWgt	BaseMod	
1	0	0.001	1e-12	500	1e-300	0	
Albedo	time	IY
0.05	0.0359333	{ 636759272 1826742488 ; 40014 40692 2147483563 2147483399 }	
 -6370.99	 -6370.99	 -5791.81	 -5212.63	 -4633.45	 -4054.27	 -3475.09	  -2895.9	 -2316.72	 -1737.54	 -1158.36	 -579.181	-9.09495e-13	  12.8571	  25.7143	  38.5714	  51.4286	  64.2857	  77.1429	       90	
        0	        0	0.0080361	 0.024108	 0.040179	 0.056251	 0.072322	 0.088394	  0.10447	  0.12054	  0.13661	  0.15268	  0.16875	0.0039284	0.0039364	0.0039443	0.0039522	0.0039601	 0.003968	 0.003976	
        0	        0	        0	        0	        0	        0	        0	        0	        0	        0	        0	        0	        0	        0	        0	        0	        0	        0	        0	        0	
        0	        0	        0	        0	        0	        0	        0	        0	        0	        0	        0	        0	        0	        0	        0	        0	        0	        0	        0	        0	

-------------------------------------------------
tet=75  fi=0
	60	
450	0.10648	

	60	
450	-1.31	

	60	
450	0.33173	



ord=1
	60	
450	67.167	

	60	
450	0.45616	

	60	
450	0.0041022	

enhancement factor
ord=0
wave=450 nm
zenith, km	60	
Stoks:	     6.6905542	   0.087648154	  -0.013419652	-0.00016402387	
enhancement factor
0	3.9151857	4.4990124	5.4151209	3.6914941	
0.1	3.883126	5.3462665	5.2621866	4.1841696	
0.2	3.7415305	5.7046246	5.5666196	7.2422606	
0.3	3.626484	5.6256199	6.126062	6.4524618	
0.4	3.5207434	6.094682	6.641997	2.6025938	
0.5	3.404393	6.1168362	5.9538997	4.3555219	
0.6	3.3092723	6.4913378	4.617761	-2.1095761	
0.7	3.2117637	6.5604604	4.5447389	-4.5770782	
0.8	3.1209756	6.2324711	3.6051107	-2.0926	
0.9	3.0560842	6.1233825	2.8926596	-6.2657606	
1	2.9905641	6.1489246	3.1718766	-14.134558	
1.1	2.9350213	6.1875379	3.71729	-10.752429	
1.2	2.8868813	6.3534525	3.8627682	-4.2162171	
1.3	2.8523223	6.8522815	5.6032979	-18.278382	
1.4	2.7973604	6.4992708	6.1764435	-24.285069	
1.5	2.7508583	6.0712647	4.9360593	-10.679334	
1.6	2.7071225	5.9927883	3.8963855	-14.641246	
1.7	2.6603205	5.8416364	3.2198441	-7.7089651	
1.8	2.6435839	5.9595471	6.6308942	-29.024574	
1.9	2.6155203	6.0404525	2.9143754	1.8054017	
2	2.578317	5.9178391	1.7191721	-3.7162181	
2.2	2.5307981	5.700362	2.3985187	-9.2664376	
2.4	2.5013441	6.0844521	3.4911985	-16.757352	
2.6	2.4553772	5.731508	4.7593931	-17.700021	
2.8	2.4227841	5.9215935	4.8771908	-9.9219634	
3	2.4098937	6.1618381	4.2902793	-17.268506	
3.2	2.3858121	6.1153966	3.7773688	-16.308072	
3.3	2.3706276	6.0157541	3.1745516	-5.7442298	
3.4	2.3554865	5.8991636	3.3762919	-7.9077815	
3.6	2.337753	5.8364018	3.2888456	-6.901399	
3.8	2.3209391	5.6040219	4.0814194	3.4623243	
4	2.3147612	5.7566137	4.4433399	-3.1225974	
4.4	2.2895149	5.3863712	3.5152218	-3.9784966	
4.5	2.2843682	5.4402014	4.437318	7.651091	
4.8	2.274948	5.8509021	4.2618917	16.33424	
5	2.2648537	5.5623902	5.7631968	11.574574	
5.5	2.2466551	5.8636662	5.8961415	9.5571534	
6	2.2231551	5.4283407	5.2800808	17.897676	
6.47	2.2053127	5.5566623	2.7630794	6.4975786	
8	2.1717406	5.0979653	1.5866477	2.4179447	
9	2.1525628	4.8884613	2.4480019	11.328756	
10	2.1395004	4.5482031	-0.71254045	4.8751906	
11	2.1231096	4.1394047	-0.58915799	10.33636	
12	2.1050694	4.4065767	1.5304398	20.825643	
13	2.1052994	4.7454582	2.8297573	12.557972	
14	2.0949177	4.4957717	4.9339005	7.2277771	
15	2.0678038	3.5485463	2.2965906	9.7827712	
16	2.0570056	2.9984696	3.3906883	-1.531922	
17	2.0409116	2.9396781	1.0924409	4.4354806	
18	2.0354877	2.8453574	-0.69786997	2.4847139	
19	2.023731	2.7006775	1.1048749	5.3402911	
20	2.0136859	2.5519082	1.3769331	3.8453109	
21	2.0064483	2.3661146	1.3268816	-5.8654786	
22	1.9994222	2.245795	1.8138427	-3.1246656	
23	1.9976847	2.4241476	1.6901495	0.34655838	
24	1.9927802	2.2869035	1.8230536	1.5059248	
25	1.9911682	2.3352181	1.2042565	-1.6006541	
26	1.9855636	2.1775716	1.5393538	1.7326239	
27	1.9822247	2.1110534	1.759064	2.9057681	
28	1.9789542	2.0424071	1.782385	4.3866559	
29	1.9768858	2.0136344	1.8416737	4.3935562	
30	1.9774268	1.9408415	2.0499242	7.2797451	
31	1.9733265	2.0087966	2.0164691	3.241653	
32	1.9720757	2.0059326	2.0150894	3.1807124	
33	1.9700837	1.990679	1.9513906	2.9357889	
34	1.9684921	1.9824419	2.0281836	2.3344231	
35	1.9674617	1.9787766	2.0158652	2.4307193	
36	1.9663938	1.9791935	1.9906722	2.3745453	
37	1.9653931	1.977656	1.9853098	2.3161642	
38	1.9643302	1.9704646	1.9878248	2.1758278	
39	1.9634125	1.9676463	1.9923228	2.1523513	
40	1.9625084	1.9660281	1.9960369	2.1377932	
41	1.9615028	1.9663169	1.9781219	2.1194827	
42	1.9605831	1.966811	1.9785399	2.091667	
43	1.9596048	1.9647471	1.987525	2.1042289	
44	1.9584464	1.9590076	2.0086884	2.1616538	
45	1.9557835	1.9556265	1.9981199	2.1253987	
50	1.9513622	1.9499393	1.9560972	1.8931255	
55	1.9470961	1.9457386	1.95181	1.8895126	
60	1.9428776	1.9415587	1.9475625	1.8857762	
65	1.938701	1.9374066	1.9433524	1.8820701	
70	1.9345633	1.9332857	1.9391792	1.8783939	
75	1.9304628	1.9291978	1.9350424	1.8747472	
80	1.9263983	1.9251436	1.9309415	1.8711296	
85	1.922369	1.9211236	1.926876	1.8675408	


precision, %
wave=450 nm
height, km	60	
0	0.35487419	
0.1	0.35573549	
0.2	0.37456361	
0.3	0.40308634	
0.4	0.38740343	
0.5	0.40472887	
0.6	0.41942616	
0.7	0.46143336	
0.8	0.4311446	
0.9	0.44097233	
1	0.41685435	
1.1	0.44044185	
1.2	0.48433252	
1.3	0.5668319	
1.4	0.52215603	
1.5	0.48818376	
1.6	0.53411309	
1.7	0.47441439	
1.8	0.53349324	
1.9	0.49057399	
2	0.48398482	
2.2	0.56200229	
2.4	0.50050572	
2.6	0.48703867	
2.8	0.4755662	
3	0.5019506	
3.2	0.49077963	
3.3	0.47482344	
3.4	0.48357803	
3.6	0.49266593	
3.8	0.48681498	
4	0.55192825	
4.4	0.51619862	
4.5	0.53775165	
4.8	0.57523056	
5	0.565476	
5.5	0.57450207	
6	0.53825182	
6.47	0.56604467	
8	0.56979011	
9	0.54949351	
10	0.65116195	
11	0.63352433	
12	0.63400008	
13	0.67354534	
14	0.68376783	
15	0.47811615	
16	0.53591961	
17	0.42569613	
18	0.43783668	
19	0.39788241	
20	0.36754696	
21	0.35770526	
22	0.34807232	
23	0.39459379	
24	0.35548969	
25	0.37102776	
26	0.3450898	
27	0.34342661	
28	0.33384104	
29	0.33391885	
30	0.36075026	
31	0.33269314	
32	0.33271722	
33	0.33232927	
34	0.33146578	
35	0.33166728	
36	0.33119183	
37	0.33103534	
38	0.33099158	
39	0.33108813	
40	0.33098261	
41	0.33116985	
42	0.33123235	
43	0.33131822	
44	0.3311744	
45	0.33125693	
50	0.33171867	
55	0.33172215	
60	0.33172394	
65	0.33172487	
70	0.33172537	
75	0.33172565	
80	0.33172581	
85	0.33172592	


ord=1
wave=450 nm
zenith, km	60	
Stoks:	     4.4938407	   -0.02049928	 -0.0051486323	             0	
enhancement factor
0	3.8506001	4.4780507	7.4334718	0	
0.1	3.7938279	4.4989241	7.4425774	0	
0.2	3.6218851	4.4129549	7.4308572	0	
0.3	3.4716715	4.3366469	7.4389368	0	
0.4	3.3401093	4.2692336	7.4467787	0	
0.5	3.2241276	4.2085575	7.4551033	0	
0.6	3.1065757	3.4468984	3.2926644	0	
0.7	3.0119564	3.2275859	2.3064582	0	
0.8	2.930744	3.1789243	2.3052183	0	
0.9	2.8582373	3.1341341	2.3026915	0	
1	2.7932398	3.094049	2.3068897	0	
1.1	2.7348403	3.0586418	2.3080541	0	
1.2	2.682122	3.0249717	2.311494	0	
1.3	2.6344286	2.9908842	2.3179399	0	
1.4	2.5912001	2.9617778	2.3154973	0	
1.5	2.5519071	2.9359474	2.3094623	0	
1.6	2.5161652	2.910982	2.3091007	0	
1.7	2.4835667	2.8862071	2.3138325	0	
1.8	2.4537613	2.8621255	2.3196013	0	
1.9	2.4264975	2.8395033	2.323411	0	
2	2.3904752	2.8081123	2.3217731	0	
2.2	2.348023	2.7705544	2.3230123	0	
2.4	2.3119506	2.7366481	2.326378	0	
2.6	2.2789951	2.6842922	2.1267974	0	
2.8	2.2517236	2.6467523	2.0466188	0	
3	2.2289166	2.6203188	2.0428773	0	
3.2	2.2135877	2.6017471	2.0422189	0	
3.3	2.2044067	2.5898998	2.041125	0	
3.4	2.1919644	2.5727674	2.0374572	0	
3.6	2.1769416	2.5509714	2.0333372	0	
3.8	2.1637684	2.5299929	2.0305565	0	
4	2.1472928	2.5016956	2.0289169	0	
4.4	2.1348665	2.4794017	2.0282757	0	
4.5	2.1267759	2.4626675	2.0266003	0	
4.8	2.1174946	2.4428729	2.026254	0	
5	2.1069559	2.4172761	2.0266544	0	
5.5	2.0942955	2.3825857	2.0292352	0	
6	2.084272	2.3183475	2.0019042	0	
6.47	2.0689928	2.2499289	1.9930572	0	
8	2.0532008	2.1887378	1.992766	0	
9	2.04401	2.1499123	1.9892906	0	
10	2.0356574	2.1199169	1.9880869	0	
11	2.0281446	2.0971235	1.9881338	0	
12	2.0220362	2.0769792	1.9882165	0	
13	2.0166691	2.0600524	1.9864093	0	
14	2.0117456	2.045882	1.9828702	0	
15	2.0072084	2.0347255	1.9819661	0	
16	2.0029892	2.0254422	1.9811141	0	
17	1.9990301	2.0181251	1.9807036	0	
18	1.9953568	2.0122455	1.9787742	0	
19	1.992066	2.0069829	1.9782439	0	
20	1.9891716	2.002021	1.9785207	0	
21	1.9866194	1.9977794	1.9783433	0	
22	1.9843477	1.9939785	1.9772315	0	
23	1.9823089	1.9906382	1.9762692	0	
24	1.9804628	1.9876488	1.9754095	0	
25	1.9787723	1.9843261	1.9768315	0	
26	1.9772208	1.9817748	1.9764703	0	
27	1.9757837	1.9796086	1.975574	0	
28	1.9744386	1.9776251	1.9746793	0	
29	1.9731676	1.9758079	1.9728473	0	
30	1.9719601	1.9740526	1.9709607	0	
31	1.9708068	1.972341	1.9700802	0	
32	1.9696994	1.9708945	1.9685129	0	
33	1.9686303	1.9694952	1.9670344	0	
34	1.9675913	1.9681082	1.9657596	0	
35	1.9665788	1.9667167	1.9649197	0	
36	1.9655903	1.9655027	1.9640428	0	
37	1.9646212	1.9643377	1.9631675	0	
38	1.9636685	1.9632145	1.9622938	0	
39	1.9627298	1.9621272	1.9614216	0	
40	1.9618029	1.9610705	1.960551	0	
41	1.9608861	1.9600394	1.9596819	0	
42	1.9599779	1.9590305	1.9588145	0	
43	1.9590773	1.9580417	1.9579485	0	
44	1.9581828	1.9570553	1.9574022	0	
45	1.955539	1.9542191	1.9553584	0	
50	1.9511931	1.9496723	1.9510768	0	
55	1.9469186	1.94529	1.946833	0	
60	1.9426968	1.9410136	1.9426267	0	
65	1.9385194	1.9368122	1.9384572	0	
70	1.9343821	1.9326685	1.9343241	0	
75	1.9302825	1.9285726	1.9302268	0	
80	1.9262193	1.9245182	1.9261648	0	
85	1.9221915	1.9205016	1.9221378	0	


precision, %
wave=450 nm
height, km	60	
0	0.0085151976	
0.1	0.007211857	
0.2	0.0064256322	
0.3	0.0056776661	
0.4	0.0053328478	
0.5	0.0049593768	
0.6	0.0047297348	
0.7	0.0046139279	
0.8	0.0043621663	
0.9	0.0043089742	
1	0.0041611942	
1.1	0.0040262824	
1.2	0.0040275833	
1.3	0.0040186469	
1.4	0.0039327126	
1.5	0.0038688756	
1.6	0.0039057633	
1.7	0.0039584971	
1.8	0.0039769506	
1.9	0.0039487906	
2	0.0039870315	
2.2	0.0039536905	
2.4	0.0039074992	
2.6	0.0039373649	
2.8	0.0039689842	
3	0.003946986	
3.2	0.0039640462	
3.3	0.0039798915	
3.4	0.0040068747	
3.6	0.0040128933	
3.8	0.0040348122	
4	0.0040152386	
4.4	0.0039955139	
4.5	0.0039724607	
4.8	0.0039645839	
5	0.0039877752	
5.5	0.0040168008	
6	0.0040418645	
6.47	0.0040315926	
8	0.0040045485	
9	0.004000591	
10	0.0039944069	
11	0.0040158549	
12	0.0040299926	
13	0.0040522324	
14	0.0040620555	
15	0.0040751126	
16	0.0040745439	
17	0.0040732174	
18	0.0040774734	
19	0.0040909006	
20	0.004082117	
21	0.0040807944	
22	0.0040825056	
23	0.0040846567	
24	0.0040871444	
25	0.0040887821	
26	0.0040901384	
27	0.0040912634	
28	0.0040922026	
29	0.0040954865	
30	0.0040956561	
31	0.0040964575	
32	0.0040969204	
33	0.0040973073	
34	0.0040990036	
35	0.0041031024	
36	0.0041033283	
37	0.0041035173	
38	0.0041036755	
39	0.0041038081	
40	0.0041039193	
41	0.0041040129	
42	0.0041040916	
43	0.0041041578	
44	0.0041039162	
45	0.0041040291	
50	0.0041041505	
55	0.0041042023	
60	0.0041042218	
65	0.0041042258	
70	0.004104222	
75	0.0041042143	
80	0.0041042046	
85	0.0041041941	


-------------------------------------------------
tet=75  fi=90
	60	
450	0.028829708	

	60	
450	-28.656291	

	60	
450	0.73682163	



ord=1
	60	
450	34.477843	

	60	
450	-35.629459	

	60	
450	0.029486293	

enhancement factor
ord=0
wave=450 nm
zenith, km	60	
Stoks:	      1.811424	    0.51908693	-0.00037879247	 -0.0032670675	
enhancement factor
0	4.0295104	3.9444328	172.25176	3.9658539	
0.1	4.0344863	3.996607	266.50944	4.0360663	
0.2	3.9606021	3.9944745	307.27671	4.7302675	
0.3	3.8868342	3.9433047	392.09794	4.7243402	
0.4	3.8388176	3.9178962	444.54858	4.6877716	
0.5	3.7601276	3.8361368	437.4218	5.1293122	
0.6	3.6974453	3.8081081	419.47879	4.4933554	
0.7	3.5974202	3.744052	392.45674	4.2299975	
0.8	3.5160891	3.663716	400.70869	3.7427156	
0.9	3.4517504	3.6166813	386.54058	3.3753852	
1	3.4022123	3.5737742	387.90728	3.3782702	
1.1	3.3794359	3.5681293	432.23073	3.6688985	
1.2	3.3421422	3.5389492	446.41474	3.6802694	
1.3	3.3186438	3.5549143	466.55291	3.2798563	
1.4	3.2544044	3.4777305	474.4463	2.7780082	
1.5	3.1999425	3.3910572	432.33567	3.276857	
1.6	3.1578819	3.3587978	398.82456	3.1471995	
1.7	3.0727949	3.2780848	365.84531	3.3565735	
1.8	3.090428	3.298623	448.93736	2.4546429	
1.9	3.0816928	3.3044373	396.57633	3.5702734	
2	3.0367817	3.2496969	341.09404	3.2432936	
2.2	2.9739721	3.2018743	328.26463	2.9377445	
2.4	2.9687211	3.2416441	368.33047	2.449033	
2.6	2.8918012	3.1119024	368.1897	2.4254535	
2.8	2.8672004	3.0950498	350.1103	2.7531457	
3	2.8848094	3.1057554	404.74011	1.7597592	
3.2	2.8405638	3.0866962	380.25045	2.0646552	
3.3	2.8089198	3.056892	353.04062	3.0575991	
3.4	2.7765798	3.0186317	347.43304	3.0053998	
3.6	2.7558194	2.9805141	329.28054	2.8419335	
3.8	2.7342927	2.9254466	360.00579	3.2296328	
4	2.7302957	2.9130344	411.83992	2.9377912	
4.4	2.6826425	2.8582086	372.43229	2.8059406	
4.5	2.6846953	2.8536238	406.67332	3.0369904	
4.8	2.6795182	2.9133905	386.83299	3.3942849	
5	2.6799091	2.8777547	444.65704	3.0713936	
5.5	2.6526582	2.8809304	400.99158	3.3850699	
6	2.5958355	2.7700579	342.00558	3.6953918	
6.47	2.5607487	2.7479925	351.15386	3.3207234	
8	2.4743293	2.6452095	264.59814	3.1069055	
9	2.4329958	2.626596	274.86097	3.5797565	
10	2.4060953	2.5924966	186.54088	2.6874823	
11	2.3536716	2.4637705	167.80219	3.0529175	
12	2.3250819	2.460688	159.94891	3.5286025	
13	2.3356492	2.5058862	219.67954	3.3573734	
14	2.301451	2.4446408	250.48244	3.0376082	
15	2.2207465	2.3143734	153.83694	2.8663688	
16	2.2109017	2.2259964	204.30438	1.3877159	
17	2.1611915	2.2266421	62.770459	1.92686	
18	2.1509303	2.2164016	51.212932	1.7577331	
19	2.1188659	2.1679762	86.307641	1.7878262	
20	2.0844056	2.1354059	45.554382	2.1544073	
21	2.0694789	2.0980278	9.0576663	1.4144119	
22	2.0453984	2.0573997	26.978774	1.602343	
23	2.0410289	2.0601854	40.971257	1.9630432	
24	2.0275345	2.0387396	34.748469	2.0154808	
25	2.0235028	2.0475646	22.755892	2.1001481	
26	2.0090505	2.0167584	17.101317	2.0545119	
27	2.0015796	2.0031135	16.13718	2.0366947	
28	1.994335	1.9926092	12.386123	2.0971668	
29	1.9906815	1.987033	11.865269	2.0955434	
30	1.9958674	1.961636	37.965423	2.2520605	
31	1.984398	1.9816969	12.776348	2.0610043	
32	1.9826701	1.9803979	11.865064	2.0550418	
33	1.9782707	1.9764235	6.8210418	2.043957	
34	1.9748932	1.9752292	8.0234163	2.005212	
35	1.9736847	1.9739083	7.8748964	2.0053737	
36	1.9723498	1.972583	6.9466314	2.0055752	
37	1.9711826	1.9714071	6.7046762	2.003777	
38	1.9696939	1.9699361	6.3406104	1.9952596	
39	1.9687618	1.9688295	6.4687566	1.9937754	
40	1.9678777	1.9677804	6.5639569	1.9921906	
41	1.9666487	1.9665083	5.7696032	1.9914374	
42	1.9656715	1.9656948	6.0041128	1.9878336	
43	1.9645542	1.9645514	5.6488191	1.985779	
44	1.9629631	1.9628472	4.5891121	1.9835534	
45	1.9601908	1.9600961	4.3429402	1.9774931	
50	1.9554325	1.9554277	2.7431171	1.9570791	
55	1.9511279	1.9511066	2.833738	1.9527233	
60	1.9468722	1.9468402	2.8777319	1.9484668	
65	1.9426603	1.9426229	2.8958601	1.9442479	
70	1.9384894	1.9384491	2.8990938	1.940066	
75	1.9343567	1.9343151	2.8946344	1.9359206	
80	1.9302609	1.9302188	2.8862792	1.9318113	
85	1.9262009	1.9261586	2.8760814	1.9277376	


precision, %
wave=450 nm
height, km	60	
0	0.78462044	
0.1	0.87824627	
0.2	0.8358587	
0.3	0.86967382	
0.4	0.87884374	
0.5	0.93274157	
0.6	0.95856872	
0.7	0.99727882	
0.8	0.94147965	
0.9	0.97122575	
1	0.97564192	
1.1	1.0252914	
1.2	1.0509974	
1.3	1.271522	
1.4	1.1827075	
1.5	1.0710344	
1.6	1.2428104	
1.7	0.98509792	
1.8	1.1398824	
1.9	1.0933369	
2	1.1062166	
2.2	1.1438743	
2.4	1.1595819	
2.6	1.056066	
2.8	1.101956	
3	1.3085179	
3.2	1.2835019	
3.3	1.142999	
3.4	1.087442	
3.6	1.1240879	
3.8	1.1149835	
4	1.221312	
4.4	1.1880894	
4.5	1.2510056	
4.8	1.5079039	
5	1.522233	
5.5	1.6426312	
6	1.5230368	
6.47	1.5101857	
8	1.398342	
9	1.3312848	
10	1.6171616	
11	1.5606536	
12	1.8932432	
13	2.0328954	
14	1.9202783	
15	1.2426847	
16	1.9280836	
17	1.2806691	
18	1.2820816	
19	1.1227124	
20	0.93321039	
21	1.0482975	
22	0.87509405	
23	1.0455262	
24	0.84928593	
25	0.85943233	
26	0.77226066	
27	0.76699035	
28	0.74528015	
29	0.74550139	
30	0.84257272	
31	0.74597063	
32	0.74597592	
33	0.73995226	
34	0.73950024	
35	0.7399771	
36	0.737375	
37	0.73646173	
38	0.73583345	
39	0.73579978	
40	0.73556657	
41	0.73586834	
42	0.73568891	
43	0.73497574	
44	0.73449146	
45	0.73490135	
50	0.73604315	
55	0.7360613	
60	0.73607082	
65	0.73607781	
70	0.73608324	
75	0.73608787	
80	0.73609208	
85	0.73609606	


ord=1
wave=450 nm
zenith, km	60	
Stoks:	    0.62453992	     0.2225202	    0.36164697	             0	
enhancement factor
0	3.8316922	3.7524785	3.7554684	0	
0.1	3.6921048	3.6555418	3.6614356	0	
0.2	3.5458207	3.5396273	3.5449578	0	
0.3	3.4189696	3.4372528	3.4418649	0	
0.4	3.3102724	3.3460485	3.3501461	0	
0.5	3.2146964	3.2643998	3.268076	0	
0.6	3.1303869	3.1911364	3.1943149	0	
0.7	3.0559995	3.1251003	3.1278717	0	
0.8	2.9890714	3.0657315	3.0680841	0	
0.9	2.9295748	3.0123042	3.0142449	0	
1	2.8760423	2.9638917	2.9654426	0	
1.1	2.8280844	2.9195549	2.9209441	0	
1.2	2.7842732	2.8788956	2.8800498	0	
1.3	2.7442339	2.8416724	2.8423318	0	
1.4	2.7076795	2.8070103	2.8075978	0	
1.5	2.6740202	2.7747689	2.7754888	0	
1.6	2.6432627	2.7449439	2.7456554	0	
1.7	2.61491	2.7173707	2.7178898	0	
1.8	2.5885839	2.6917759	2.6920339	0	
1.9	2.5643495	2.6678894	2.667941	0	
2	2.5317535	2.6354208	2.6352892	0	
2.2	2.4926129	2.5958818	2.5956058	0	
2.4	2.4583918	2.560808	2.5604041	0	
2.6	2.4283748	2.5293892	2.5289683	0	
2.8	2.401771	2.5012546	2.5007851	0	
3	2.3780837	2.475753	2.4753068	0	
3.2	2.3616878	2.4579375	2.457502	0	
3.3	2.3515962	2.4468531	2.4464282	0	
3.4	2.3375639	2.4312645	2.4308704	0	
3.6	2.3201395	2.4117004	2.4113444	0	
3.8	2.3042567	2.3936417	2.3932726	0	
4	2.2832119	2.3691631	2.3688263	0	
4.4	2.2668383	2.3499018	2.3496058	0	
4.5	2.2553488	2.336133	2.3358596	0	
4.8	2.2417628	2.3196709	2.3194375	0	
5	2.2250969	2.2989663	2.2987723	0	
5.5	2.2036248	2.2719906	2.2717663	0	
6	2.1853419	2.2486813	2.2484042	0	
6.47	2.1544351	2.2082781	2.2080132	0	
8	2.1205877	2.1638628	2.1635387	0	
9	2.0992647	2.1354384	2.1351935	0	
10	2.081461	2.1117581	2.1115581	0	
11	2.0667037	2.0921146	2.0919501	0	
12	2.054222	2.0754327	2.0752814	0	
13	2.043562	2.0612929	2.0611745	0	
14	2.0344199	2.049356	2.0492613	0	
15	2.0266197	2.0392183	2.0391448	0	
16	2.0198932	2.0306254	2.030545	0	
17	2.0140311	2.0232363	2.0231613	0	
18	2.0088732	2.0167979	2.0167648	0	
19	2.0043116	2.011141	2.0111199	0	
20	2.0002775	2.0061962	2.0061526	0	
21	1.9967534	2.0018743	2.001827	0	
22	1.9936428	1.9980838	1.9980418	0	
23	1.9908813	1.9947363	1.9947013	0	
24	1.9884075	1.9917703	1.9917398	0	
25	1.9861861	1.9891186	1.9890951	0	
26	1.9841764	1.9867445	1.9867267	0	
27	1.9823484	1.9846093	1.9845964	0	
28	1.9806655	1.9826646	1.9826558	0	
29	1.9790915	1.9808726	1.980881	0	
30	1.9776158	1.9792247	1.9792438	0	
31	1.9762423	1.9777099	1.9777111	0	
32	1.9749523	1.9762828	1.9762861	0	
33	1.9737195	1.9749307	1.9749358	0	
34	1.9725311	1.973645	1.9736472	0	
35	1.9713831	1.9724244	1.9724171	0	
36	1.9702826	1.9712464	1.9712404	0	
37	1.9692159	1.9701135	1.9701084	0	
38	1.9681781	1.9690188	1.9690145	0	
39	1.9671648	1.9679565	1.967953	0	
40	1.9661724	1.9669218	1.9669189	0	
41	1.9651975	1.9659101	1.9659077	0	
42	1.9642376	1.9649182	1.9649163	0	
43	1.9632911	1.9639438	1.9639423	0	
44	1.9623524	1.9629861	1.9629795	0	
45	1.9596094	1.9601998	1.9601846	0	
50	1.9551427	1.9556703	1.9556561	0	
55	1.950788	1.9512803	1.9512666	0	
60	1.9465082	1.94698	1.9469666	0	
65	1.942285	1.9427446	1.9427311	0	
70	1.9381103	1.9385616	1.9385482	0	
75	1.9339776	1.934423	1.9344098	0	
80	1.9298836	1.9303245	1.9303114	0	
85	1.9258264	1.9262634	1.9262504	0	


precision, %
wave=450 nm
height, km	60	
0	0.061508396	
0.1	0.053241275	
0.2	0.047134686	
0.3	0.04139022	
0.4	0.038620234	
0.5	0.035688221	
0.6	0.033666103	
0.7	0.032616253	
0.8	0.030677876	
0.9	0.030153599	
1	0.028982138	
1.1	0.027922609	
1.2	0.027823361	
1.3	0.027662412	
1.4	0.026988224	
1.5	0.026480447	
1.6	0.026669703	
1.7	0.026969311	
1.8	0.027040615	
1.9	0.026801856	
2	0.027004774	
2.2	0.026723853	
2.4	0.026370639	
2.6	0.026516094	
2.8	0.026702781	
3	0.026552663	
3.2	0.026670982	
3.3	0.026783009	
3.4	0.026973011	
3.6	0.027030578	
3.8	0.027199999	
4	0.027112592	
4.4	0.027019334	
4.5	0.026901186	
4.8	0.026894237	
5	0.027118919	
5.5	0.027418158	
6	0.027687176	
6.47	0.027813339	
8	0.027861215	
9	0.027995171	
10	0.028081599	
11	0.028328735	
12	0.028515596	
13	0.028743213	
14	0.028872302	
15	0.02901033	
16	0.029044585	
17	0.029064305	
18	0.029116805	
19	0.029228245	
20	0.029187171	
21	0.029193438	
22	0.029218559	
23	0.029244622	
24	0.029271715	
25	0.029291161	
26	0.029307547	
27	0.029321305	
28	0.029332961	
29	0.029360421	
30	0.029367274	
31	0.029376352	
32	0.029382329	
33	0.029387486	
34	0.02940133	
35	0.029430935	
36	0.029434183	
37	0.02943695	
38	0.029439314	
39	0.029441336	
40	0.029443072	
41	0.029444571	
42	0.02944587	
43	0.029446992	
44	0.02944634	
45	0.029448768	
50	0.029451259	
55	0.029452647	
60	0.029453475	
65	0.029454012	
70	0.02945437	
75	0.029454639	
80	0.02945486	
85	0.029455056	


-------------------------------------------------
tet=75  fi=180
	60	
450	0.027981906	

	60	
450	17.38042	

	60	
450	0.7295134	



ord=1
	60	
450	34.963529	

	60	
450	27.64849	

	60	
450	0.029920849	

enhancement factor
ord=0
wave=450 nm
zenith, km	60	
Stoks:	      1.758155	   -0.30557473	 -0.0087944873	 0.00056623598	
enhancement factor
0	4.042773	3.548783	3.711167	4.0490099	
0.1	4.0513236	3.2391401	3.353654	3.9520126	
0.2	3.9905493	2.9780672	3.239699	2.9975688	
0.3	3.9334222	2.7938001	4.0037603	2.9746405	
0.4	3.8812064	2.6668765	4.4489361	2.8675346	
0.5	3.7832909	2.5707894	5.2175453	0.73857644	
0.6	3.7453521	2.3900169	3.2332066	3.665942	
0.7	3.6700661	2.2737256	2.69912	5.4108304	
0.8	3.5989449	2.2078423	4.2139338	3.8376528	
0.9	3.5423585	2.1703639	3.2976079	1.5584966	
1	3.49129	2.1088486	4.4571296	1.725842	
1.1	3.4794037	2.0478487	5.8194095	1.087157	
1.2	3.429775	1.9515878	4.7586766	2.6405656	
1.3	3.3878865	1.8810518	3.702625	5.9700247	
1.4	3.3434524	1.8310116	6.3214818	6.4801031	
1.5	3.3007655	1.8957282	4.2431303	7.7156075	
1.6	3.2576498	1.8978465	2.7431644	7.263418	
1.7	3.1907395	1.8668344	2.9141426	6.2945082	
1.8	3.21395	1.8196897	8.4711736	9.2849515	
1.9	3.1883884	1.8051137	4.3800558	8.1523426	
2	3.1267777	1.765528	3.2324837	6.3905459	
2.2	3.0624802	1.8262944	1.8025726	5.3020487	
2.4	3.0511716	1.7322239	4.190151	4.2223551	
2.6	2.9916427	1.7832841	5.3411864	5.5588605	
2.8	2.9526965	1.7298334	4.991204	5.9565249	
3	2.9704018	1.6426231	1.1636077	6.750367	
3.2	2.9227366	1.6453434	0.6559171	5.4822468	
3.3	2.9025778	1.6423461	2.2207074	4.280187	
3.4	2.8729269	1.663256	2.8983648	3.754724	
3.6	2.8396187	1.6866645	3.8225859	2.986315	
3.8	2.8247792	1.7365367	4.725451	1.605996	
4	2.8394877	1.5945831	6.6429914	-0.45917093	
4.4	2.7628618	1.7645496	5.8199651	1.3408638	
4.5	2.7529887	1.7830474	6.4006922	-1.5020366	
4.8	2.7412949	1.7060705	4.4675377	-1.6036406	
5	2.7407899	1.7054821	9.0433755	0.076947218	
5.5	2.6989069	1.646997	6.9043714	-0.51868129	
6	2.6353488	1.7344168	5.7722296	-3.1861845	
6.47	2.6009628	1.6416571	5.0174503	0.91313408	
8	2.5054745	1.6836849	2.23051	2.7006654	
9	2.4500594	1.6590768	1.9972419	2.5173551	
10	2.4277375	1.6461684	0.98817781	2.9943299	
11	2.3853077	1.7422667	0.54590781	-0.8563089	
12	2.318642	1.7079327	3.0251375	-3.385528	
13	2.3322327	1.6428409	3.2708493	-8.983689	
14	2.3148748	1.619697	1.2597883	-0.70110472	
15	2.2352692	1.7821936	1.1005666	1.1495988	
16	2.2048906	1.8633864	1.6102423	4.1782117	
17	2.1723374	1.8256505	-0.83720982	5.3509319	
18	2.1745567	1.9073664	-0.28086895	10.326341	
19	2.1328081	1.9095556	1.5746012	7.4599861	
20	2.0976249	1.9030287	1.2602822	3.130496	
21	2.0859727	1.914629	-0.047344616	7.0906891	
22	2.0599033	1.9451007	1.2250578	4.2241091	
23	2.0502005	1.9245124	2.6757661	1.6184473	
24	2.0363051	1.9519384	2.4365814	1.3508882	
25	2.0401432	1.9075826	0.86859513	3.1129193	
26	2.0195524	1.958267	1.718707	1.811155	
27	2.009595	1.9769333	2.0962231	1.244833	
28	2.002566	1.9836878	1.9938996	0.99969931	
29	1.9986078	1.9866215	2.0354763	1.0095106	
30	2.0096312	2.0293818	2.6099667	-0.81882113	
31	1.9910716	1.9840966	2.2086317	1.3533351	
32	1.9889458	1.9822647	2.2042657	1.4095585	
33	1.9844009	1.9830468	2.0995891	1.5512062	
34	1.981038	1.9806973	2.1318923	1.7882814	
35	1.9798166	1.9798725	2.1125703	1.8160752	
36	1.9783185	1.9786121	2.0737174	1.8334702	
37	1.97708	1.9774535	2.0733334	1.819707	
38	1.9757421	1.9762038	2.1134076	1.7584408	
39	1.9748372	1.9756222	2.115321	1.7665194	
40	1.9738812	1.9749649	2.1223683	1.7586476	
41	1.972392	1.9738332	2.1211965	1.7666051	
42	1.9713505	1.9724545	2.126587	1.7850847	
43	1.9702098	1.9713702	2.1170014	1.789088	
44	1.9686638	1.9695741	2.1036922	1.7959103	
45	1.9658334	1.9671339	2.0770193	1.8239467	
50	1.9608366	1.9633716	1.966467	1.9472866	
55	1.956477	1.9589502	1.9619795	1.9432691	
60	1.9521723	1.9546083	1.9576532	1.9390986	
65	1.9479151	1.9503226	1.9533653	1.9349643	
70	1.9437005	1.9460844	1.9491154	1.9308658	
75	1.9395254	1.9418885	1.9449028	1.9268026	
80	1.9353882	1.937732	1.9407271	1.9227742	
85	1.9312875	1.9336128	1.9365877	1.9187801	


precision, %
wave=450 nm
height, km	60	
0	0.77105922	
0.1	0.81403742	
0.2	0.85169732	
0.3	0.87539132	
0.4	0.87697272	
0.5	0.90290702	
0.6	1.0365683	
0.7	1.0551921	
0.8	0.9604233	
0.9	0.95942631	
1	1.009474	
1.1	1.1036673	
1.2	1.1014132	
1.3	1.1152818	
1.4	1.0997967	
1.5	1.0690262	
1.6	1.1470283	
1.7	1.0355814	
1.8	1.1973703	
1.9	1.2023509	
2	1.0689778	
2.2	1.1174651	
2.4	1.1303978	
2.6	1.1072129	
2.8	1.1600183	
3	1.2898405	
3.2	1.2075636	
3.3	1.1945399	
3.4	1.1656081	
3.6	1.1817511	
3.8	1.2506276	
4	1.6498905	
4.4	1.2830146	
4.5	1.2813598	
4.8	1.3272576	
5	1.5493793	
5.5	1.4743409	
6	1.3200793	
6.47	1.3952067	
8	1.274013	
9	1.238439	
10	1.66594	
11	1.5519858	
12	1.4770066	
13	1.6949835	
14	1.9464928	
15	1.271299	
16	1.3041531	
17	1.1741412	
18	1.3400906	
19	1.1594117	
20	0.95988599	
21	1.1288951	
22	0.91813289	
23	0.97016591	
24	0.8615805	
25	1.0944779	
26	0.80606911	
27	0.78374159	
28	0.76048793	
29	0.7562729	
30	1.0688627	
31	0.73683038	
32	0.73762605	
33	0.73417132	
34	0.73094703	
35	0.73135065	
36	0.72906656	
37	0.72795459	
38	0.72494339	
39	0.72515603	
40	0.72500224	
41	0.72636229	
42	0.7266596	
43	0.72681212	
44	0.72781438	
45	0.72826365	
50	0.72918721	
55	0.72920083	
60	0.72921001	
65	0.72921564	
70	0.72921933	
75	0.72922198	
80	0.72922408	
85	0.7292259	


ord=1
wave=450 nm
zenith, km	60	
Stoks:	    0.61471303	   -0.16995887	  0.0007237058	             0	
enhancement factor
0	3.8588198	3.7570456	7.5333533	0	
0.1	3.7383776	3.6801786	7.7740191	0	
0.2	3.608627	3.5748422	7.8493996	0	
0.3	3.4958996	3.4815202	7.7840782	0	
0.4	3.3992211	3.3982258	7.7203533	0	
0.5	3.3138183	3.3233324	7.6532647	0	
0.6	3.2381103	3.2554831	7.583607	0	
0.7	3.171012	3.1939808	7.5366592	0	
0.8	3.110312	3.1380895	7.5433589	0	
0.9	3.0562164	3.0875049	7.5591285	0	
1	3.0073469	3.0416667	7.5272688	0	
1.1	2.9633331	2.9997952	7.5169928	0	
1.2	2.9227894	2.9610075	7.4907557	0	
1.3	2.8854273	2.9247191	7.44325	0	
1.4	2.8510335	2.8912939	7.4584393	0	
1.5	2.8190873	2.8603149	7.4990138	0	
1.6	2.7896722	2.8313392	7.4994899	0	
1.7	2.7623431	2.804124	7.4641072	0	
1.8	2.736758	2.7785577	7.4214743	0	
1.9	2.7130181	2.7545809	7.3926369	0	
2	2.6806923	2.7216854	7.4010571	0	
2.2	2.6413929	2.6815419	7.3882757	0	
2.4	2.6064309	2.6455504	7.3604443	0	
2.6	2.5734798	2.6142365	6.9181827	0	
2.8	2.5242104	2.5978962	1.898871	0	
3	2.4986901	2.5707962	1.9234168	0	
3.2	2.4807884	2.551744	1.9268505	0	
3.3	2.4696197	2.5397702	1.9336285	0	
3.4	2.4538862	2.5227558	1.9580527	0	
3.6	2.434103	2.5012469	1.9851799	0	
3.8	2.4157631	2.4811018	2.0029486	0	
4	2.3908903	2.4536014	2.0119501	0	
4.4	2.3713115	2.4318732	2.0143804	0	
4.5	2.357214	2.4160453	2.0244296	0	
4.8	2.3403779	2.3971054	2.0249468	0	
5	2.3191945	2.3729598	2.0195059	0	
5.5	2.2914067	2.3410576	1.9978429	0	
6	2.2672261	2.3129813	2.0042106	0	
6.47	2.225477	2.2642684	1.9775864	0	
8	2.1793415	2.2101868	1.9702946	0	
9	2.1498632	2.1755392	1.9865672	0	
10	2.1250312	2.1465318	1.9875589	0	
11	2.1042615	2.1223851	1.9802334	0	
12	2.0866964	2.1018676	1.9726572	0	
13	2.0717946	2.0845304	1.977465	0	
14	2.0591459	2.0698912	1.9936799	0	
15	2.0484558	2.0576027	1.9927081	0	
16	2.0393492	2.0471902	1.9914005	0	
17	2.0315162	2.0383382	1.9872088	0	
18	2.0247026	2.0307149	1.9928715	0	
19	2.018722	2.0240281	1.9896618	0	
20	2.0134749	2.0181562	1.9812616	0	
21	2.0089275	2.0130795	1.9757636	0	
22	2.0049513	2.0086451	1.976216	0	
23	2.0014574	2.0047628	1.975723	0	
24	1.998365	2.0013447	1.9745827	0	
25	1.9956189	1.998316	1.9736864	0	
26	1.9931667	1.9956241	1.9727917	0	
27	1.9909667	1.9932218	1.9718986	0	
28	1.988968	1.9910502	1.9710072	0	
29	1.9871235	1.9890672	1.9758099	0	
30	1.9854179	1.9872429	1.9808541	0	
31	1.9838505	1.9855586	1.9767524	0	
32	1.9823955	1.9840122	1.975856	0	
33	1.981019	1.9825561	1.9749612	0	
34	1.9797048	1.9811693	1.9739709	0	
35	1.978448	1.9798464	1.9728475	0	
36	1.9772532	1.9785993	1.9719581	0	
37	1.9761049	1.9774061	1.9710703	0	
38	1.9749961	1.9762585	1.9701842	0	
39	1.9739208	1.9751496	1.9692996	0	
40	1.9728737	1.9740735	1.9684167	0	
41	1.9718504	1.9730247	1.9675354	0	
42	1.9708475	1.9719993	1.9666557	0	
43	1.9698611	1.9709941	1.9660492	0	
44	1.9688728	1.9699986	1.9664041	0	
45	1.966049	1.9671402	1.9606722	0	
50	1.9614724	1.9625163	1.9563475	0	
55	1.9570365	1.9580514	1.9520612	0	
60	1.9526909	1.9536865	1.9478129	0	
65	1.9484105	1.9493921	1.9436019	0	
70	1.9441823	1.945153	1.9394279	0	
75	1.9399989	1.9409603	1.9352903	0	
80	1.9358559	1.936809	1.9311886	0	
85	1.9317508	1.932696	1.9271222	0	


precision, %
wave=450 nm
height, km	60	
0	0.061972627	
0.1	0.05333251	
0.2	0.046955026	
0.3	0.041026974	
0.4	0.038108124	
0.5	0.035068814	
0.6	0.032953695	
0.7	0.031823581	
0.8	0.029848163	
0.9	0.029262324	
1	0.028058091	
1.1	0.026976198	
1.2	0.026830176	
1.3	0.026629129	
1.4	0.025946035	
1.5	0.025429208	
1.6	0.02558658	
1.7	0.025850431	
1.8	0.025896763	
1.9	0.025650956	
2	0.025825736	
2.2	0.025542051	
2.4	0.025194067	
2.6	0.025343714	
2.8	0.025737695	
3	0.025602553	
3.2	0.025725039	
3.3	0.025841162	
3.4	0.026035024	
3.6	0.026107231	
3.8	0.02628915	
4	0.026239037	
4.4	0.026179068	
4.5	0.026090873	
4.8	0.026115916	
5	0.026376995	
5.5	0.02673351	
6	0.027057921	
6.47	0.027306168	
8	0.027504061	
9	0.027739256	
10	0.027916772	
11	0.028238321	
12	0.028490661	
13	0.028772526	
14	0.028948847	
15	0.029125722	
16	0.029195971	
17	0.029246352	
18	0.029322624	
19	0.029449968	
20	0.029433162	
21	0.029456763	
22	0.029495152	
23	0.029532192	
24	0.029568664	
25	0.029595909	
26	0.029618886	
27	0.029638188	
28	0.029654557	
29	0.029685882	
30	0.029697182	
31	0.029709288	
32	0.029717717	
33	0.029725003	
34	0.029740275	
35	0.029769955	
36	0.029774586	
37	0.029778545	
38	0.029781939	
39	0.029784854	
40	0.029787369	
41	0.029789553	
42	0.029791456	
43	0.029793133	
44	0.029793789	
45	0.029797624	
50	0.029801516	
55	0.029803866	
60	0.029805427	
65	0.029806566	
70	0.029807474	
75	0.029808254	
80	0.029808966	
85	0.02980964	


