RT Model MCC++	 O.Postylyakov	ver.72
MixedSimC<atmos::StoksC,MCSimC<atmos::StoksC,MCWMethodC<atmos::StoksC,SphericalGeomT>>,SSSimC<atmos::StoksC,MCSimC<atmos::StoksC,MSSMethodC<atmos::StoksC,SphericalGeomT,1000>>>>	ps::cLCG2C	Density: double	AMFs: Yes	ORDERS_ACCOUNT: ATM_COLLGS_ORDERS
photons passed	base/max expendeture	EPS-breakes	MaxCollgs-Breaks	MinPhWgt-Breaks	average colligions
20000	0.0254/0.033042	0	0	0	3.2329	
SpecialSamplingCollgs	ForceCollgSimul	EPS	ssEPS	MaxCollgs	MinPhWgt	BaseMod	
1	0	0.001	1e-12	500	1e-300	0	
Albedo	time	IY
0.05	0.0382333	{ 495766952 792695116 ; 40014 40692 2147483563 2147483399 }	
 -6370.99	 -6370.99	 -5791.81	 -5212.63	 -4633.45	 -4054.27	 -3475.09	  -2895.9	 -2316.72	 -1737.54	 -1158.36	 -579.181	-9.09495e-13	  12.8571	  25.7143	  38.5714	  51.4286	  64.2857	  77.1429	       90	
        0	        0	0.0080361	 0.024108	 0.040179	 0.056251	 0.072322	 0.088394	  0.10447	  0.12054	  0.13661	  0.15268	  0.16875	0.0039284	0.0039364	0.0039443	0.0039522	0.0039601	 0.003968	 0.003976	
        0	        0	        0	        0	        0	        0	        0	        0	        0	        0	        0	        0	        0	        0	        0	        0	        0	        0	        0	        0	
        0	        0	        0	        0	        0	        0	        0	        0	        0	        0	        0	        0	        0	        0	        0	        0	        0	        0	        0	        0	

-------------------------------------------------
tet=85  fi=0
	60	
450	0.057205	

	60	
450	-0.063774	

	60	
450	0.55824	



ord=1
	60	
450	50.661	

	60	
450	2.6439	

	60	
450	0.012381	

enhancement factor
ord=0
wave=450 nm
zenith, km	60	
Stoks:	     3.5942765	  0.0022922275	 -0.0094822982	 -4.444023e-05	
enhancement factor
0	10.914426	43.299129	11.801767	6.6867871	
0.1	9.0115642	72.737139	4.5236341	-19.742244	
0.2	7.0750703	98.481524	4.1799559	-28.1032	
0.3	5.7447882	125.88581	0.4789065	-3.184171	
0.4	4.7835715	103.86469	-0.3499901	-46.327219	
0.5	4.133711	112.60779	3.7083833	-9.9237434	
0.6	3.6665215	121.50165	2.6712307	1.4027885	
0.7	3.3516072	126.21822	1.2063722	-19.498289	
0.8	3.1020797	111.70664	2.3141574	-10.614713	
0.9	2.9222079	101.41649	3.6617347	-32.030889	
1	2.7876783	101.60297	2.9205337	-39.981094	
1.1	2.6743958	99.182802	3.2343824	-21.502981	
1.2	2.5949758	100.72091	3.1191991	28.945793	
1.3	2.5200195	98.97523	3.2723269	23.234667	
1.4	2.4644945	100.07086	2.8928784	-12.796174	
1.5	2.4072853	88.044349	2.8028444	7.5665699	
1.6	2.3752165	85.8755	2.4813751	18.463919	
1.7	2.351321	90.523739	3.1438225	19.573248	
1.8	2.324963	85.768203	3.2471845	1.7489468	
1.9	2.3093	83.953556	2.8988303	-0.70040549	
2	2.2862013	82.345265	4.029778	-19.840036	
2.2	2.2483432	76.524329	4.8508399	-5.1455594	
2.4	2.2320304	70.041603	4.7559579	-3.2334246	
2.6	2.2140287	71.296932	5.0767052	-14.015623	
2.8	2.1970624	67.360139	4.3539346	-32.304167	
3	2.1901411	70.161438	4.1578766	-37.348116	
3.2	2.18376	71.114095	4.3695843	-62.044808	
3.3	2.1895521	74.12475	5.093909	-67.862879	
3.4	2.2024558	76.235403	6.9455637	-56.132156	
3.6	2.1852746	67.656017	5.663997	-38.019211	
3.8	2.1664952	66.564404	4.6863484	-9.4347229	
4	2.1576235	71.247042	4.9939454	-16.765809	
4.4	2.1562173	73.952678	5.4637063	-26.935857	
4.5	2.1520342	72.752002	4.8636965	-31.900483	
4.8	2.1526521	68.783598	5.5216092	-51.718389	
5	2.1427087	63.451857	5.3312699	-39.015565	
5.5	2.1433696	71.532489	5.6816216	-24.538148	
6	2.1453848	81.941797	3.9574813	-38.496592	
6.47	2.1260142	67.44427	5.54549	-14.461894	
8	2.1078199	55.587252	4.615937	-17.876635	
9	2.1019098	53.544379	4.166941	-5.3420865	
10	2.1014028	33.342078	-0.73707363	76.37978	
11	2.0905139	41.741286	-1.4884798	74.433929	
12	2.0862099	36.251077	-4.7592162	66.348733	
13	2.0727858	30.560679	-1.5335721	55.374849	
14	2.0513464	25.147208	-0.25186605	47.682471	
15	2.0442091	22.910699	0.098947354	42.401833	
16	2.0348782	20.284055	0.83926023	30.826342	
17	2.0247742	17.528975	-1.0992529	31.980094	
18	2.0222043	19.701907	-0.47701529	0.42462499	
19	2.0112894	14.926376	0.22808584	15.744338	
20	2.0032424	13.791245	2.6230493	-5.2354447	
21	1.9947555	4.9716549	1.5047677	-15.499758	
22	1.9915264	6.034895	1.3955534	-4.0228301	
23	1.9872287	6.0363939	1.5308138	1.2461048	
24	1.9848384	5.3292002	1.4090494	2.0367577	
25	1.982353	4.1741717	1.4628852	4.4437895	
26	1.9808277	3.6129562	1.5322152	4.6492534	
27	1.9789093	2.8836658	1.523639	5.3419084	
28	1.9772035	2.6586023	1.4650669	6.4504841	
29	1.9753359	2.4103488	1.5744282	6.3127705	
30	1.9728077	2.481832	1.7333187	5.0697967	
31	1.9712325	2.6001058	1.7726976	4.4871456	
32	1.9700381	2.6780997	1.8549922	3.3604803	
33	1.9690946	2.5727755	1.9000392	2.0483493	
34	1.9687063	2.0697882	1.7708044	0.74678562	
35	1.9677939	2.0659138	1.7753028	0.73219337	
36	1.9667456	1.9564372	1.7794832	0.46872158	
37	1.9657198	1.8858311	1.7921701	0.49065395	
38	1.9646778	1.8791827	1.7896708	0.54026978	
39	1.9635258	1.8924851	1.8150775	0.81694527	
40	1.9620332	2.1849442	1.957196	2.4027666	
41	1.9611312	2.1700748	1.9606131	2.411351	
42	1.9600936	2.0906801	1.9847857	2.4752728	
43	1.9592326	2.0894826	1.9842193	2.4703869	
44	1.9583844	2.0880256	1.9842042	2.4615589	
45	1.9557289	1.9831358	1.9708599	2.324295	
50	1.951405	1.8543177	1.9496508	2.1574857	
55	1.9471244	1.8598037	1.9353843	1.8959989	
60	1.9429131	1.8567119	1.9311901	1.8924926	
65	1.938739	1.8537369	1.9269293	1.8890905	
70	1.9346034	1.8503421	1.9228772	1.8849679	
75	1.9304939	1.8403791	1.9203106	1.9049176	
80	1.9264087	1.8229567	1.9194272	1.9522055	
85	1.9223795	1.8197146	1.9154618	1.9479007	


precision, %
wave=450 nm
height, km	60	
0	0.54415187	
0.1	0.57620578	
0.2	0.61759633	
0.3	0.71070597	
0.4	0.69893395	
0.5	0.66961358	
0.6	0.70920245	
0.7	0.71270268	
0.8	0.67997401	
0.9	0.7116162	
1	0.76789358	
1.1	0.74892187	
1.2	0.79547024	
1.3	0.77430633	
1.4	0.7453638	
1.5	0.70912237	
1.6	0.71754403	
1.7	0.75637765	
1.8	0.748542	
1.9	0.78268594	
2	0.79152159	
2.2	0.73016174	
2.4	0.74482267	
2.6	0.71197141	
2.8	0.69696905	
3	0.70046898	
3.2	0.6821871	
3.3	0.71845513	
3.4	0.81123848	
3.6	0.73787819	
3.8	0.70700451	
4	0.68774173	
4.4	0.71418877	
4.5	0.70256182	
4.8	0.72517103	
5	0.71238228	
5.5	0.7484982	
6	0.84267973	
6.47	0.76200883	
8	0.80953689	
9	0.90540873	
10	0.99167908	
11	0.92466503	
12	1.1149657	
13	0.94310282	
14	0.76975846	
15	0.73757535	
16	0.74336139	
17	0.74106303	
18	0.88482071	
19	0.70984645	
20	0.65836656	
21	0.59530391	
22	0.59572878	
23	0.58653018	
24	0.58467174	
25	0.5838174	
26	0.58313986	
27	0.58067416	
28	0.58115787	
29	0.57721082	
30	0.56530901	
31	0.56109353	
32	0.55943306	
33	0.55843698	
34	0.55960355	
35	0.55961259	
36	0.56034527	
37	0.5611663	
38	0.56107783	
39	0.56100846	
40	0.56028177	
41	0.56003838	
42	0.55874528	
43	0.55875097	
44	0.55876729	
45	0.55859302	
50	0.55827306	
55	0.55838999	
60	0.55839986	
65	0.55840971	
70	0.5584085	
75	0.55840822	
80	0.55841062	
85	0.55840943	


ord=1
wave=450 nm
zenith, km	60	
Stoks:	     1.8209029	  -0.048143471	-4.7975361e-05	             0	
enhancement factor
0	11.343278	11.259579	18.026515	0	
0.1	9.5527576	9.5986545	13.556798	0	
0.2	7.2236132	7.337157	4.9900742	0	
0.3	5.6954919	5.8265826	1.7025275	0	
0.4	4.6689972	4.7995195	0.17293786	0	
0.5	3.965036	4.0864266	0.13052397	0	
0.6	3.4728347	3.5830374	1.4815314	0	
0.7	3.1223618	3.224508	1.8074711	0	
0.8	2.8685192	2.9616955	2.4071211	0	
0.9	2.6819415	2.7672658	2.3008358	0	
1	2.5427413	2.6212505	2.9268404	0	
1.1	2.4372837	2.5112524	3.3078311	0	
1.2	2.3562885	2.4251154	3.3941883	0	
1.3	2.293286	2.3574122	2.6676055	0	
1.4	2.2437128	2.3038264	2.2945111	0	
1.5	2.204319	2.260833	2.0550479	0	
1.6	2.1727101	2.2258802	1.9491527	0	
1.7	2.1470996	2.197033	1.8796036	0	
1.8	2.1261724	2.1731024	1.8479395	0	
1.9	2.108933	2.1532021	1.8009199	0	
2	2.0887898	2.1297595	1.7644813	0	
2.2	2.0683354	2.1055133	1.6553735	0	
2.4	2.0535351	2.0875366	1.4955114	0	
2.6	2.0425567	2.0737743	1.5676605	0	
2.8	2.0342258	2.0629221	1.8855542	0	
3	2.0278015	2.054371	1.8511636	0	
3.2	2.0238427	2.0489931	1.907188	0	
3.3	2.0216028	2.0458747	1.9028402	0	
3.4	2.0187112	2.0417626	1.8397504	0	
3.6	2.0152683	2.0361807	1.8552386	0	
3.8	2.0125466	2.0319665	1.8237377	0	
4	2.0093763	2.0269832	1.7440388	0	
4.4	2.0071249	2.0233856	1.7597228	0	
4.5	2.005711	2.0210118	1.7668161	0	
4.8	2.0041398	2.0183239	1.7674798	0	
5	2.0023882	2.0152038	1.7613452	0	
5.5	2.0003243	2.0112287	1.9104717	0	
6	1.9987212	2.0080151	2.09184	0	
6.47	1.9962148	2.0032359	2.0892117	0	
8	1.9936013	1.9983235	2.0294346	0	
9	1.9919481	1.9954077	1.9932908	0	
10	1.9904623	1.9930518	1.9926637	0	
11	1.9891034	1.9911109	1.9902385	0	
12	1.987854	1.9893605	1.9895507	0	
13	1.9866734	1.9877941	1.9896623	0	
14	1.9855401	1.9863821	1.9887122	0	
15	1.9844441	1.9850802	1.987765	0	
16	1.9833777	1.9838636	1.9868207	0	
17	1.982335	1.9827124	1.9858792	0	
18	1.9813132	1.9816097	1.9849406	0	
19	1.9803126	1.9805421	1.9839776	0	
20	1.9793309	1.9795017	1.9815589	0	
21	1.9783665	1.9784889	1.9806416	0	
22	1.9774155	1.977497	1.9797264	0	
23	1.9764755	1.9765227	1.9787735	0	
24	1.9755447	1.9755629	1.9771971	0	
25	1.9746218	1.9746155	1.9762933	0	
26	1.9737055	1.9736784	1.9748484	0	
27	1.972795	1.9727508	1.9739203	0	
28	1.9718894	1.9718307	1.9730265	0	
29	1.970988	1.9709169	1.9721344	0	
30	1.9700904	1.9700089	1.9712439	0	
31	1.9691962	1.9691061	1.9703551	0	
32	1.9683052	1.9682077	1.9694679	0	
33	1.9674168	1.9673123	1.9684167	0	
34	1.966531	1.9664207	1.9674866	0	
35	1.9656476	1.9655326	1.9666059	0	
36	1.9647664	1.9646475	1.9657268	0	
37	1.9638874	1.9637652	1.9648492	0	
38	1.9630105	1.9628854	1.9639732	0	
39	1.9621354	1.962008	1.9631235	0	
40	1.9612623	1.9611329	1.9622514	0	
41	1.960391	1.9602599	1.9613799	0	
42	1.9595215	1.9593889	1.9605101	0	
43	1.9586537	1.9585199	1.9596417	0	
44	1.9577876	1.9576528	1.958775	0	
45	1.955201	1.9550641	1.9562122	0	
50	1.9509189	1.9507801	1.9519688	0	
55	1.9466757	1.9465364	1.9476784	0	
60	1.9424702	1.9423311	1.9434563	0	
65	1.9383017	1.9381633	1.9392869	0	
70	1.9341697	1.9340322	1.9351472	0	
75	1.9300736	1.929937	1.9310434	0	
80	1.9260128	1.9258772	1.9269751	0	
85	1.9219869	1.9218524	1.9229417	0	


precision, %
wave=450 nm
height, km	60	
0	0.015162294	
0.1	0.011457879	
0.2	0.0098879666	
0.3	0.0095960115	
0.4	0.0094577662	
0.5	0.0092456976	
0.6	0.00913708	
0.7	0.0095144636	
0.8	0.0094981727	
0.9	0.0097073389	
1	0.010176085	
1.1	0.010532222	
1.2	0.010881865	
1.3	0.011239099	
1.4	0.011363173	
1.5	0.011453068	
1.6	0.011523785	
1.7	0.011641041	
1.8	0.011706347	
1.9	0.011779223	
2	0.011869446	
2.2	0.011989629	
2.4	0.012060299	
2.6	0.012125551	
2.8	0.012162608	
3	0.012213352	
3.2	0.012242646	
3.3	0.012248479	
3.4	0.012271519	
3.6	0.012297396	
3.8	0.012311032	
4	0.012311804	
4.4	0.012319508	
4.5	0.012326681	
4.8	0.012334849	
5	0.012339433	
5.5	0.012343132	
6	0.012348104	
6.47	0.012357689	
8	0.012361224	
9	0.012363458	
10	0.012372175	
11	0.012374928	
12	0.012378946	
13	0.012381795	
14	0.012383149	
15	0.012384282	
16	0.012385242	
17	0.012386066	
18	0.012386769	
19	0.012387352	
20	0.012387828	
21	0.012388206	
22	0.012388512	
23	0.012388758	
24	0.012388958	
25	0.012389119	
26	0.012389248	
27	0.012389352	
28	0.012389435	
29	0.012389502	
30	0.012389556	
31	0.012389598	
32	0.01238963	
33	0.012389656	
34	0.012389676	
35	0.012389691	
36	0.012389702	
37	0.012389709	
38	0.012389713	
39	0.012389715	
40	0.012389715	
41	0.012389714	
42	0.012389711	
43	0.012389707	
44	0.012389702	
45	0.012389682	
50	0.012389645	
55	0.012389601	
60	0.012389556	
65	0.01238951	
70	0.012389464	
75	0.012389417	
80	0.012389372	
85	0.012389326	


-------------------------------------------------
tet=85  fi=90
	60	
450	0.021698073	

	60	
450	-24.600983	

	60	
450	0.92963484	



ord=1
	60	
450	28.517692	

	60	
450	-32.257517	

	60	
450	0.057930683	

enhancement factor
ord=0
wave=450 nm
zenith, km	60	
Stoks:	     1.3633301	    0.33539261	  -0.073567609	 -0.0016542594	
enhancement factor
0	10.440636	10.491003	11.480447	12.654803	
0.1	8.2333309	8.530526	10.358429	11.959447	
0.2	6.7144863	7.1157833	9.4025225	10.19557	
0.3	5.5979351	6.1307439	7.8483954	11.155182	
0.4	4.744668	5.131863	6.5946966	7.7594228	
0.5	4.2117876	4.6463999	6.3233887	7.0010184	
0.6	3.8192468	4.2686057	5.511117	7.3153033	
0.7	3.5249566	3.970037	5.1028449	6.3422954	
0.8	3.2860441	3.6301836	4.8667653	6.4025117	
0.9	3.1039524	3.3679771	4.7480239	5.058666	
1	2.9844186	3.2460694	4.5408564	4.989772	
1.1	2.8811729	3.1472867	4.3306589	4.745961	
1.2	2.8014887	3.0401172	4.1574212	5.8621404	
1.3	2.7492955	2.9752252	3.970808	5.4277502	
1.4	2.6999003	2.9397829	3.7439183	2.8892939	
1.5	2.5988413	2.8098437	3.7014171	4.7858747	
1.6	2.5728371	2.7985616	3.6778374	4.7253186	
1.7	2.5602912	2.7947871	3.667977	4.884496	
1.8	2.5363486	2.7307155	3.5356996	4.8461844	
1.9	2.5214753	2.7071351	3.4778576	4.4279032	
2	2.4993957	2.6586933	3.4903967	3.8217959	
2.2	2.4704745	2.6057415	3.6604252	4.2608216	
2.4	2.4513723	2.5368881	3.6128632	4.3476101	
2.6	2.442104	2.5494536	3.5800396	3.2218452	
2.8	2.4181313	2.529762	3.4923877	2.6441351	
3	2.4114782	2.5321261	3.4626262	2.1128307	
3.2	2.4144642	2.5396455	3.4224104	1.8108561	
3.3	2.4371593	2.5664281	3.4552522	1.6042983	
3.4	2.4525441	2.555171	3.513128	1.6780741	
3.6	2.4099983	2.4994086	3.4014351	2.2403215	
3.8	2.3819769	2.4670635	3.2493702	3.1119737	
4	2.369391	2.4864348	3.2384643	3.1987135	
4.4	2.3707582	2.5008847	3.2890373	3.1185395	
4.5	2.3730348	2.5111114	3.1867131	2.1481575	
4.8	2.3788907	2.4939898	3.2655773	1.938854	
5	2.35612	2.4454408	3.2199243	2.441467	
5.5	2.3623614	2.4911292	3.2214825	2.2456696	
6	2.3867885	2.5587038	2.9954283	1.1432982	
6.47	2.3266625	2.4398861	3.1081684	2.002901	
8	2.2763509	2.3597346	2.8680372	3.0116557	
9	2.2522236	2.3045686	2.6927356	2.8864515	
10	2.260888	2.2121772	2.5741751	2.4631581	
11	2.2339733	2.2539081	2.3045197	2.9229962	
12	2.2326377	2.2626485	1.7270869	3.83004	
13	2.2076346	2.2241942	2.3137271	3.4655735	
14	2.1383495	2.1825034	2.1876789	3.1231724	
15	2.1204838	2.1684843	2.1970005	3.0049226	
16	2.1050749	2.1565564	2.2124899	3.0330156	
17	2.0778562	2.1286076	2.0237816	2.8641529	
18	2.0731164	2.1603296	1.9322565	2.4840215	
19	2.0519883	2.0980536	1.969428	2.6515868	
20	2.0391861	2.0748988	2.2052641	2.0472505	
21	2.016045	2.0256183	2.0439775	1.9466717	
22	2.0133401	2.0158215	2.0351122	1.8008918	
23	2.0024312	2.0138233	2.0292254	2.0735791	
24	1.9978064	2.006979	2.0049527	2.0620266	
25	1.9929387	1.9972843	2.0112679	2.1281018	
26	1.9904188	1.9924333	2.0222577	2.1342696	
27	1.9875012	1.9884658	2.0108737	2.1314941	
28	1.9847103	1.9856261	1.9944444	2.1548491	
29	1.9822867	1.9821424	1.9944251	2.136834	
30	1.9785457	1.9789845	1.9878807	2.1304224	
31	1.9763201	1.9769681	1.9813162	2.1375392	
32	1.9747686	1.9760459	1.9868762	2.1115649	
33	1.9735494	1.9750844	1.9927106	2.0865088	
34	1.9728453	1.9738075	1.9897958	2.081742	
35	1.971904	1.9728868	1.9891287	2.0776824	
36	1.9705953	1.971351	1.9850447	2.0455155	
37	1.9694465	1.9697939	1.9813035	2.0268514	
38	1.9682607	1.9686811	1.9771607	2.0237806	
39	1.9669467	1.9673296	1.9745426	2.0174454	
40	1.9655167	1.9664222	1.9770473	2.0156971	
41	1.9645844	1.9653853	1.9758774	2.0106914	
42	1.9634334	1.963582	1.9735453	1.9874525	
43	1.9625706	1.9627214	1.9727462	1.9861354	
44	1.9617269	1.9618835	1.9720798	1.9842419	
45	1.9590722	1.9589051	1.9682031	1.9793082	
50	1.9546353	1.9541358	1.9630646	1.9649705	
55	1.9502747	1.9499658	1.9576056	1.9530831	
60	1.9460373	1.945736	1.9532926	1.9488314	
65	1.9418389	1.9415447	1.9489889	1.9446186	
70	1.9376787	1.937387	1.9447694	1.940429	
75	1.933534	1.9332196	1.9407131	1.9368821	
80	1.9294018	1.929036	1.9368379	1.9340591	
85	1.9253491	1.9249861	1.9327269	1.9299692	


precision, %
wave=450 nm
height, km	60	
0	0.98453215	
0.1	1.0524386	
0.2	1.1932907	
0.3	1.2077229	
0.4	1.1857095	
0.5	1.2384518	
0.6	1.2909316	
0.7	1.3025458	
0.8	1.1968102	
0.9	1.1923261	
1	1.2709654	
1.1	1.2253609	
1.2	1.2192693	
1.3	1.3652179	
1.4	1.425567	
1.5	1.1283121	
1.6	1.1704976	
1.7	1.2209515	
1.8	1.1600573	
1.9	1.2780641	
2	1.2148174	
2.2	1.3494227	
2.4	1.1805736	
2.6	1.1754201	
2.8	1.1765925	
3	1.236485	
3.2	1.325751	
3.3	1.5082605	
3.4	1.5880611	
3.6	1.3553316	
3.8	1.377481	
4	1.2962719	
4.4	1.3353923	
4.5	1.4297353	
4.8	1.4634017	
5	1.373697	
5.5	1.4702857	
6	1.9072051	
6.47	1.577413	
8	1.5394511	
9	1.431492	
10	1.8986689	
11	1.7628301	
12	2.5825909	
13	2.1055353	
14	1.4371054	
15	1.3479667	
16	1.3704988	
17	1.3017523	
18	1.4484607	
19	1.2314582	
20	1.2122627	
21	1.0119777	
22	1.027293	
23	0.97248857	
24	0.95591056	
25	0.94609345	
26	0.94465455	
27	0.94164047	
28	0.94323964	
29	0.94031576	
30	0.93332109	
31	0.93119937	
32	0.93009956	
33	0.92978995	
34	0.93043934	
35	0.93031592	
36	0.93223597	
37	0.9338356	
38	0.93403693	
39	0.93325068	
40	0.93240619	
41	0.93200314	
42	0.92977465	
43	0.9298331	
44	0.9299819	
45	0.93012477	
50	0.92996005	
55	0.93005529	
60	0.93007132	
65	0.93008161	
70	0.93007886	
75	0.93003316	
80	0.92994275	
85	0.92994056	


ord=1
wave=450 nm
zenith, km	60	
Stoks:	    0.38879027	    0.12541409	    0.21629722	             0	
enhancement factor
0	9.9929163	9.8503297	9.829526	0	
0.1	7.4339775	7.4464843	7.4484307	0	
0.2	5.7601133	5.8281718	5.8380484	0	
0.3	4.6724716	4.7609558	4.7696352	0	
0.4	3.943635	4.0363004	4.0425944	0	
0.5	3.4443263	3.5329978	3.5366159	0	
0.6	3.0948668	3.1759032	3.177319	0	
0.7	2.8450264	2.9168965	2.9180556	0	
0.8	2.6627594	2.7278678	2.7282117	0	
0.9	2.5284984	2.587903	2.5876711	0	
1	2.4282753	2.482514	2.4816746	0	
1.1	2.3519822	2.4009117	2.4002502	0	
1.2	2.2929394	2.3374239	2.3366718	0	
1.3	2.246475	2.2871655	2.286527	0	
1.4	2.2094336	2.2467985	2.2463131	0	
1.5	2.1796986	2.2140856	2.2137458	0	
1.6	2.1556037	2.1873938	2.1871292	0	
1.7	2.1358439	2.1654817	2.1651914	0	
1.8	2.1195316	2.1472843	2.1469353	0	
1.9	2.1059706	2.1319882	2.1316162	0	
2	2.0898735	2.1135249	2.1132097	0	
2.2	2.0731797	2.0942534	2.094008	0	
2.4	2.0607667	2.0797119	2.0795521	0	
2.6	2.0512752	2.0684869	2.0683478	0	
2.8	2.0438534	2.0596432	2.0594982	0	
3	2.0379468	2.0524703	2.0523419	0	
3.2	2.0342199	2.0478834	2.0477562	0	
3.3	2.0320571	2.045197	2.0450778	0	
3.4	2.0291882	2.0416139	2.0415189	0	
3.6	2.0258536	2.0374114	2.0373332	0	
3.8	2.0230146	2.033816	2.0337348	0	
4	2.0194999	2.0293188	2.0292578	0	
4.4	2.016949	2.0260119	2.0259579	0	
4.5	2.0152597	2.0237827	2.023735	0	
4.8	2.0133434	2.0212433	2.0212031	0	
5	2.0110861	2.0182269	2.0182009	0	
5.5	2.0083311	2.0145539	2.0145223	0	
6	2.0061032	2.0115614	2.0115303	0	
6.47	2.0025183	2.006754	2.0067349	0	
8	1.998793	2.0018812	2.0018581	0	
9	1.9964805	1.998897	1.998888	0	
10	1.9945087	1.9964229	1.9964165	0	
11	1.9927951	1.9943225	1.9943198	0	
12	1.9912513	1.992486	1.9924774	0	
13	1.9898419	1.9908433	1.9908322	0	
14	1.988537	1.9893504	1.9893412	0	
15	1.9873117	1.9879783	1.9879706	0	
16	1.9861485	1.9866999	1.9866934	0	
17	1.9850332	1.9854936	1.9854881	0	
18	1.9839554	1.9843425	1.9843377	0	
19	1.9829078	1.9832341	1.98323	0	
20	1.9818861	1.982162	1.9821583	0	
21	1.9808842	1.9811209	1.9811155	0	
22	1.9799036	1.980106	1.980101	0	
23	1.9789383	1.9791123	1.9791076	0	
24	1.9779857	1.9781363	1.9781318	0	
25	1.9770437	1.9771748	1.9771705	0	
26	1.9761109	1.9762259	1.9762218	0	
27	1.975186	1.9752877	1.9752837	0	
28	1.9742677	1.9743582	1.9743544	0	
29	1.9733549	1.9734361	1.9734323	0	
30	1.972447	1.9725204	1.9725168	0	
31	1.9715438	1.9716107	1.9716071	0	
32	1.9706444	1.970706	1.9707024	0	
33	1.9697484	1.9698054	1.9698019	0	
34	1.9688554	1.9689084	1.968905	0	
35	1.9679654	1.968015	1.9680116	0	
36	1.967078	1.9671248	1.9671214	0	
37	1.9661931	1.9662375	1.9662342	0	
38	1.9653106	1.965353	1.9653497	0	
39	1.9644304	1.964471	1.9644677	0	
40	1.9635522	1.9635914	1.9635881	0	
41	1.9626761	1.962714	1.9627107	0	
42	1.9618019	1.9618387	1.9618354	0	
43	1.9609295	1.9609654	1.9609622	0	
44	1.960059	1.9600941	1.9600909	0	
45	1.9574598	1.9574932	1.95749	0	
50	1.9531578	1.9531891	1.953186	0	
55	1.9488956	1.9489258	1.9489227	0	
60	1.9446719	1.9447014	1.9446984	0	
65	1.9404857	1.9405147	1.9405117	0	
70	1.9363363	1.936365	1.9363619	0	
75	1.932223	1.9322514	1.9322484	0	
80	1.9281454	1.9281735	1.9281705	0	
85	1.9241028	1.9241308	1.9241278	0	


precision, %
wave=450 nm
height, km	60	
0	0.080487699	
0.1	0.068787607	
0.2	0.057883185	
0.3	0.054550648	
0.4	0.052192955	
0.5	0.049619962	
0.6	0.047827897	
0.7	0.048737345	
0.8	0.047795114	
0.9	0.048118623	
1	0.049812517	
1.1	0.051029367	
1.2	0.052289232	
1.3	0.05365132	
1.4	0.053972424	
1.5	0.054182087	
1.6	0.054342019	
1.7	0.054752866	
1.8	0.054948049	
1.9	0.055197366	
2	0.055515486	
2.2	0.055976212	
2.4	0.056243161	
2.6	0.056507071	
2.8	0.056655902	
3	0.056875811	
3.2	0.057004608	
3.3	0.057030144	
3.4	0.057135663	
3.6	0.057251892	
3.8	0.057318576	
4	0.05733392	
4.4	0.057378853	
4.5	0.057419968	
4.8	0.057467662	
5	0.057504017	
5.5	0.057542099	
6	0.057583457	
6.47	0.057658962	
8	0.057709251	
9	0.057739307	
10	0.057792	
11	0.057815032	
12	0.057841675	
13	0.057861133	
14	0.057872373	
15	0.057881361	
16	0.057888599	
17	0.057894495	
18	0.057899355	
19	0.057903388	
20	0.057906718	
21	0.05790952	
22	0.057911751	
23	0.057913586	
24	0.057915098	
25	0.057916348	
26	0.05791738	
27	0.057918228	
28	0.057918934	
29	0.057919525	
30	0.057920019	
31	0.057920427	
32	0.057920767	
33	0.057921057	
34	0.057921305	
35	0.057921516	
36	0.057921694	
37	0.057921845	
38	0.057921973	
39	0.057922083	
40	0.057922177	
41	0.057922258	
42	0.057922329	
43	0.057922391	
44	0.057922444	
45	0.057922564	
50	0.057922713	
55	0.05792281	
60	0.057922881	
65	0.057922939	
70	0.057922991	
75	0.057923038	
80	0.057923083	
85	0.057923127	


-------------------------------------------------
tet=85  fi=180
	60	
450	0.021455618	

	60	
450	9.4944274	

	60	
450	0.90398037	



ord=1
	60	
450	29.743403	

	60	
450	11.738552	

	60	
450	0.056116315	

enhancement factor
ord=0
wave=450 nm
zenith, km	60	
Stoks:	     1.3480962	   -0.12799402	 -0.0064148874	 3.7435776e-05	
enhancement factor
0	10.487631	8.5283269	8.8896487	11.143262	
0.1	8.2987552	5.4650567	1.9950704	38.235458	
0.2	6.7665825	3.5549805	0.27753131	13.586863	
0.3	5.6578651	2.4149269	-4.7608376	25.421633	
0.4	4.8532156	2.0488963	-6.8377681	67.017408	
0.5	4.3019346	1.4405232	-2.0406754	94.378251	
0.6	3.8616272	1.0287962	-3.0237753	54.277364	
0.7	3.5561658	0.82638826	1.1203611	38.430791	
0.8	3.3191121	0.95424452	1.2600903	14.838299	
0.9	3.144933	1.0211838	4.1769939	37.03802	
1	3.030763	0.88218189	4.0486656	-2.9216494	
1.1	2.9175692	0.8605034	3.5152444	-6.4868085	
1.2	2.8357186	0.85117612	2.7613415	-19.57639	
1.3	2.7846797	0.79434027	4.1314713	9.8592661	
1.4	2.7575387	0.6049128	-0.0077730121	204.43123	
1.5	2.6352418	0.92867054	2.8805769	7.6645243	
1.6	2.6157787	0.99262153	3.49445	-10.010774	
1.7	2.5917706	0.88720934	5.0744475	11.605598	
1.8	2.5511525	0.97004228	3.5614629	-4.3774457	
1.9	2.5408814	0.98316406	3.2659806	5.8719919	
2	2.5349326	0.93446353	5.4678596	35.218712	
2.2	2.4906044	1.0631603	7.0251189	-8.3390161	
2.4	2.4713225	1.2053488	7.0273143	-17.648305	
2.6	2.4538404	1.1376462	6.3474661	6.4522712	
2.8	2.4320788	1.1668499	6.1037269	7.8532087	
3	2.4180031	1.2209964	6.4206775	21.499093	
3.2	2.413596	1.2483064	5.4374871	7.9001166	
3.3	2.4291692	1.2546052	4.7139057	-10.27052	
3.4	2.4498291	1.2533117	5.4105631	25.220906	
3.6	2.4221033	1.2559987	2.7039168	22.915604	
3.8	2.3866975	1.3075341	4.2136007	-17.379071	
4	2.3758983	1.2401312	3.968573	-12.891949	
4.4	2.3759019	1.1900494	2.9753871	2.6373669	
4.5	2.3681452	1.2226481	3.9340202	25.151097	
4.8	2.385009	1.326263	5.5462447	57.132364	
5	2.3552981	1.3322457	3.7964632	6.9907539	
5.5	2.3559941	1.19204	3.8371566	16.055343	
6	2.3569655	1.0561711	4.0069798	49.202104	
6.47	2.3189667	1.2093573	4.6033866	21.639173	
8	2.2745813	1.2917859	3.4493096	-7.008392	
9	2.2641435	1.298372	2.3320186	-7.7974844	
10	2.2620415	1.7598384	-0.48904296	-28.05973	
11	2.2403213	1.4853051	-2.2863253	-19.304142	
12	2.2380926	1.5463632	-6.3661769	-33.003515	
13	2.2035015	1.669448	0.16606064	-43.232091	
14	2.143989	1.6659564	0.68756232	-36.32743	
15	2.128708	1.6880998	0.81204897	-30.273875	
16	2.115258	1.6996881	0.8364651	-26.933514	
17	2.0916488	1.7526019	-1.1526111	-30.357443	
18	2.082512	1.6939255	0.14050481	-9.2577229	
19	2.0596215	1.7847587	0.39518042	-15.355894	
20	2.0427514	1.8219375	2.1098636	0.14984131	
21	2.0267295	1.9556439	1.3553026	9.6487067	
22	2.020479	1.9486892	0.82065252	-0.21422399	
23	2.0091707	1.9314854	1.4637075	0.89050957	
24	2.0036163	1.952023	1.3358303	0.29312808	
25	1.9980335	1.9771155	1.5099018	-4.4792657	
26	1.995555	1.9849804	1.6475425	-4.386806	
27	1.9927132	1.9914195	1.5185108	-3.8100127	
28	1.9900437	1.987784	1.4127467	-3.748286	
29	1.9874112	1.9856626	1.4619514	-3.9403626	
30	1.9826839	1.9738886	1.7954273	-2.4608456	
31	1.9798011	1.9681554	1.9561909	-2.0285666	
32	1.9783801	1.9667187	2.0022313	-1.6767222	
33	1.9777105	1.9688107	1.9884164	-0.78895309	
34	1.978217	1.9774437	1.7871854	0.95336318	
35	1.9772463	1.9766639	1.7919589	0.95885706	
36	1.9757	1.9776538	1.7766375	2.1357603	
37	1.9742104	1.9782728	1.7962771	2.5761197	
38	1.9730064	1.9769619	1.7730538	2.9157437	
39	1.9715305	1.9747944	1.7969882	2.6593861	
40	1.9691839	1.9664388	1.9819623	0.94039149	
41	1.968192	1.9659135	1.9862836	0.98405886	
42	1.9667229	1.9671453	2.0171415	1.1968677	
43	1.9658525	1.9663522	2.0170945	1.182397	
44	1.9649983	1.9656951	2.0185398	1.1432054	
45	1.9623835	1.9642147	2.0179893	1.0917696	
50	1.957953	1.9611199	1.987553	1.526164	
55	1.9534914	1.956669	1.9545745	2.0278271	
60	1.94922	1.9523706	1.9501709	2.0223384	
65	1.9449863	1.9481084	1.94566	2.0167477	
70	1.9408008	1.9438955	1.941422	2.0127241	
75	1.9366248	1.9398732	1.9400435	1.9720507	
80	1.9324541	1.9360622	1.9419146	1.8896481	
85	1.9283773	1.9319574	1.937763	1.8860228	


precision, %
wave=450 nm
height, km	60	
0	0.90702128	
0.1	1.046922	
0.2	1.1231944	
0.3	1.1422864	
0.4	1.2400543	
0.5	1.2963186	
0.6	1.2478433	
0.7	1.2053841	
0.8	1.1387681	
0.9	1.1614375	
1	1.2657537	
1.1	1.2270686	
1.2	1.2125502	
1.3	1.3167584	
1.4	1.7552276	
1.5	1.1630041	
1.6	1.4658268	
1.7	1.3886337	
1.8	1.2114632	
1.9	1.2809351	
2	1.5435556	
2.2	1.3088474	
2.4	1.2724047	
2.6	1.1884733	
2.8	1.1997152	
3	1.2209808	
3.2	1.2344601	
3.3	1.3049826	
3.4	1.4140069	
3.6	1.328696	
3.8	1.3161532	
4	1.2011362	
4.4	1.2404667	
4.5	1.2343017	
4.8	1.3510769	
5	1.2483707	
5.5	1.3141066	
6	1.4876551	
6.47	1.4369054	
8	1.4726969	
9	1.6422545	
10	1.9705394	
11	2.082295	
12	2.5198144	
13	1.9772253	
14	1.4473342	
15	1.3699924	
16	1.4593706	
17	1.3900824	
18	1.5753736	
19	1.2870406	
20	1.1766675	
21	1.0744775	
22	1.0731358	
23	1.0038431	
24	0.98223037	
25	0.9705115	
26	0.96865031	
27	0.96609262	
28	0.96546446	
29	0.95902824	
30	0.92549144	
31	0.91371469	
32	0.91121754	
33	0.91140183	
34	0.92322885	
35	0.92284109	
36	0.92223048	
37	0.92117739	
38	0.92129113	
39	0.91896901	
40	0.90861654	
41	0.90774475	
42	0.90325501	
43	0.90329264	
44	0.90338836	
45	0.90370785	
50	0.90375235	
55	0.90373566	
60	0.90377886	
65	0.90382729	
70	0.90382765	
75	0.90384676	
80	0.90389465	
85	0.90389485	


ord=1
wave=450 nm
zenith, km	60	
Stoks:	     0.4009697	  -0.047068038	 0.00017929142	             0	
enhancement factor
0	10.014037	9.8096027	14.546113	0	
0.1	7.4932291	7.5411281	15.8543	0	
0.2	5.8384653	5.9724194	18.10939	0	
0.3	4.7588947	4.9083118	18.956205	0	
0.4	4.0315063	4.1731067	19.333685	0	
0.5	3.5300335	3.6537039	19.316192	0	
0.6	3.1767182	3.2808719	18.929359	0	
0.7	2.9224944	3.0118355	18.814638	0	
0.8	2.7332591	2.8146469	16.235545	0	
0.9	2.5780573	2.6830799	1.6622772	0	
1	2.4747879	2.5697	1.4975996	0	
1.1	2.3956623	2.4832964	1.3978464	0	
1.2	2.3339381	2.4141666	1.3753411	0	
1.3	2.2849793	2.358765	1.5659523	0	
1.4	2.2456371	2.3140832	1.6637582	0	
1.5	2.2137936	2.2775389	1.7264643	0	
1.6	2.1877892	2.2472739	1.7544195	0	
1.7	2.1663089	2.2218288	1.7727481	0	
1.8	2.1484397	2.2003393	1.7813082	0	
1.9	2.1334639	2.1821573	1.7937972	0	
2	2.1154796	2.1601944	1.803763	0	
2.2	2.0966237	2.1368811	1.8324935	0	
2.4	2.082377	2.1189632	1.8742261	0	
2.6	2.0713121	2.1047558	1.8770384	0	
2.8	2.062525	2.0931822	1.898982	0	
3	2.0554198	2.0837268	1.9080442	0	
3.2	2.0508819	2.0776238	1.8939478	0	
3.3	2.0482183	2.0739978	1.8951534	0	
3.4	2.044651	2.0691072	1.9112721	0	
3.6	2.040463	2.0633074	1.916342	0	
3.8	2.0368506	2.0581866	1.9255543	0	
4	2.0323113	2.0517294	1.9457244	0	
4.4	2.0289877	2.0469751	1.9420427	0	
4.5	2.0267461	2.043715	1.9404188	0	
4.8	2.0241895	2.0399754	1.9404123	0	
5	2.0211404	2.0354882	1.9421717	0	
5.5	2.0173936	2.0298875	1.9451635	0	
6	2.0143427	2.025319	1.9462459	0	
6.47	2.0094496	2.018055	1.9461318	0	
8	2.0044394	2.0106709	1.9607845	0	
9	2.0013546	2.0062269	1.9974355	0	
10	1.9988115	2.002701	1.9964179	0	
11	1.9966482	1.999801	1.9954763	0	
12	1.9947513	1.9973022	1.9941053	0	
13	1.9930634	1.9951465	1.992937	0	
14	1.9915385	1.9932651	1.9920093	0	
15	1.9901389	1.9915887	1.9910834	0	
16	1.9888366	1.990071	1.9901593	0	
17	1.9876092	1.9886747	1.9892369	0	
18	1.9864396	1.9873699	1.9883162	0	
19	1.9853154	1.9861337	1.9873973	0	
20	1.98423	1.9849549	1.9864801	0	
21	1.9831783	1.9838264	1.9855646	0	
22	1.9821538	1.9827383	1.9846508	0	
23	1.9811517	1.9816836	1.9837388	0	
24	1.9801684	1.9806566	1.9828285	0	
25	1.9792004	1.9796522	1.9819198	0	
26	1.9782457	1.9786672	1.9810129	0	
27	1.9773021	1.9776988	1.9801076	0	
28	1.9763678	1.9767435	1.979204	0	
29	1.975441	1.9757991	1.9783021	0	
30	1.974521	1.9748643	1.9774019	0	
31	1.9736071	1.9739381	1.9765033	0	
32	1.9726985	1.9730191	1.9756064	0	
33	1.971794	1.9721058	1.9747111	0	
34	1.9708934	1.9711974	1.9738175	0	
35	1.9699962	1.9702929	1.9728763	0	
36	1.9691024	1.9693934	1.971979	0	
37	1.9682117	1.9684979	1.9710907	0	
38	1.9673238	1.9676058	1.970204	0	
39	1.9664384	1.9667169	1.9693189	0	
40	1.9655554	1.9658308	1.9684355	0	
41	1.9646747	1.9649474	1.9675536	0	
42	1.9637961	1.9640665	1.9666733	0	
43	1.9629196	1.9631879	1.9657947	0	
44	1.962045	1.9623115	1.9649176	0	
45	1.9594344	1.9596967	1.9622974	0	
50	1.9551145	1.9553714	1.9579443	0	
55	1.9508356	1.9510887	1.9536435	0	
60	1.9465958	1.946846	1.9493814	0	
65	1.9423939	1.9426416	1.9451575	0	
70	1.9382291	1.9384746	1.9409711	0	
75	1.9341007	1.9343442	1.9368213	0	
80	1.9300082	1.9302497	1.9327075	0	
85	1.925951	1.9261905	1.9286293	0	


precision, %
wave=450 nm
height, km	60	
0	0.077761714	
0.1	0.066009069	
0.2	0.055187489	
0.3	0.051716659	
0.4	0.049272857	
0.5	0.046732422	
0.6	0.045003085	
0.7	0.045846099	
0.8	0.045031	
0.9	0.045663409	
1	0.047306354	
1.1	0.048498852	
1.2	0.049735408	
1.3	0.051070611	
1.4	0.051424318	
1.5	0.051669744	
1.6	0.051864906	
1.7	0.052294699	
1.8	0.052517883	
1.9	0.052788725	
2	0.053135732	
2.2	0.053626819	
2.4	0.053929076	
2.6	0.054221816	
2.8	0.054400707	
3	0.05464154	
3.2	0.05478563	
3.3	0.05482386	
3.4	0.054942872	
3.6	0.05507627	
3.8	0.055161144	
4	0.055205615	
4.4	0.055270381	
4.5	0.05532485	
4.8	0.055388026	
5	0.055444812	
5.5	0.055509566	
6	0.05557229	
6.47	0.055681002	
8	0.055766574	
9	0.055817408	
10	0.055882281	
11	0.055917006	
12	0.05595198	
13	0.055978115	
14	0.055995091	
15	0.056008616	
16	0.056019466	
17	0.056028267	
18	0.056035498	
19	0.056041502	
20	0.056046463	
21	0.056050526	
22	0.05605387	
23	0.056056629	
24	0.056058909	
25	0.056060803	
26	0.056062371	
27	0.056063669	
28	0.056064755	
29	0.056065672	
30	0.056066445	
31	0.05606709	
32	0.056067634	
33	0.056068104	
34	0.056068512	
35	0.056068869	
36	0.056069174	
37	0.056069438	
38	0.056069669	
39	0.056069872	
40	0.056070052	
41	0.056070213	
42	0.056070358	
43	0.05607049	
44	0.05607061	
45	0.056070907	
50	0.056071327	
55	0.056071668	
60	0.05607197	
65	0.05607225	
70	0.056072518	
75	0.056072778	
80	0.056073033	
85	0.056073285	


