RT Model MCC++	 O.Postylyakov	ver.72
MixedSimC<atmos::StoksC,MCSimC<atmos::StoksC,MCWMethodC<atmos::StoksC,SphericalGeomT>>,SSSimC<atmos::StoksC,MCSimC<atmos::StoksC,MSSMethodC<atmos::StoksC,SphericalGeomT,1000>>>>	ps::cLCG2C	Density: double	AMFs: Yes	ORDERS_ACCOUNT: ATM_COLLGS_ORDERS
photons passed	base/max expendeture	EPS-breakes	MaxCollgs-Breaks	MinPhWgt-Breaks	average colligions
20000	0.0272675/0.0351179	0	0	0	3.24665	
SpecialSamplingCollgs	ForceCollgSimul	EPS	ssEPS	MaxCollgs	MinPhWgt	BaseMod	
1	0	0.001	1e-12	500	1e-300	0	
Albedo	time	IY
0.05	0.0382667	{ 253827049 262107308 ; 40014 40692 2147483563 2147483399 }	
 -6370.99	 -6370.99	 -5791.81	 -5212.63	 -4633.45	 -4054.27	 -3475.09	  -2895.9	 -2316.72	 -1737.54	 -1158.36	 -579.181	-9.09495e-13	  12.8571	  25.7143	  38.5714	  51.4286	  64.2857	  77.1429	       90	
        0	        0	0.0080361	 0.024108	 0.040179	 0.056251	 0.072322	 0.088394	  0.10447	  0.12054	  0.13661	  0.15268	  0.16875	0.0039284	0.0039364	0.0039443	0.0039522	0.0039601	 0.003968	 0.003976	
        0	        0	        0	        0	        0	        0	        0	        0	        0	        0	        0	        0	        0	        0	        0	        0	        0	        0	        0	        0	
        0	        0	        0	        0	        0	        0	        0	        0	        0	        0	        0	        0	        0	        0	        0	        0	        0	        0	        0	        0	

-------------------------------------------------
tet=86  fi=0
	60	
450	0.053638	

	60	
450	0.17946	

	60	
450	0.56009	



ord=1
	60	
450	49.249	

	60	
450	2.9499	

	60	
450	0.013235	

enhancement factor
ord=0
wave=450 nm
zenith, km	60	
Stoks:	     3.3701979	 -0.0060483244	 -0.0029544389	 4.1694794e-05	
enhancement factor
0	13.190851	0.60865809	5.8374478	-7.5659414	
0.1	9.7848052	-20.653886	8.2939333	58.264216	
0.2	7.0485621	-36.090569	1.6618467	42.399489	
0.3	5.3972842	-35.849979	-0.76924071	15.540629	
0.4	4.3611758	-35.138942	5.2757203	-19.131964	
0.5	3.7008328	-41.959149	-1.672724	15.154273	
0.6	3.2646571	-41.888515	-5.0378495	24.902046	
0.7	2.9859184	-36.929267	0.87662217	4.2543296	
0.8	2.7916583	-35.621136	-0.99903721	34.727399	
0.9	2.6544965	-33.328623	1.8014712	34.397137	
1	2.5572129	-33.923585	7.3409344	20.134286	
1.1	2.4774827	-34.473505	2.8246139	-13.721469	
1.2	2.4219816	-33.375911	3.8320916	-35.980678	
1.3	2.3751548	-31.689844	3.3123235	-35.53136	
1.4	2.3433572	-32.498997	5.0719686	-7.383284	
1.5	2.3048258	-29.848364	4.8653923	5.3112345	
1.6	2.2848594	-30.46669	3.0281005	9.1108353	
1.7	2.2681712	-27.704715	2.5868161	-5.4834504	
1.8	2.2536664	-26.324952	-0.88067621	-11.021955	
1.9	2.2386655	-24.801984	-1.9349686	-13.2697	
2	2.2239426	-24.792471	1.6612122	12.600089	
2.2	2.2109706	-24.968942	4.6903611	7.4080978	
2.4	2.1876447	-24.451234	2.850667	39.278772	
2.6	2.1736085	-22.934799	3.6462715	47.548749	
2.8	2.176144	-25.66608	8.8686286	93.580622	
3	2.1673554	-25.343867	13.527819	51.875241	
3.2	2.164605	-24.8217	14.646848	79.678562	
3.3	2.157442	-22.159927	12.450507	54.085535	
3.4	2.1567918	-22.16396	10.834084	35.406301	
3.6	2.1675593	-25.425698	11.736811	0.39004404	
3.8	2.1555107	-23.231636	8.3445432	-4.7706433	
4	2.1394365	-19.655298	4.4073807	23.482517	
4.4	2.1375271	-19.210843	2.7722216	33.851047	
4.5	2.1370509	-18.090254	-0.45403838	27.806831	
4.8	2.1304891	-18.210665	1.3390709	20.747138	
5	2.1330033	-18.736563	4.506724	18.6559	
5.5	2.1474671	-22.075773	16.19277	61.701893	
6	2.1348836	-19.005143	10.205249	15.051099	
6.47	2.1167231	-17.295988	5.0366732	34.670483	
8	2.1027265	-16.461346	-0.3102237	0.9057543	
9	2.0822943	-10.658658	-5.6154941	3.0692401	
10	2.0773867	-9.4570437	-1.0820926	18.857579	
11	2.0652025	-7.6069925	-1.0661577	13.545307	
12	2.046898	-5.5472954	-0.19867518	6.5077574	
13	2.044856	-6.4182068	-0.22614796	9.1643934	
14	2.0376833	-5.2984143	1.5181121	11.734293	
15	2.0296132	-3.1788109	2.6387025	11.000779	
16	2.029231	-2.4748712	3.6308609	31.135065	
17	2.0144874	-0.91980168	3.3320269	11.600485	
18	2.009802	0.30109151	3.3250126	16.920291	
19	2.0071185	1.4590295	3.3288355	29.656731	
20	1.9968172	-0.25722907	2.1039942	1.6823905	
21	1.9923233	0.50435735	1.3789276	0.97012092	
22	1.9902195	0.70478869	1.6471345	0.12559718	
23	1.9885972	0.78848757	1.7524045	-0.26472811	
24	1.9862189	0.94750643	1.7864289	1.4341657	
25	1.9835414	1.100287	1.5781154	1.9827447	
26	1.9815276	1.202563	1.8734158	0.16736028	
27	1.9792592	1.4496742	1.9212251	1.5861122	
28	1.977101	1.698502	1.8707516	1.556506	
29	1.9751711	1.8587003	1.7343006	2.912706	
30	1.9739858	1.8513773	1.6684542	3.5105523	
31	1.9723076	1.8099927	2.1028679	4.7837321	
32	1.9710206	1.8494837	1.9141627	4.0824716	
33	1.9696955	1.8546947	1.714368	3.4489949	
34	1.9684052	1.7828765	1.843774	3.0350262	
35	1.9670351	1.7973622	2.0700248	2.673164	
36	1.9660614	1.830752	2.0959502	2.4733377	
37	1.9651552	1.8248228	2.0940808	2.4653974	
38	1.9642936	1.8229053	2.0970556	2.4438224	
39	1.9633217	1.8272917	2.0771221	2.4631551	
40	1.9623634	1.8328457	2.0485391	2.3936484	
41	1.9614779	1.8326669	2.0460899	2.3901041	
42	1.9604851	1.8606432	2.0397694	2.1786438	
43	1.9593159	1.9724754	2.0304316	1.7601488	
44	1.958421	1.9701982	2.0342872	1.8565705	
45	1.9558354	1.9687244	2.0232575	1.8607354	
50	1.9514333	1.9810674	1.9658088	1.8161888	
55	1.9471786	1.995678	1.9587758	1.795985	
60	1.9429904	1.9918176	1.9578427	1.7975045	
65	1.9388162	1.9871124	1.9529343	1.7936998	
70	1.9346801	1.9825951	1.9486846	1.7907119	
75	1.9305799	1.9781174	1.9444825	1.7877046	
80	1.9265152	1.9736782	1.9403306	1.7846659	
85	1.9224852	1.9692824	1.9361913	1.7817403	


precision, %
wave=450 nm
height, km	60	
0	0.54654038	
0.1	0.60151077	
0.2	0.67525415	
0.3	0.6503891	
0.4	0.67932143	
0.5	0.66782375	
0.6	0.64349042	
0.7	0.65296984	
0.8	0.66764744	
0.9	0.70156219	
1	0.74546877	
1.1	0.7502182	
1.2	0.74455326	
1.3	0.70132265	
1.4	0.73323836	
1.5	0.68091979	
1.6	0.68694188	
1.7	0.72075569	
1.8	0.73467317	
1.9	0.72821254	
2	0.69878868	
2.2	0.70492368	
2.4	0.66132145	
2.6	0.66914813	
2.8	0.7556621	
3	0.73592777	
3.2	0.72887377	
3.3	0.66960858	
3.4	0.68880739	
3.6	0.778291	
3.8	0.73319593	
4	0.68675259	
4.4	0.68819093	
4.5	0.67528283	
4.8	0.68647741	
5	0.70873187	
5.5	0.84582277	
6	0.80340498	
6.47	0.74920346	
8	0.87896804	
9	0.80769255	
10	0.8192497	
11	0.78729276	
12	0.72034601	
13	0.75469538	
14	0.75105442	
15	0.70606969	
16	0.82155213	
17	0.64359852	
18	0.6343104	
19	0.64016735	
20	0.59500081	
21	0.57969028	
22	0.57256289	
23	0.57379071	
24	0.56769492	
25	0.56347446	
26	0.56389697	
27	0.56811867	
28	0.56606239	
29	0.56588192	
30	0.566342	
31	0.56084475	
32	0.56162374	
33	0.56234416	
34	0.56140252	
35	0.56361484	
36	0.56351717	
37	0.56349667	
38	0.56347884	
39	0.5629372	
40	0.56226611	
41	0.56224962	
42	0.56187434	
43	0.56093742	
44	0.56092534	
45	0.56078043	
50	0.55994119	
55	0.56018071	
60	0.56022161	
65	0.56022762	
70	0.56022671	
75	0.56022584	
80	0.56022499	
85	0.56022411	


ord=1
wave=450 nm
zenith, km	60	
Stoks:	     1.6597988	  -0.048962034	-0.00014182133	             0	
enhancement factor
0	13.926684	13.864666	16.043913	0	
0.1	10.385786	10.456246	6.5611402	0	
0.2	7.2023204	7.3076632	3.0185611	0	
0.3	5.3261378	5.4311284	2.8996501	0	
0.4	4.1855959	4.2761747	2.1952933	0	
0.5	3.4735406	3.5501355	2.5197983	0	
0.6	3.0170902	3.0837088	2.5389173	0	
0.7	2.717589	2.7731248	2.6730944	0	
0.8	2.5168443	2.5643769	2.9276519	0	
0.9	2.379511	2.4199763	2.6998816	0	
1	2.2835896	2.3190109	2.2493917	0	
1.1	2.2153011	2.2463208	2.1902416	0	
1.2	2.1658008	2.1932783	2.2022604	0	
1.3	2.1293629	2.1537815	2.1623767	0	
1.4	2.102162	2.1240398	2.1081456	0	
1.5	2.0815242	2.1012166	2.0905886	0	
1.6	2.0656805	2.0836893	1.9797468	0	
1.7	2.0533794	2.0697942	1.9627919	0	
1.8	2.0437084	2.0586783	1.9470204	0	
1.9	2.0360234	2.0497109	1.9184906	0	
2	2.0274174	2.0396439	1.9380488	0	
2.2	2.0190851	2.0296964	1.9419051	0	
2.4	2.0133493	2.0226506	1.9193006	0	
2.6	2.0092763	2.0175639	1.9187449	0	
2.8	2.0062912	2.0137458	1.9330137	0	
3	2.0040421	2.0107632	1.9472761	0	
3.2	2.0026743	2.0088561	1.9643823	0	
3.3	2.0019086	2.0078096	1.9690924	0	
3.4	2.0009254	2.0064461	1.9690489	0	
3.6	1.9998122	2.00488	1.9689892	0	
3.8	1.9988914	2.0035593	1.9606646	0	
4	1.997792	2.0019292	1.9488091	0	
4.4	1.997	2.0007369	1.9437728	0	
4.5	1.9964819	1.9999603	1.9432952	0	
4.8	1.995894	1.9990693	1.9455841	0	
5	1.995197	1.9979846	1.955029	0	
5.5	1.99433	1.996684	1.955006	0	
6	1.9935973	1.9956032	1.9679403	0	
6.47	1.9922908	1.993725	1.9840209	0	
8	1.9907913	1.9917114	1.9856709	0	
9	1.9897088	1.9903536	1.9874061	0	
10	1.9886683	1.9891263	1.9893665	0	
11	1.9876587	1.9879974	1.988442	0	
12	1.9866745	1.9869174	1.9875195	0	
13	1.9857064	1.9858763	1.9865988	0	
14	1.9847497	1.9848661	1.9856162	0	
15	1.9838022	1.9838794	1.9846898	0	
16	1.9828622	1.982911	1.9837756	0	
17	1.9819284	1.9819567	1.9828631	0	
18	1.9810002	1.9810132	1.9819524	0	
19	1.9800773	1.9800779	1.9810434	0	
20	1.9791595	1.9791495	1.9801362	0	
21	1.978246	1.9782273	1.9792307	0	
22	1.9773364	1.9773103	1.9783269	0	
23	1.9764301	1.9763979	1.9773979	0	
24	1.9755269	1.9754895	1.976488	0	
25	1.9746264	1.9745847	1.9755897	0	
26	1.9737284	1.9736832	1.9746775	0	
27	1.9728328	1.9727847	1.9737782	0	
28	1.9719394	1.9718888	1.9728482	0	
29	1.971048	1.9709953	1.9719237	0	
30	1.9701587	1.9701042	1.9710346	0	
31	1.9692712	1.9692154	1.970147	0	
32	1.9683857	1.9683287	1.9692611	0	
33	1.9675019	1.9674439	1.9683768	0	
34	1.9666199	1.9665611	1.9674941	0	
35	1.9657396	1.96568	1.9666108	0	
36	1.9648611	1.9648008	1.9657261	0	
37	1.9639842	1.9639234	1.9648482	0	
38	1.9631089	1.9630478	1.963972	0	
39	1.9622354	1.9621739	1.9630973	0	
40	1.9613634	1.9613017	1.9622242	0	
41	1.960493	1.9604311	1.9613536	0	
42	1.9596243	1.9595622	1.9604846	0	
43	1.9587571	1.9586949	1.9596162	0	
44	1.9578915	1.9578292	1.9587494	0	
45	1.9553057	1.9552432	1.9561596	0	
50	1.9510242	1.9509618	1.9518733	0	
55	1.9467808	1.9467186	1.9476222	0	
60	1.9425748	1.942513	1.9434083	0	
65	1.9384057	1.9383443	1.9392327	0	
70	1.934273	1.934212	1.9350935	0	
75	1.9301761	1.9301155	1.9309901	0	
80	1.9261145	1.9260545	1.9269222	0	
85	1.9220878	1.9220282	1.9228893	0	


precision, %
wave=450 nm
height, km	60	
0	0.014634557	
0.1	0.012808343	
0.2	0.011847408	
0.3	0.011142018	
0.4	0.010146295	
0.5	0.01086457	
0.6	0.010624781	
0.7	0.01070492	
0.8	0.011336347	
0.9	0.011655386	
1	0.011956623	
1.1	0.012003805	
1.2	0.012208136	
1.3	0.012435157	
1.4	0.012559439	
1.5	0.012684908	
1.6	0.012835896	
1.7	0.012874875	
1.8	0.012956554	
1.9	0.012997635	
2	0.013058459	
2.2	0.013086586	
2.4	0.013095772	
2.6	0.013111674	
2.8	0.013132505	
3	0.013155386	
3.2	0.013178988	
3.3	0.013186001	
3.4	0.013191587	
3.6	0.013197739	
3.8	0.013205339	
4	0.01321138	
4.4	0.013211815	
4.5	0.01320954	
4.8	0.013213792	
5	0.013226017	
5.5	0.013229453	
6	0.013231345	
6.47	0.013235947	
8	0.013238777	
9	0.013239828	
10	0.013240613	
11	0.013241203	
12	0.013241637	
13	0.013241974	
14	0.013242248	
15	0.013242471	
16	0.013242656	
17	0.013242811	
18	0.013242941	
19	0.013243045	
20	0.013243127	
21	0.013243191	
22	0.013243241	
23	0.013243279	
24	0.013243309	
25	0.01324333	
26	0.013243346	
27	0.013243357	
28	0.013243365	
29	0.013243369	
30	0.013243371	
31	0.01324337	
32	0.013243368	
33	0.013243365	
34	0.013243361	
35	0.013243356	
36	0.01324335	
37	0.013243343	
38	0.013243336	
39	0.013243329	
40	0.013243321	
41	0.013243313	
42	0.013243305	
43	0.013243296	
44	0.013243288	
45	0.013243261	
50	0.013243216	
55	0.013243171	
60	0.013243126	
65	0.013243081	
70	0.013243036	
75	0.013242992	
80	0.013242949	
85	0.013242905	


-------------------------------------------------
tet=86  fi=90
	60	
450	0.02089305	

	60	
450	-23.750167	

	60	
450	0.9579739	



ord=1
	60	
450	28.233572	

	60	
450	-32.014164	

	60	
450	0.059209539	

enhancement factor
ord=0
wave=450 nm
zenith, km	60	
Stoks:	      1.312749	    0.31178009	  -0.070248647	 -0.0012799315	
enhancement factor
0	12.425684	12.573617	13.567644	15.841709	
0.1	8.9720325	9.4250877	11.658747	13.253494	
0.2	6.7021899	7.2748305	9.6042175	12.205364	
0.3	5.2832051	5.7938916	7.8886696	10.178135	
0.4	4.396299	4.906047	6.8798386	8.7265648	
0.5	3.8007966	4.3270013	5.7891966	7.8495682	
0.6	3.3996229	3.8600207	5.0463577	7.5134468	
0.7	3.1322863	3.4790457	4.9510102	7.0333851	
0.8	2.9528802	3.2635997	4.612382	6.215325	
0.9	2.8285502	3.1086504	4.436527	7.0824719	
1	2.742374	2.9986264	4.4012217	6.6797194	
1.1	2.6603542	2.8734353	4.171316	6.4528679	
1.2	2.6157297	2.8176128	4.1100707	6.5110485	
1.3	2.5813583	2.7731854	3.903607	5.9123883	
1.4	2.5737273	2.8316296	3.6272392	5.6875104	
1.5	2.5034017	2.7041724	3.711161	5.787619	
1.6	2.4983655	2.7049902	3.5402789	5.5547215	
1.7	2.4798013	2.6034205	3.490342	5.9409243	
1.8	2.4569835	2.5734795	3.3839754	5.7507271	
1.9	2.4435063	2.550575	3.2838915	5.4147989	
2	2.4250766	2.5434884	3.3891823	4.7868717	
2.2	2.407117	2.5155552	3.4169433	4.4923979	
2.4	2.3864597	2.508831	3.2400535	3.1842612	
2.6	2.3577285	2.4582989	3.1474304	2.7362108	
2.8	2.3763749	2.5291094	3.3515817	1.428415	
3	2.3590297	2.4925342	3.2102718	1.9669109	
3.2	2.355119	2.5042336	3.2587322	1.1846851	
3.3	2.3399871	2.4483332	3.1978234	2.1061861	
3.4	2.34484	2.4314366	3.1798068	3.0622206	
3.6	2.3682389	2.4575962	3.3293584	4.0798146	
3.8	2.3543359	2.4334354	3.1820324	3.5942154	
4	2.3296772	2.4136759	3.00934	2.6595033	
4.4	2.3207607	2.400438	2.9981232	2.6387158	
4.5	2.3208343	2.4053986	2.9345064	2.5572068	
4.8	2.3152995	2.4194506	2.9547371	2.5785773	
5	2.3226607	2.4317743	3.0445117	2.2340148	
5.5	2.357937	2.4896043	3.5025011	-0.14383754	
6	2.3300148	2.4200135	3.1426881	1.8833991	
6.47	2.2789038	2.3690824	2.8720176	2.2344921	
8	2.2394337	2.3209335	2.5492605	3.1632162	
9	2.2195776	2.2549274	2.2935026	3.2445349	
10	2.2172746	2.2150182	2.4151902	3.9336182	
11	2.1892495	2.1911082	2.5176735	3.4950336	
12	2.1396564	2.1545067	2.3996679	2.9651783	
13	2.1327895	2.1851134	2.3760387	2.6873426	
14	2.1188118	2.1680891	2.3786158	2.6311572	
15	2.0977023	2.1273384	2.3856176	2.5427107	
16	2.0900048	2.1403232	2.348208	2.217205	
17	2.0621476	2.0790173	2.3162101	2.3678219	
18	2.0514982	2.0476422	2.2597517	2.0902924	
19	2.0423176	2.0285679	2.196606	1.6886106	
20	2.0234248	2.0363156	2.144111	1.9930043	
21	2.0128283	2.0194156	2.085646	2.0058566	
22	2.0088336	2.0144182	2.0743203	1.9619198	
23	2.0065611	2.0126922	2.0691692	1.9480946	
24	2.0023911	2.0074993	2.0685112	1.9148665	
25	1.9967006	2.0044375	2.0619521	1.9371702	
26	1.9920404	2.0013711	2.0797191	2.0083602	
27	1.9884218	1.9936032	2.056685	1.9662381	
28	1.9840077	1.9881704	2.039012	1.919882	
29	1.9804694	1.983014	2.0213202	1.8824739	
30	1.9790115	1.9813123	2.0148249	1.877874	
31	1.9774648	1.9793705	2.0107553	1.8623909	
32	1.9755159	1.9762861	2.0000868	1.910081	
33	1.9738567	1.974353	1.9892642	1.9485456	
34	1.9725448	1.9736277	1.9865766	1.9605047	
35	1.9709905	1.9720366	1.984084	1.953152	
36	1.9697163	1.970467	1.9836648	1.9612692	
37	1.9688286	1.9695769	1.9819671	1.9616089	
38	1.9680233	1.9687305	1.9816067	1.9603686	
39	1.9669398	1.9674191	1.9790523	1.959665	
40	1.9657886	1.9658919	1.9763011	1.9592428	
41	1.9648911	1.9649957	1.9752295	1.9581902	
42	1.963884	1.9636807	1.9733849	1.9607655	
43	1.9625606	1.9614549	1.9713624	1.9765305	
44	1.9616521	1.9605965	1.9703051	1.9765821	
45	1.959028	1.9581454	1.9677252	1.9745913	
50	1.9543396	1.9540932	1.9620322	1.9663431	
55	1.9500342	1.9495974	1.9575296	1.9583281	
60	1.9458323	1.9454133	1.9535456	1.9521464	
65	1.9416372	1.9412243	1.9492359	1.9479183	
70	1.9374785	1.9370687	1.9450164	1.9437097	
75	1.9333561	1.9329493	1.9408342	1.9395393	
80	1.9292695	1.9288657	1.9366891	1.935407	
85	1.9252179	1.9248171	1.9325789	1.9313074	


precision, %
wave=450 nm
height, km	60	
0	1.0237477	
0.1	1.1163172	
0.2	1.2594397	
0.3	1.2441986	
0.4	1.3309776	
0.5	1.2253935	
0.6	1.2724918	
0.7	1.2671946	
0.8	1.190267	
0.9	1.1660752	
1	1.2684655	
1.1	1.222725	
1.2	1.2093841	
1.3	1.2298548	
1.4	1.6733415	
1.5	1.1596318	
1.6	1.3154749	
1.7	1.2969458	
1.8	1.2769502	
1.9	1.2229178	
2	1.2139134	
2.2	1.1508582	
2.4	1.1927704	
2.6	1.1940636	
2.8	1.4407917	
3	1.3263142	
3.2	1.3819576	
3.3	1.2398463	
3.4	1.246391	
3.6	1.4535724	
3.8	1.3517606	
4	1.3129015	
4.4	1.3108342	
4.5	1.3033447	
4.8	1.3676032	
5	1.4257549	
5.5	1.8356001	
6	1.6984709	
6.47	1.4799954	
8	1.4878407	
9	1.7091008	
10	1.7508453	
11	1.6039898	
12	1.3765107	
13	1.6587007	
14	1.7038337	
15	1.45558	
16	1.4872914	
17	1.2735683	
18	1.2465118	
19	1.2251319	
20	1.1237172	
21	1.0305819	
22	1.0211553	
23	1.0214498	
24	1.0079993	
25	0.99427633	
26	0.98621658	
27	0.97954972	
28	0.96254067	
29	0.95337745	
30	0.95472769	
31	0.95420228	
32	0.9565565	
33	0.95785017	
34	0.95870884	
35	0.96011067	
36	0.9601637	
37	0.95988335	
38	0.95961711	
39	0.95914871	
40	0.95853889	
41	0.95858586	
42	0.95837696	
43	0.95717011	
44	0.95703102	
45	0.95689185	
50	0.95638514	
55	0.95713822	
60	0.95732258	
65	0.95732585	
70	0.95732903	
75	0.95733209	
80	0.957335	
85	0.95733809	


ord=1
wave=450 nm
zenith, km	60	
Stoks:	    0.37063595	      0.118656	    0.20510447	             0	
enhancement factor
0	11.798144	11.655777	11.637602	0	
0.1	7.9146957	7.948983	7.9558535	0	
0.2	5.6655416	5.7441306	5.7533876	0	
0.3	4.3514762	4.4340934	4.4404596	0	
0.4	3.5527621	3.6300645	3.632987	0	
0.5	3.0552127	3.1200668	3.1210531	0	
0.6	2.7346331	2.7873764	2.7884739	0	
0.7	2.5232459	2.5668877	2.567187	0	
0.8	2.3812336	2.4170298	2.4170639	0	
0.9	2.2839638	2.314011	2.3137979	0	
1	2.2156842	2.2412739	2.2412575	0	
1.1	2.1667975	2.1888428	2.1887107	0	
1.2	2.1310035	2.1501178	2.1499413	0	
1.3	2.1044272	2.1211043	2.1209218	0	
1.4	2.0844866	2.0989763	2.0988506	0	
1.5	2.0690892	2.081912	2.0818007	0	
1.6	2.0571243	2.0685115	2.0685501	0	
1.7	2.047766	2.0579722	2.0580278	0	
1.8	2.0403251	2.0495667	2.0496084	0	
1.9	2.0343545	2.0427732	2.0428023	0	
2	2.027557	2.0348938	2.034933	0	
2.2	2.0208526	2.0270595	2.0271066	0	
2.4	2.0160831	2.0214645	2.0215203	0	
2.6	2.0126082	2.0173004	2.0173714	0	
2.8	2.0099765	2.0141192	2.014193	0	
3	2.0079278	2.0116357	2.0116957	0	
3.2	2.0066376	2.0101069	2.010127	0	
3.3	2.0059048	2.0092048	2.0092228	0	
3.4	2.0049443	2.0080118	2.0080326	0	
3.6	2.0038317	2.0066258	2.0066498	0	
3.8	2.0028804	2.0054426	2.0054737	0	
4	2.0016953	2.0039794	2.0040124	0	
4.4	2.0008251	2.0029121	2.0029396	0	
4.5	2.0002355	2.0021785	2.0022077	0	
4.8	1.9995612	2.0013409	2.0013671	0	
5	1.9987341	2.0003384	2.0003464	0	
5.5	1.9977003	1.9990664	1.9990757	0	
6	1.9968217	1.9979958	1.9980066	0	
6.47	1.9952674	1.9961736	1.9961709	0	
8	1.9935271	1.9941703	1.9941629	0	
9	1.9923073	1.992803	1.9927968	0	
10	1.9911676	1.9915552	1.9915499	0	
11	1.9900852	1.990393	1.9903883	0	
12	1.9890422	1.989288	1.9892839	0	
13	1.9880284	1.9882264	1.9882227	0	
14	1.9870368	1.9871982	1.9871948	0	
15	1.9860626	1.9861958	1.9861927	0	
16	1.9851022	1.9852134	1.9852105	0	
17	1.9841524	1.9842465	1.9842437	0	
18	1.9832108	1.9832916	1.9832887	0	
19	1.9822764	1.9823463	1.9823432	0	
20	1.9813486	1.9814092	1.9814062	0	
21	1.9804262	1.9804793	1.9804764	0	
22	1.9795086	1.9795555	1.9795526	0	
23	1.9785951	1.9786369	1.9786341	0	
24	1.9776852	1.9777229	1.9777201	0	
25	1.9767786	1.9768128	1.9768101	0	
26	1.9758749	1.9759063	1.9759036	0	
27	1.974974	1.9750031	1.9750004	0	
28	1.9740756	1.9741027	1.9741	0	
29	1.9731795	1.9732049	1.9732023	0	
30	1.9722855	1.9723096	1.972307	0	
31	1.9713937	1.9714167	1.9714141	0	
32	1.9705039	1.970526	1.9705234	0	
33	1.9696161	1.9696373	1.9696347	0	
34	1.96873	1.9687506	1.968748	0	
35	1.9678458	1.9678658	1.9678632	0	
36	1.9669634	1.9669829	1.9669803	0	
37	1.9660827	1.9661018	1.9660992	0	
38	1.9652037	1.9652224	1.9652199	0	
39	1.9643265	1.9643449	1.9643423	0	
40	1.9634509	1.963469	1.9634665	0	
41	1.9625769	1.9625948	1.9625923	0	
42	1.9617046	1.9617223	1.9617198	0	
43	1.9608339	1.9608514	1.9608489	0	
44	1.9599648	1.9599822	1.9599797	0	
45	1.9573686	1.9573856	1.9573832	0	
50	1.9530702	1.9530868	1.9530843	0	
55	1.9488101	1.9488265	1.948824	0	
60	1.9445878	1.944604	1.9446015	0	
65	1.9404026	1.9404186	1.9404162	0	
70	1.936254	1.9362699	1.9362675	0	
75	1.9321415	1.9321572	1.9321548	0	
80	1.9280645	1.9280801	1.9280778	0	
85	1.9240226	1.9240381	1.9240358	0	


precision, %
wave=450 nm
height, km	60	
0	0.077219761	
0.1	0.075037426	
0.2	0.067174642	
0.3	0.060774057	
0.4	0.053255007	
0.5	0.055054647	
0.6	0.052292336	
0.7	0.051479592	
0.8	0.053522998	
0.9	0.054278394	
1	0.055105729	
1.1	0.054902512	
1.2	0.055515635	
1.3	0.056299715	
1.4	0.05667812	
1.5	0.05710689	
1.6	0.05767836	
1.7	0.05777597	
1.8	0.058078535	
1.9	0.058214678	
2	0.058434569	
2.2	0.058516126	
2.4	0.058532105	
2.6	0.058586754	
2.8	0.058669154	
3	0.058764266	
3.2	0.058865373	
3.3	0.058895358	
3.4	0.058919577	
3.6	0.058946958	
3.8	0.058981272	
4	0.059010683	
4.4	0.059015521	
4.5	0.059008708	
4.8	0.059029859	
5	0.05908633	
5.5	0.059106369	
6	0.059119086	
6.47	0.059146464	
8	0.059165991	
9	0.059174693	
10	0.059181079	
11	0.059185818	
12	0.059189442	
13	0.059192252	
14	0.059194452	
15	0.059196186	
16	0.059197565	
17	0.059198675	
18	0.059199592	
19	0.059200346	
20	0.059200955	
21	0.05920145	
22	0.059201854	
23	0.059202185	
24	0.059202457	
25	0.059202682	
26	0.059202867	
27	0.059203019	
28	0.059203146	
29	0.059203253	
30	0.059203343	
31	0.059203418	
32	0.059203481	
33	0.059203535	
34	0.059203582	
35	0.059203623	
36	0.059203658	
37	0.059203688	
38	0.059203715	
39	0.059203738	
40	0.059203759	
41	0.059203778	
42	0.059203794	
43	0.05920381	
44	0.059203824	
45	0.059203859	
50	0.059203909	
55	0.05920395	
60	0.059203987	
65	0.059204021	
70	0.059204054	
75	0.059204087	
80	0.059204118	
85	0.059204149	


-------------------------------------------------
tet=86  fi=180
	60	
450	0.020794843	

	60	
450	9.4949814	

	60	
450	0.9519878	



ord=1
	60	
450	29.592508	

	60	
450	10.347118	

	60	
450	0.056698752	

enhancement factor
ord=0
wave=450 nm
zenith, km	60	
Stoks:	     1.3065785	   -0.12405939	 -0.0034848946	-0.00018373586	
enhancement factor
0	12.452757	9.8608076	-2.0797351	11.904013	
0.1	8.9927973	5.6650022	-13.635217	-0.15991791	
0.2	6.7044105	3.2403661	-9.3113762	3.4994049	
0.3	5.3193981	2.1985146	-5.9649302	-2.1887137	
0.4	4.429676	1.5190267	0.082103097	-13.823923	
0.5	3.8056708	0.94143119	-2.0743586	-11.578011	
0.6	3.3909749	0.76040134	-2.4975077	-1.7540407	
0.7	3.1314015	0.9114529	3.3666174	3.1046006	
0.8	2.9507943	0.93041012	2.545091	3.6871928	
0.9	2.8452535	0.8595957	3.5755886	9.345545	
1	2.752707	0.78806827	7.4011784	9.5621926	
1.1	2.6715611	0.84042145	3.6792431	6.2742508	
1.2	2.6242112	0.84958759	6.1111138	5.3210335	
1.3	2.5798877	0.88083463	7.3561307	0.61061008	
1.4	2.5457238	0.83227358	6.1265187	-0.89923557	
1.5	2.5106921	0.9177653	9.1144731	0.14692364	
1.6	2.4971884	0.90764386	7.4672341	1.1375507	
1.7	2.4829068	0.99264894	7.995948	0.83632989	
1.8	2.4632161	1.0077743	6.0257565	2.9454882	
1.9	2.4478694	1.0594573	4.066676	2.7354132	
2	2.4284238	1.1010317	5.1917626	2.109071	
2.2	2.4186613	1.1340861	7.1698368	-1.3179339	
2.4	2.3904052	1.1242278	5.5235294	-7.6334017	
2.6	2.364953	1.1907302	4.4532138	-7.9076433	
2.8	2.3656507	1.1641651	5.432982	-7.8722714	
3	2.3475839	1.1683558	1.3735178	-9.6554542	
3.2	2.3413023	1.2045166	2.7328394	-3.687425	
3.3	2.3325816	1.2866369	3.3517523	-0.47451483	
3.4	2.3420449	1.3441469	3.5767715	0.57790693	
3.6	2.3663593	1.3587122	4.8368861	3.1223355	
3.8	2.3523499	1.3265693	3.7050432	-3.4972586	
4	2.3279472	1.3580962	2.3838018	-2.0235899	
4.4	2.32336	1.3941041	-1.4425057	-2.418488	
4.5	2.3382683	1.4285564	-1.0747002	-10.483987	
4.8	2.321561	1.3366773	-0.90145102	-4.8188173	
5	2.3248372	1.3159813	0.12069934	-6.1512857	
5.5	2.3427571	1.2919773	6.3724805	-3.6062329	
6	2.3249177	1.3024368	4.135759	-3.365121	
6.47	2.2822764	1.355161	1.4980185	2.1008626	
8	2.2587205	1.3760805	-0.60631804	1.7559612	
9	2.2179122	1.6251674	-3.4762163	1.8521527	
10	2.2130674	1.6293726	-1.6082189	7.9681514	
11	2.1823458	1.7703842	2.2359041	4.9414361	
12	2.1359906	1.8040329	2.9297224	3.0951506	
13	2.1281769	1.7968518	-1.0723609	0.6208616	
14	2.1150379	1.8398362	-0.5132902	-0.64195649	
15	2.0970598	1.9029684	2.2184413	-0.7015241	
16	2.0949382	1.8900098	2.5936584	-2.5042019	
17	2.0648781	1.9577707	2.5831165	-0.23081509	
18	2.0535444	1.9820271	2.5452742	-2.4208573	
19	2.0478199	2.033085	2.1251493	-5.5303878	
20	2.0225625	1.9457992	1.3271501	2.139639	
21	2.0148509	1.9614256	1.5965028	2.7370631	
22	2.0119478	1.9628809	1.4080711	2.6809991	
23	2.0094255	1.9653911	1.3798114	2.6255146	
24	2.0047435	1.9680119	1.4289988	1.9429397	
25	1.9998344	1.9654485	1.5309381	1.8182299	
26	1.9954142	1.9651801	2.0206538	2.4287738	
27	1.9913846	1.9737255	1.8566335	2.4457895	
28	1.9882921	1.9729894	1.7434398	2.1229988	
29	1.9851795	1.9746007	1.679948	2.0576093	
30	1.9833606	1.9738225	1.6365828	2.0344191	
31	1.9807352	1.9707388	2.0220963	1.7448538	
32	1.9787914	1.9733732	1.8715368	1.9262524	
33	1.9771382	1.9702639	1.8318896	1.7855854	
34	1.9757009	1.9679434	1.9385611	1.7426251	
35	1.9740776	1.9679776	1.9885948	1.8355179	
36	1.9729007	1.9685526	2.0002532	1.9197101	
37	1.9719661	1.9675846	1.9845602	1.9539104	
38	1.9711097	1.9668636	1.9829174	1.9680545	
39	1.9700188	1.9663845	1.9618293	1.952422	
40	1.9688515	1.966196	1.9233887	1.9464307	
41	1.967946	1.9652899	1.9221798	1.9468781	
42	1.9669512	1.9645592	1.924411	1.9689935	
43	1.9657574	1.9649448	1.9153437	1.9725736	
44	1.9648387	1.9638467	1.9154052	1.9591408	
45	1.9621993	1.961634	1.9226101	1.9512449	
50	1.9575001	1.9593685	1.9691589	1.9387733	
55	1.953116	1.9565778	1.952982	1.9415355	
60	1.9488866	1.9525634	1.953293	1.9475587	
65	1.9446576	1.9483036	1.948533	1.9436532	
70	1.9404747	1.9440918	1.9443203	1.9394764	
75	1.9363284	1.9399167	1.9401559	1.9353482	
80	1.9322183	1.935778	1.9360428	1.9312715	
85	1.9281435	1.9316753	1.9319389	1.9272023	


precision, %
wave=450 nm
height, km	60	
0	0.99727787	
0.1	1.1538059	
0.2	1.1776139	
0.3	1.2268201	
0.4	1.3454436	
0.5	1.2314645	
0.6	1.2386044	
0.7	1.1962981	
0.8	1.1983379	
0.9	1.2051763	
1	1.2223652	
1.1	1.1925509	
1.2	1.2057253	
1.3	1.2137347	
1.4	1.2550199	
1.5	1.2795365	
1.6	1.2881313	
1.7	1.1762938	
1.8	1.1774928	
1.9	1.1581927	
2	1.1232037	
2.2	1.1696506	
2.4	1.1776658	
2.6	1.2067541	
2.8	1.3525517	
3	1.2304505	
3.2	1.2090727	
3.3	1.1740616	
3.4	1.2534392	
3.6	1.3680034	
3.8	1.3379627	
4	1.2614635	
4.4	1.336528	
4.5	1.4129968	
4.8	1.4202699	
5	1.4276592	
5.5	1.5203349	
6	1.5305012	
6.47	1.4110995	
8	1.6706855	
9	1.6737316	
10	1.7823763	
11	1.5960238	
12	1.426402	
13	1.4538751	
14	1.4243974	
15	1.3729583	
16	1.5582854	
17	1.2525228	
18	1.2302931	
19	1.3058016	
20	1.0464193	
21	1.01389	
22	1.0049405	
23	1.0067771	
24	0.98987873	
25	0.97404023	
26	0.96564211	
27	0.96682879	
28	0.96478865	
29	0.96195513	
30	0.96253181	
31	0.95512239	
32	0.95682613	
33	0.95702761	
34	0.95484841	
35	0.95472186	
36	0.95470225	
37	0.95436304	
38	0.9542672	
39	0.95368693	
40	0.95273494	
41	0.9527283	
42	0.95273581	
43	0.9524393	
44	0.95241862	
45	0.95219537	
50	0.9515615	
55	0.95204936	
60	0.9520134	
65	0.95203666	
70	0.95203602	
75	0.95203497	
80	0.95203338	
85	0.95203278	


ord=1
wave=450 nm
zenith, km	60	
Stoks:	    0.38664935	  -0.040007064	 0.00023267295	             0	
enhancement factor
0	11.823127	11.617433	19.341005	0	
0.1	7.9805804	8.0376424	25.266499	0	
0.2	5.7472289	5.8508559	27.344026	0	
0.3	4.4370066	4.5289387	27.343963	0	
0.4	3.6363233	3.7000418	27.698912	0	
0.5	3.1343095	3.1707522	27.432635	0	
0.6	2.8087665	2.825977	27.351085	0	
0.7	2.5927319	2.5914915	27.201196	0	
0.8	2.4209807	2.4609612	10.417544	0	
0.9	2.3067221	2.3648662	1.5633228	0	
1	2.2360951	2.2860809	1.8322527	0	
1.1	2.185207	2.2283197	1.867351	0	
1.2	2.1476655	2.1853733	1.8600372	0	
1.3	2.1195664	2.1527103	1.8835251	0	
1.4	2.0982957	2.127623	1.9156211	0	
1.5	2.0817548	2.1079532	1.9258847	0	
1.6	2.0688076	2.0926054	1.9911072	0	
1.7	2.0586024	2.0801671	2.0010149	0	
1.8	2.0504286	2.0700081	2.0101623	0	
1.9	2.0438188	2.0616497	2.0268259	0	
2	2.0362101	2.0520413	2.0152958	0	
2.2	2.028625	2.0422773	2.0128857	0	
2.4	2.0231548	2.0350901	2.0258909	0	
2.6	2.0191088	2.0297126	2.026077	0	
2.8	2.0160049	2.0255297	2.0177128	0	
3	2.0135593	2.0221487	2.0093535	0	
3.2	2.0120102	2.0199339	1.9994183	0	
3.3	2.0111207	2.0186893	1.9966327	0	
3.4	2.0099459	2.0170336	1.9965214	0	
3.6	2.0085779	2.0150957	1.9963724	0	
3.8	2.0074017	2.0134222	2.0008734	0	
4	2.0059283	2.0112988	2.0072611	0	
4.4	2.0048463	2.0097299	2.0098542	0	
4.5	2.0041094	2.0086771	2.0099214	0	
4.8	2.0032669	2.007464	2.0084143	0	
5	2.0022379	2.0059707	2.0028468	0	
5.5	2.0009569	2.0041619	2.0023682	0	
6	1.9998789	2.0026609	2.0019186	0	
6.47	1.9980206	2.0001317	1.9988507	0	
8	1.9959859	1.9974715	2.0002477	0	
9	1.9946075	1.9957643	1.9998125	0	
10	1.9933475	1.9942669	1.9988729	0	
11	1.9921724	1.9929181	1.9979351	0	
12	1.9910574	1.9916678	1.9969991	0	
13	1.9899873	1.9904937	1.9960649	0	
14	1.9889516	1.9893785	1.9951325	0	
15	1.9879424	1.9883084	1.9942018	0	
16	1.9869538	1.9872729	1.9932728	0	
17	1.9859812	1.986264	1.9923456	0	
18	1.9850211	1.985275	1.9914202	0	
19	1.9840709	1.9843012	1.9904965	0	
20	1.9831294	1.9833401	1.9895745	0	
21	1.9821955	1.9823901	1.9886542	0	
22	1.9812678	1.9814494	1.9877357	0	
23	1.9803457	1.9805164	1.9868188	0	
24	1.9794282	1.9795899	1.9859037	0	
25	1.9785148	1.9786691	1.9849903	0	
26	1.9776051	1.9777533	1.9840785	0	
27	1.9766987	1.9768418	1.9831685	0	
28	1.9757953	1.9759342	1.9822601	0	
29	1.9748945	1.9750298	1.9813534	0	
30	1.9739962	1.9741282	1.9804362	0	
31	1.9731004	1.9732299	1.979532	0	
32	1.9722068	1.9723341	1.9786304	0	
33	1.9713152	1.9714408	1.9777305	0	
34	1.9704257	1.9705496	1.9768322	0	
35	1.9695381	1.9696606	1.9759356	0	
36	1.9686523	1.9687737	1.9750406	0	
37	1.9677684	1.9678888	1.9741473	0	
38	1.9668863	1.9670058	1.9732556	0	
39	1.966006	1.9661247	1.9723655	0	
40	1.9651274	1.9652454	1.971477	0	
41	1.9642505	1.9643678	1.9705902	0	
42	1.9633752	1.963492	1.9697011	0	
43	1.9625016	1.9626179	1.9688156	0	
44	1.9616296	1.9617455	1.9679336	0	
45	1.959025	1.9591398	1.9652987	0	
50	1.9547128	1.954826	1.9609353	0	
55	1.9504393	1.9505513	1.9566119	0	
60	1.9462038	1.9463148	1.9523268	0	
65	1.9420057	1.9421156	1.9480797	0	
70	1.9378443	1.9379533	1.94387	0	
75	1.9337191	1.9338273	1.9396972	0	
80	1.9296297	1.929737	1.9355607	0	
85	1.9255755	1.925682	1.93146	0	


precision, %
wave=450 nm
height, km	60	
0	0.073729456	
0.1	0.071125221	
0.2	0.063226851	
0.3	0.056864436	
0.4	0.049626914	
0.5	0.051201557	
0.6	0.048614566	
0.7	0.047884742	
0.8	0.050339267	
0.9	0.051424809	
1	0.052267387	
1.1	0.05213243	
1.2	0.052759273	
1.3	0.053538299	
1.4	0.05393199	
1.5	0.05436961	
1.6	0.054935618	
1.7	0.055053902	
1.8	0.055359804	
1.9	0.05550693	
2	0.05573769	
2.2	0.055842027	
2.4	0.05587949	
2.6	0.05594853	
2.8	0.056039874	
3	0.056140461	
3.2	0.056242196	
3.3	0.056274822	
3.4	0.056303887	
3.6	0.056337128	
3.8	0.056375766	
4	0.056411909	
4.4	0.056423007	
4.5	0.056421605	
4.8	0.05644617	
5	0.056503894	
5.5	0.056529796	
6	0.056547537	
6.47	0.056581795	
8	0.056608559	
9	0.05662132	
10	0.056630783	
11	0.056637896	
12	0.056643354	
13	0.056647587	
14	0.056650897	
15	0.056653501	
16	0.056655569	
17	0.056657232	
18	0.05665859	
19	0.056659711	
20	0.056660635	
21	0.05666139	
22	0.056662014	
23	0.05666253	
24	0.056662959	
25	0.056663319	
26	0.056663621	
27	0.056663876	
28	0.056664092	
29	0.05666428	
30	0.056664443	
31	0.056664583	
32	0.056664706	
33	0.056664816	
34	0.056664916	
35	0.056665005	
36	0.056665087	
37	0.056665162	
38	0.056665231	
39	0.056665296	
40	0.056665356	
41	0.056665414	
42	0.056665469	
43	0.056665521	
44	0.056665572	
45	0.056665712	
50	0.056665933	
55	0.056666139	
60	0.056666338	
65	0.056666531	
70	0.056666721	
75	0.056666908	
80	0.056667093	
85	0.056667275	


