RT Model MCC++	 O.Postylyakov	ver.72
MixedSimC<atmos::StoksC,MCSimC<atmos::StoksC,MCWMethodC<atmos::StoksC,SphericalGeomT>>,SSSimC<atmos::StoksC,MCSimC<atmos::StoksC,MSSMethodC<atmos::StoksC,SphericalGeomT,1000>>>>	ps::cLCG2C	Density: double	AMFs: Yes	ORDERS_ACCOUNT: ATM_COLLGS_ORDERS
photons passed	base/max expendeture	EPS-breakes	MaxCollgs-Breaks	MinPhWgt-Breaks	average colligions
20000	0.0188499/0.0294952	0	0	0	2.92445	
SpecialSamplingCollgs	ForceCollgSimul	EPS	ssEPS	MaxCollgs	MinPhWgt	BaseMod	
1	0	0.001	1e-12	500	1e-300	0	
Albedo	time	IY
0.05	0.03355	{ 1283651802 1375908649 ; 40014 40692 2147483563 2147483399 }	
 -6370.99	 -6370.99	 -5791.81	 -5212.63	 -4633.45	 -4054.27	 -3475.09	  -2895.9	 -2316.72	 -1737.54	 -1158.36	 -579.181	-9.09495e-13	  12.8571	  25.7143	  38.5714	  51.4286	  64.2857	  77.1429	       90	
        0	        0	0.0080361	 0.024108	 0.040179	 0.056251	 0.072322	 0.088394	  0.10447	  0.12054	  0.13661	  0.15268	  0.16875	0.0039284	0.0039364	0.0039443	0.0039522	0.0039601	 0.003968	 0.003976	
        0	        0	        0	        0	        0	        0	        0	        0	        0	        0	        0	        0	        0	        0	        0	        0	        0	        0	        0	        0	
        0	        0	        0	        0	        0	        0	        0	        0	        0	        0	        0	        0	        0	        0	        0	        0	        0	        0	        0	        0	

-------------------------------------------------
tet=60  fi=0
	60	
450	0.031472	

	60	
450	-5.8848	

	60	
450	0.93763	



ord=1
	60	
450	0.40533	

	60	
450	7.7826	

	60	
450	1.7703	

enhancement factor
ord=0
wave=450 nm
zenith, km	60	
Stoks:	     1.9774258	    0.11636832	 0.00088179946	  0.0001729586	
enhancement factor
0	2.1814841	2.2673289	2.7771317	2.8990938	
0.1	2.3326956	2.6703133	6.326229	2.0721517	
0.2	2.4261927	3.1024464	-1.4972411	-0.52079781	
0.3	2.5070101	3.2585536	-10.201775	-4.0191297	
0.4	2.5340475	3.3253818	20.589087	3.4938315	
0.5	2.5853529	3.7104309	17.576491	-0.13453764	
0.6	2.6688688	3.9826969	8.2340134	8.6194814	
0.7	2.6766088	3.9921396	10.463361	2.1806975	
0.8	2.6818882	3.8889693	2.8833303	10.597516	
0.9	2.7150471	3.9738897	20.130384	4.0370711	
1	2.7052263	4.2319367	28.227567	-0.50998635	
1.1	2.6968697	3.9900992	18.002711	-1.0173318	
1.2	2.7150172	4.0196356	5.9165587	5.0726151	
1.3	2.7218952	4.1870322	26.931666	-0.77633211	
1.4	2.7201336	4.2044482	30.128062	0.40364278	
1.5	2.7360511	4.0452988	26.609142	-6.0508679	
1.6	2.7171597	3.9688361	31.23001	3.8360801	
1.7	2.72643	4.1330041	15.471327	3.1227028	
1.8	2.74204	4.2119338	16.310207	9.8950562	
1.9	2.7105273	4.2866001	-5.7609008	5.4701871	
2	2.7295638	4.4332368	-6.9878115	2.7446726	
2.2	2.7023843	4.4923788	12.325164	-4.5363472	
2.4	2.7107811	4.6679916	32.192782	-0.83495396	
2.6	2.7193411	4.7976687	52.223215	-3.6500298	
2.8	2.7070287	4.7635363	67.782233	11.348959	
3	2.7094065	4.5678563	53.116104	12.477103	
3.2	2.7102444	4.5232939	36.443643	10.812374	
3.3	2.7065308	4.5659394	30.02182	11.409227	
3.4	2.7034553	4.6467461	10.8511	10.537155	
3.6	2.6915984	4.7250712	-3.3997266	3.9558823	
3.8	2.7386967	4.9470623	-2.638954	1.6892561	
4	2.714849	4.8370144	-11.290526	5.4160144	
4.4	2.6776146	4.6634026	-42.181063	15.270875	
4.5	2.6823699	4.818749	-24.683134	13.544205	
4.8	2.6780095	4.9530417	-18.156458	5.8426931	
5	2.6722175	4.9770997	-45.472765	5.2094516	
5.5	2.654621	4.8194908	-23.577795	6.3099891	
6	2.6755015	4.6278987	-33.213166	-6.4462923	
6.47	2.6268024	4.6583982	-123.17465	16.439574	
8	2.5523601	4.3145456	-74.988121	9.3983533	
9	2.5009821	4.5633794	-61.830791	2.1936453	
10	2.4275846	4.1583759	-67.55906	-1.4879263	
11	2.3886332	3.9549015	-22.511548	9.1170454	
12	2.3625658	4.0279211	24.32374	1.6881049	
13	2.3445144	4.0342978	-36.040426	0.87230392	
14	2.28259	3.1545285	-16.938341	-0.9201474	
15	2.2360184	3.0859105	22.389533	-8.5623547	
16	2.1781949	2.9407565	14.407621	-3.9921928	
17	2.1620273	2.8710425	29.436586	-5.1466933	
18	2.1498092	2.6882015	27.92686	-3.5191735	
19	2.1091357	2.4894249	25.213153	-4.6997265	
20	2.091195	2.4537149	31.441359	-7.1259523	
21	2.079284	2.5356572	18.714054	-2.3007532	
22	2.0651705	2.4297889	20.925517	-1.9547017	
23	2.0529919	2.3756603	17.404374	-1.6332595	
24	2.0431238	2.3268605	16.419399	-1.4202195	
25	2.0246323	2.2072481	13.817867	-0.95424998	
26	2.0167774	2.1490864	14.155582	-0.67719046	
27	2.0122002	2.1152606	13.457107	-0.6895671	
28	2.0017837	2.0720246	4.8958222	0.49125333	
29	1.993901	2.0272189	2.7339265	1.3945989	
30	1.9895933	2.0185679	1.7821917	1.2756322	
31	1.9904729	2.0943602	3.9656618	1.0678957	
32	1.9831255	2.0254256	2.4316379	1.1831809	
33	1.9781879	2.0025932	1.7115652	1.6665834	
34	1.9762895	1.998289	2.2110337	1.6364774	
35	1.9748209	1.9968627	2.3557272	1.6170239	
36	1.9737966	1.9950245	2.3714933	1.6174805	
37	1.9720019	1.9943257	1.8765209	1.6423624	
38	1.9695971	1.9929992	1.0803878	1.7207267	
39	1.9673565	1.9930067	1.2078388	1.7447254	
40	1.9645801	1.9671982	1.332186	1.9728078	
41	1.9635602	1.965504	1.339396	1.9807093	
42	1.96258	1.9645624	1.3397582	1.9793694	
43	1.96171	1.9629305	1.3405181	1.9741402	
44	1.9608188	1.9620412	1.3478193	1.9732103	
45	1.9577795	1.9583599	1.8653916	1.9584974	
50	1.9531652	1.953095	1.9781984	1.9492239	
55	1.9487132	1.9479003	1.9262938	1.9477968	
60	1.9444412	1.9431033	1.9360582	1.9485704	
65	1.9402503	1.9389351	1.9323298	1.944372	
70	1.9361024	1.934798	1.928255	1.9401979	
75	1.9319905	1.9306965	1.9242038	1.9360546	
80	1.9279142	1.9266304	1.9201875	1.9319474	
85	1.9238729	1.9225992	1.9162054	1.9278756	


precision, %
wave=450 nm
height, km	60	
0	0.99583654	
0.1	1.0776137	
0.2	1.1715121	
0.3	1.1454564	
0.4	1.1672747	
0.5	1.1954413	
0.6	1.2943446	
0.7	1.1879391	
0.8	1.2152146	
0.9	1.2615306	
1	1.4051575	
1.1	1.1629463	
1.2	1.175874	
1.3	1.1628027	
1.4	1.0978271	
1.5	1.1919721	
1.6	1.1189163	
1.7	1.1463984	
1.8	1.187018	
1.9	1.2347594	
2	1.2825331	
2.2	1.2852551	
2.4	1.2254943	
2.6	1.3624209	
2.8	1.3066145	
3	1.4388053	
3.2	1.4734971	
3.3	1.2810487	
3.4	1.2693801	
3.6	1.3345386	
3.8	1.8001122	
4	1.5643343	
4.4	1.4780925	
4.5	1.3440338	
4.8	1.3867061	
5	1.3956058	
5.5	1.4303058	
6	1.8456741	
6.47	1.9048336	
8	1.6050097	
9	1.7918936	
10	1.5317147	
11	1.8426235	
12	1.8977578	
13	2.0461938	
14	1.9261771	
15	1.6699716	
16	1.3262539	
17	1.5188812	
18	1.5747744	
19	1.2750019	
20	1.1029145	
21	1.2360797	
22	1.1368769	
23	1.0913594	
24	1.0671159	
25	1.0031077	
26	0.99422087	
27	0.98242407	
28	0.95825888	
29	0.95271815	
30	0.95366095	
31	1.0071966	
32	0.95234525	
33	0.94231758	
34	0.9416147	
35	0.94170884	
36	0.94146992	
37	0.94003566	
38	0.94060001	
39	0.94451787	
40	0.93603421	
41	0.93563163	
42	0.93571719	
43	0.93591761	
44	0.93596079	
45	0.93699586	
50	0.93772223	
55	0.93738055	
60	0.93742197	
65	0.9374266	
70	0.93742748	
75	0.93742847	
80	0.93742945	
85	0.93743043	


ord=1
wave=450 nm
zenith, km	60	
Stoks:	  0.0080150323	-0.00062378129	-7.8315343e-05	             0	
enhancement factor
0	6.1314261	3.4104137	6.3781235	0	
0.1	5.2874357	3.9390781	5.0258734	0	
0.2	4.735481	4.0484099	4.0008357	0	
0.3	4.3316361	3.9549251	3.8182311	0	
0.4	4.0381504	3.8575064	4.4671593	0	
0.5	3.7828726	3.7030415	3.7513272	0	
0.6	3.5871838	3.6691111	3.7366926	0	
0.7	3.4096279	3.5837202	4.0575239	0	
0.8	3.2627062	3.4809581	3.5594261	0	
0.9	3.1498637	3.4448874	3.8179309	0	
1	3.040902	3.3184877	3.714088	0	
1.1	2.9549494	3.219896	3.8615723	0	
1.2	2.881022	3.1431563	3.6658487	0	
1.3	2.8250611	3.062365	3.4593137	0	
1.4	2.7686643	2.9996899	3.1637946	0	
1.5	2.7157993	2.9596037	3.3886789	0	
1.6	2.6695333	2.9388798	3.6053304	0	
1.7	2.6236268	2.8830168	3.3911461	0	
1.8	2.5928908	2.863555	3.2589229	0	
1.9	2.558853	2.8377633	3.1922643	0	
2	2.5197161	2.8003586	2.918757	0	
2.2	2.469292	2.737691	3.0868932	0	
2.4	2.4296538	2.7038186	3.1387699	0	
2.6	2.4049261	2.6495319	3.0346459	0	
2.8	2.3797548	2.6056363	3.1778694	0	
3	2.3596827	2.5955016	3.1787102	0	
3.2	2.3444913	2.5932036	2.8138124	0	
3.3	2.3380677	2.5788212	2.609665	0	
3.4	2.3202969	2.5505359	2.3396582	0	
3.6	2.3042896	2.5371651	2.2425764	0	
3.8	2.2903915	2.5159937	2.3524746	0	
4	2.2725313	2.475274	2.3398628	0	
4.4	2.256835	2.4571351	2.3902385	0	
4.5	2.2462537	2.4254757	2.3172634	0	
4.8	2.2364649	2.4194699	2.2332734	0	
5	2.2159552	2.3938518	2.2445386	0	
5.5	2.1963292	2.3616546	2.2823877	0	
6	2.1777044	2.3238384	2.2120278	0	
6.47	2.1517372	2.2885262	2.26994	0	
8	2.1187237	2.2180516	2.164067	0	
9	2.0954752	2.1816225	2.0287833	0	
10	2.0770471	2.1370648	2.0304856	0	
11	2.065948	2.1160173	2.0570549	0	
12	2.0489549	2.0822223	2.1336009	0	
13	2.0384878	2.0759058	2.1063694	0	
14	2.0309467	2.0679665	2.1320267	0	
15	2.026022	2.0522547	2.1176745	0	
16	2.0208689	2.0397147	2.0809684	0	
17	2.0162488	2.0366764	2.117699	0	
18	2.010447	2.0308717	2.1215036	0	
19	2.0049152	2.01209	2.1816196	0	
20	1.9993078	1.9967042	2.3267511	0	
21	1.9950759	2.0015599	2.2314474	0	
22	1.9906223	1.9961832	2.1036501	0	
23	1.9873291	1.9933952	2.0308093	0	
24	1.9837722	1.98099	1.9281516	0	
25	1.9806456	1.9762034	1.9733238	0	
26	1.9783933	1.979103	1.968613	0	
27	1.9769658	1.9755095	1.9565394	0	
28	1.9759554	1.9740247	1.9531949	0	
29	1.9748092	1.9732159	1.9532353	0	
30	1.9733648	1.9722991	1.9558374	0	
31	1.971961	1.970829	1.9622377	0	
32	1.9710747	1.9699455	1.9613587	0	
33	1.9701885	1.9690635	1.9604953	0	
34	1.9686196	1.9681838	1.9651277	0	
35	1.9664018	1.9643774	1.964208	0	
36	1.9654776	1.9632194	1.9642988	0	
37	1.9646002	1.9623457	1.9634233	0	
38	1.9637243	1.9614735	1.9625493	0	
39	1.96285	1.9606029	1.961677	0	
40	1.9619773	1.9597338	1.9608062	0	
41	1.9611061	1.9588664	1.9599369	0	
42	1.9602365	1.9580004	1.9590693	0	
43	1.9593685	1.957136	1.9582032	0	
44	1.9585021	1.9562732	1.9573386	0	
45	1.9559135	1.9536955	1.9547557	0	
50	1.9516274	1.9494272	1.9504789	0	
55	1.9473792	1.9451967	1.94624	0	
60	1.9431685	1.9410034	1.9420383	0	
65	1.9389946	1.9368467	1.9378735	0	
70	1.9348572	1.9327262	1.9337449	0	
75	1.9307557	1.9286414	1.9296521	0	
80	1.9266895	1.9245918	1.9255946	0	
85	1.9226583	1.9205769	1.921572	0	


precision, %
wave=450 nm
height, km	60	
0	1.9103795	
0.1	1.8097517	
0.2	1.7751412	
0.3	1.8133633	
0.4	1.8573223	
0.5	1.8429689	
0.6	1.8574482	
0.7	1.8891829	
0.8	1.8696098	
0.9	1.8565832	
1	1.7957636	
1.1	1.7548261	
1.2	1.7434227	
1.3	1.7188778	
1.4	1.6909218	
1.5	1.6869016	
1.6	1.7041849	
1.7	1.7089085	
1.8	1.7047533	
1.9	1.7166863	
2	1.7113069	
2.2	1.7479588	
2.4	1.7512083	
2.6	1.7593875	
2.8	1.7593303	
3	1.7749504	
3.2	1.7688619	
3.3	1.7708754	
3.4	1.7665972	
3.6	1.7755855	
3.8	1.7812699	
4	1.7805789	
4.4	1.7773711	
4.5	1.7798299	
4.8	1.7762649	
5	1.7697494	
5.5	1.7700979	
6	1.7662754	
6.47	1.7574909	
8	1.7622032	
9	1.7728093	
10	1.7722037	
11	1.7752525	
12	1.767012	
13	1.764097	
14	1.7697558	
15	1.7748658	
16	1.7786844	
17	1.7781146	
18	1.7782926	
19	1.7683257	
20	1.7630896	
21	1.7684508	
22	1.7744876	
23	1.7762086	
24	1.7736929	
25	1.7711249	
26	1.7704422	
27	1.7706311	
28	1.7707273	
29	1.7700296	
30	1.7693227	
31	1.7704091	
32	1.7704089	
33	1.7704014	
34	1.7676079	
35	1.7705954	
36	1.7706777	
37	1.7706773	
38	1.7706768	
39	1.7706764	
40	1.7706759	
41	1.7706755	
42	1.770675	
43	1.7706746	
44	1.7706741	
45	1.7706728	
50	1.7706705	
55	1.7706684	
60	1.7706662	
65	1.770664	
70	1.7706619	
75	1.7706598	
80	1.7706577	
85	1.7706557	


-------------------------------------------------
tet=60  fi=90
	60	
450	0.030217367	

	60	
450	-31.623202	

	60	
450	0.60312696	



ord=1
	60	
450	41.45287	

	60	
450	-38.0976	

	60	
450	0.018009293	

enhancement factor
ord=0
wave=450 nm
zenith, km	60	
Stoks:	     1.8986132	    0.60040228	   0.094897303	 -0.0031761374	
enhancement factor
0	2.1451011	2.0449868	1.7134285	1.6784022	
0.1	2.2627559	2.1689275	1.4634298	1.7157271	
0.2	2.3403528	2.2512033	1.1594274	2.1015298	
0.3	2.3868481	2.3039465	0.87752309	1.9491664	
0.4	2.402854	2.3101103	0.91719201	1.7692501	
0.5	2.4368738	2.3610461	0.78615417	1.9492044	
0.6	2.4866269	2.3992332	0.44739007	1.5202699	
0.7	2.510575	2.4092723	0.31897491	1.8702041	
0.8	2.5311662	2.4234662	0.22118253	1.5361148	
0.9	2.5618177	2.4786378	0.30320404	1.301414	
1	2.5640972	2.4890651	0.25165658	1.9743041	
1.1	2.5506327	2.4696084	0.19977166	2.0576834	
1.2	2.5394953	2.4485252	0.20776888	1.7141251	
1.3	2.5625191	2.4760884	0.1257249	2.244523	
1.4	2.5525856	2.4896955	0.12812832	2.4452388	
1.5	2.5730927	2.4998984	0.039138597	2.4015663	
1.6	2.5498111	2.4825561	0.074899764	1.9774326	
1.7	2.5607957	2.528684	0.04357811	1.844115	
1.8	2.5892714	2.5872575	0.044224242	1.6283963	
1.9	2.5819646	2.5811218	-0.16878774	1.9787548	
2	2.5976797	2.598797	-0.19471478	2.0512319	
2.2	2.5834864	2.5781555	-0.040417389	2.3273799	
2.4	2.6008194	2.6083874	-0.0078759766	2.3955388	
2.6	2.6183903	2.6066142	0.24492369	2.6038182	
2.8	2.6302593	2.5942572	0.39351217	2.0340673	
3	2.6084853	2.6003546	0.22584661	2.0214814	
3.2	2.6059013	2.6092658	-0.0001439652	1.7418768	
3.3	2.6057435	2.5910755	-0.089353611	1.9815969	
3.4	2.5996504	2.6052281	-0.23128967	1.6912055	
3.6	2.5898604	2.6087737	-0.36557738	2.417539	
3.8	2.625571	2.6664265	-0.47406087	2.713423	
4	2.6054252	2.6638532	-0.51972755	2.3292959	
4.4	2.5867418	2.6181718	-0.60062975	2.0106314	
4.5	2.589277	2.6414053	-0.635166	2.1993812	
4.8	2.587314	2.6646675	-0.65100608	2.5590782	
5	2.6104214	2.6860512	-1.1531545	2.5144219	
5.5	2.5723373	2.6147325	-0.88419493	2.7526342	
6	2.5697243	2.582324	-1.0626107	2.8502511	
6.47	2.5464516	2.5700131	-1.1800513	2.5003448	
8	2.4908446	2.528229	-0.83118125	2.6506621	
9	2.463566	2.5607993	-0.50612353	2.5160978	
10	2.386237	2.4719655	-0.34066904	2.5536416	
11	2.3367889	2.4225929	-0.014816639	2.3124834	
12	2.3236049	2.4268617	0.51672327	2.5408819	
13	2.3131417	2.458786	0.1377134	2.8885277	
14	2.2421368	2.3250099	0.44286609	2.5060257	
15	2.2084791	2.2780223	1.0518195	2.6917662	
16	2.1613103	2.2176766	1.2822791	2.3681639	
17	2.1436932	2.1999921	1.401601	2.3358122	
18	2.1267403	2.1767455	1.4019786	2.0497538	
19	2.0905052	2.1174671	1.5390375	2.1370221	
20	2.0739658	2.0923033	1.6859588	2.2395707	
21	2.0649785	2.0930328	1.6397795	2.0668708	
22	2.0536449	2.0762209	1.6929035	2.0447197	
23	2.0445679	2.0632337	1.7257268	2.049369	
24	2.0364012	2.0528023	1.756106	2.0546905	
25	2.0209621	2.0299161	1.8184056	2.0710514	
26	2.0143013	2.0193307	1.8449929	2.0741078	
27	2.0106005	2.0123929	1.8460849	2.0828233	
28	2.0029884	2.0036527	1.8359623	2.055825	
29	1.9949987	1.9934084	1.8581554	2.0166946	
30	1.9910137	1.9901466	1.8758076	2.0228566	
31	1.9932926	2.0026576	1.9187971	2.0300226	
32	1.9855483	1.9886965	1.9026847	2.016846	
33	1.9803563	1.9826656	1.9072391	1.9899522	
34	1.978469	1.9805952	1.9155211	1.9886563	
35	1.9771424	1.9792325	1.9189617	1.9879762	
36	1.9761197	1.978184	1.9190393	1.9881728	
37	1.9744938	1.9769486	1.9259515	1.9858686	
38	1.9722198	1.9750865	1.938862	1.9819659	
39	1.9702961	1.9730608	1.9494566	1.9854701	
40	1.9678186	1.9684979	1.9551083	1.9760351	
41	1.9668458	1.9674291	1.9549072	1.9752707	
42	1.9659371	1.9664996	1.9545129	1.974804	
43	1.9650113	1.9655457	1.9539401	1.9755263	
44	1.9641176	1.9646624	1.9532048	1.9746243	
45	1.9611186	1.961675	1.9553512	1.9721016	
50	1.956493	1.9570248	1.9536905	1.9644692	
55	1.9520154	1.9525784	1.9504045	1.9563579	
60	1.9477047	1.9482664	1.9463344	1.9516637	
65	1.9434904	1.9440532	1.9421506	1.9474192	
70	1.9393172	1.9398757	1.9379957	1.9432128	
75	1.9351802	1.9357341	1.9338739	1.9390437	
80	1.931079	1.9316283	1.9297859	1.9349108	
85	1.9270131	1.9275579	1.9257322	1.9308138	


precision, %
wave=450 nm
height, km	60	
0	0.65457459	
0.1	0.79802592	
0.2	0.90437238	
0.3	0.88931226	
0.4	0.94261341	
0.5	0.83800617	
0.6	0.87087889	
0.7	0.82857974	
0.8	0.90816158	
0.9	1.0570512	
1	1.0812103	
1.1	0.94933014	
1.2	0.86706944	
1.3	1.0448355	
1.4	0.90620218	
1.5	1.0223573	
1.6	0.90226118	
1.7	0.92163791	
1.8	1.2058928	
1.9	1.110881	
2	1.1032767	
2.2	1.0002944	
2.4	1.1147611	
2.6	1.2047087	
2.8	1.2252404	
3	1.2160142	
3.2	1.2935077	
3.3	1.2113893	
3.4	1.1914172	
3.6	1.1524303	
3.8	1.5670637	
4	1.321177	
4.4	1.3016635	
4.5	1.176456	
4.8	1.2708175	
5	1.6135373	
5.5	1.1905214	
6	1.3873588	
6.47	1.4546455	
8	1.3374219	
9	1.9557608	
10	1.3818763	
11	1.5204195	
12	1.7090555	
13	2.0531068	
14	1.5460573	
15	1.3414042	
16	1.1063074	
17	1.201169	
18	1.1756624	
19	0.94436363	
20	0.79883185	
21	0.9036337	
22	0.81923893	
23	0.77697759	
24	0.74888248	
25	0.67319388	
26	0.66128148	
27	0.65754691	
28	0.64930801	
29	0.64355155	
30	0.6398257	
31	0.74209259	
32	0.64076619	
33	0.62121862	
34	0.62012425	
35	0.61989439	
36	0.61969838	
37	0.61817172	
38	0.61260851	
39	0.60882379	
40	0.60284828	
41	0.60264058	
42	0.6027254	
43	0.60260722	
44	0.60264126	
45	0.6025918	
50	0.60240916	
55	0.60236871	
60	0.60239089	
65	0.6023913	
70	0.60239505	
75	0.60239885	
80	0.60240266	
85	0.60240644	


ord=1
wave=450 nm
zenith, km	60	
Stoks:	    0.78702964	    0.29983941	    0.40053788	             0	
enhancement factor
0	2.0221691	1.9770036	1.9791181	0	
0.1	2.033284	1.9958537	1.9992949	0	
0.2	2.0275799	1.9955377	1.9994064	0	
0.3	2.0233862	1.9956458	1.9993559	0	
0.4	2.0203194	1.9957644	1.9991451	0	
0.5	2.0176444	1.996004	1.9992029	0	
0.6	2.0155771	1.9959945	1.9991257	0	
0.7	2.0136962	1.9960934	1.9989844	0	
0.8	2.0121289	1.9962298	1.9990046	0	
0.9	2.0109096	1.9962289	1.9988781	0	
1	2.0097313	1.9964167	1.9988234	0	
1.1	2.0087876	1.9965474	1.9987207	0	
1.2	2.0079673	1.9966337	1.9986857	0	
1.3	2.0073302	1.9967292	1.9986538	0	
1.4	2.0066896	1.9967878	1.9986397	0	
1.5	2.0060853	1.9968	1.9985248	0	
1.6	2.0055486	1.9967725	1.9984119	0	
1.7	2.0050158	1.9968184	1.9983837	0	
1.8	2.0046371	1.9967892	1.9983399	0	
1.9	2.004225	1.9967732	1.9982834	0	
2	2.0037281	1.996747	1.9982329	0	
2.2	2.0030826	1.9967389	1.9980624	0	
2.4	2.0025467	1.9966716	1.9979148	0	
2.6	2.0021618	1.9966468	1.9977979	0	
2.8	2.0017715	1.9966005	1.997633	0	
3	2.0014321	1.9964842	1.9974956	0	
3.2	2.0011758	1.996386	1.9974635	0	
3.3	2.0010422	1.996347	1.9974345	0	
3.4	2.0007589	1.9963023	1.9973836	0	
3.6	2.0004582	1.9961922	1.9972645	0	
3.8	2.0001778	1.9960979	1.9971051	0	
4	1.9997856	1.9959741	1.9969001	0	
4.4	1.9994495	1.9958382	1.9967171	0	
4.5	1.9991993	1.9957646	1.9965923	0	
4.8	1.9989206	1.9956028	1.9964346	0	
5	1.9984589	1.9954111	1.9961882	0	
5.5	1.9978955	1.9951278	1.9958314	0	
6	1.9973511	1.9948659	1.9955055	0	
6.47	1.9963469	1.9942342	1.9947909	0	
8	1.9950813	1.9934983	1.9939315	0	
9	1.994101	1.9928693	1.9932538	0	
10	1.9931601	1.9922441	1.9925379	0	
11	1.9922822	1.9915556	1.9918023	0	
12	1.9913358	1.9908822	1.991046	0	
13	1.9904465	1.9901407	1.9902977	0	
14	1.989578	1.9893894	1.9895261	0	
15	1.9887273	1.9886402	1.988749	0	
16	1.9878664	1.9878722	1.9879638	0	
17	1.9870033	1.987074	1.987154	0	
18	1.9861231	1.9862728	1.9863413	0	
19	1.9852405	1.9854904	1.985511	0	
20	1.9843513	1.9846943	1.9846569	0	
21	1.9834704	1.9838493	1.9838401	0	
22	1.9825817	1.9830177	1.9830236	0	
23	1.9816997	1.9821751	1.9821907	0	
24	1.9808116	1.9813461	1.9813575	0	
25	1.9799238	1.9804975	1.980492	0	
26	1.9790415	1.9796293	1.979632	0	
27	1.9781647	1.9787703	1.9787696	0	
28	1.9772902	1.9779043	1.9779028	0	
29	1.9764127	1.9770348	1.9770333	0	
30	1.9755311	1.9761636	1.9761613	0	
31	1.9746489	1.9752917	1.9752868	0	
32	1.9737711	1.9744173	1.9744124	0	
33	1.9728932	1.9735424	1.9735375	0	
34	1.9720087	1.9726674	1.9726613	0	
35	1.9711184	1.9717976	1.9717861	0	
36	1.9702407	1.9709226	1.9709104	0	
37	1.9693638	1.9700473	1.970035	0	
38	1.9684875	1.9691721	1.9691599	0	
39	1.9676119	1.9682974	1.9682852	0	
40	1.9667371	1.9674233	1.9674111	0	
41	1.9658632	1.9665499	1.9665377	0	
42	1.9649904	1.9656773	1.9656651	0	
43	1.9641185	1.9648057	1.9647935	0	
44	1.9632478	1.963935	1.9639228	0	
45	1.9606438	1.9613302	1.9613181	0	
50	1.9563291	1.9570133	1.9570013	0	
55	1.9520487	1.9527294	1.9527174	0	
60	1.9478038	1.9484803	1.9484684	0	
65	1.9435949	1.9442666	1.9442548	0	
70	1.939422	1.9400888	1.9400771	0	
75	1.9352849	1.9359466	1.935935	0	
80	1.9311834	1.93184	1.9318285	0	
85	1.9271171	1.9277686	1.9277572	0	


precision, %
wave=450 nm
height, km	60	
0	0.05893276	
0.1	0.047872512	
0.2	0.042163721	
0.3	0.039477269	
0.4	0.037750835	
0.5	0.03513032	
0.6	0.033604289	
0.7	0.032515518	
0.8	0.030813778	
0.9	0.029556676	
1	0.027613362	
1.1	0.02623271	
1.2	0.025421432	
1.3	0.02458278	
1.4	0.023706107	
1.5	0.023203093	
1.6	0.023045827	
1.7	0.022717678	
1.8	0.022401383	
1.9	0.022265974	
2	0.021862688	
2.2	0.021892314	
2.4	0.021585377	
2.6	0.021469468	
2.8	0.021248109	
3	0.021259463	
3.2	0.021053521	
3.3	0.021021812	
3.4	0.020815449	
3.6	0.020781318	
3.8	0.020725515	
4	0.020560377	
4.4	0.020386685	
4.5	0.020321728	
4.8	0.020195154	
5	0.019941782	
5.5	0.019774124	
6	0.01957121	
6.47	0.019252541	
8	0.019021448	
9	0.018935151	
10	0.018774848	
11	0.018717404	
12	0.018487917	
13	0.018373821	
14	0.01837321	
15	0.018389636	
16	0.018390785	
17	0.018348227	
18	0.018305119	
19	0.018164082	
20	0.018070831	
21	0.01809583	
22	0.018124658	
23	0.018120616	
24	0.018074003	
25	0.018029529	
26	0.01801151	
27	0.018008618	
28	0.018008355	
29	0.01799878	
30	0.017986426	
31	0.017992625	
32	0.017992526	
33	0.017992355	
34	0.017958134	
35	0.017976058	
36	0.017976422	
37	0.017976384	
38	0.017976356	
39	0.017976336	
40	0.017976323	
41	0.017976316	
42	0.017976314	
43	0.017976317	
44	0.017976324	
45	0.017976371	
50	0.017976475	
55	0.017976616	
60	0.017976778	
65	0.01797695	
70	0.017977129	
75	0.01797731	
80	0.017977492	
85	0.017977674	


-------------------------------------------------
tet=60  fi=180
	60	
450	0.026666813	

	60	
450	33.392425	

	60	
450	0.66530356	



ord=1
	60	
450	38.768164	

	60	
450	53.528658	

	60	
450	0.02178979	

enhancement factor
ord=0
wave=450 nm
zenith, km	60	
Stoks:	     1.6755253	   -0.55949852	  0.0035106816	 3.9786863e-05	
enhancement factor
0	2.1714012	1.9587826	2.4662909	8.9895694	
0.1	2.3032627	1.9501828	5.0889223	5.7523167	
0.2	2.3695699	1.9253184	6.2070844	-8.5973898	
0.3	2.4150768	1.9161517	6.2745129	-9.0723436	
0.4	2.4471719	1.8966601	8.0534277	-3.5401042	
0.5	2.4714256	1.8843558	9.4709107	0.86882696	
0.6	2.5336072	1.856677	4.3437843	24.23274	
0.7	2.5639095	1.8473306	2.9481703	-5.6533529	
0.8	2.5985203	1.8322298	3.8942522	38.116259	
0.9	2.593072	1.8331759	4.5570856	22.816208	
1	2.5803389	1.8218234	7.3638929	-11.148525	
1.1	2.6199196	1.81511	6.7147804	-46.041691	
1.2	2.6248883	1.8293976	4.3989939	-23.11983	
1.3	2.6513218	1.822983	3.987397	-42.157869	
1.4	2.6509292	1.8284566	4.3487274	-30.763549	
1.5	2.6529743	1.8495218	3.3807759	-36.841359	
1.6	2.6287686	1.8753451	5.3265236	5.0698604	
1.7	2.6328137	1.8425564	3.8642845	3.8479302	
1.8	2.6658567	1.8362114	6.8110954	6.902761	
1.9	2.633872	1.8399159	1.8952003	-15.396277	
2	2.6558509	1.8308077	4.0481696	-7.1990401	
2.2	2.6379094	1.8115563	8.6489253	-6.2478109	
2.4	2.6554234	1.8268019	8.3820863	-18.105962	
2.6	2.6695068	1.8099562	9.540022	-32.294632	
2.8	2.6657456	1.8224676	12.453621	34.988159	
3	2.6600726	1.8547213	13.159132	30.557719	
3.2	2.6722309	1.8515065	10.658323	41.064675	
3.3	2.6842169	1.8634265	11.014951	41.277197	
3.4	2.6819981	1.8529408	8.4818762	46.392181	
3.6	2.6819515	1.8066223	0.74045454	-29.899782	
3.8	2.7233433	1.7938098	3.2109326	-58.25003	
4	2.6835459	1.8209745	4.9178571	-2.9328341	
4.4	2.6597404	1.845947	4.9701528	34.705639	
4.5	2.6734607	1.8264763	5.6133011	28.725761	
4.8	2.6808612	1.7952301	1.9584809	-20.569653	
5	2.6837724	1.7964502	-10.646546	-8.2454112	
5.5	2.6515508	1.8674456	-3.2701332	6.3849277	
6	2.6791018	1.8799616	-4.5545327	-59.020628	
6.47	2.6204138	1.8870192	-15.973644	6.2975035	
8	2.5570076	1.8969827	-6.2261058	34.812412	
9	2.4961036	1.8472917	-17.116865	0.68941413	
10	2.4331727	1.8480344	-10.886864	4.3819199	
11	2.3926583	1.8536024	-4.1892632	30.503491	
12	2.3550809	1.8532173	-7.4855477	-0.6666072	
13	2.3481471	1.8222057	-11.812299	-23.622518	
14	2.2910595	1.9085306	-2.7963287	-14.157213	
15	2.2388784	1.9248989	2.4548629	-11.624581	
16	2.1795313	1.93632	3.4050085	-3.482654	
17	2.1645515	1.9268106	5.4737228	-11.331569	
18	2.1524054	1.9335265	4.8893288	2.7751692	
19	2.1103432	1.9651398	4.0102005	-2.4597814	
20	2.0854155	1.9789113	4.7998652	-8.5167849	
21	2.0716919	1.9722624	4.2418152	-7.7037978	
22	2.0615324	1.97579	4.0540582	-7.7842076	
23	2.0504236	1.9764206	2.9368569	-6.1107656	
24	2.0411567	1.977924	2.7479731	-7.1604026	
25	2.0264677	1.9800422	2.8278175	-7.3813962	
26	2.0211885	1.9803864	2.8830833	-6.2150666	
27	2.0179165	1.9807871	2.494799	-6.2656394	
28	2.0089719	1.9808826	1.4347599	-2.4160425	
29	2.0019202	1.985591	1.3656223	-1.1325072	
30	1.9977239	1.9845868	1.2340121	-1.7877986	
31	1.996283	1.9767603	1.0066655	-2.9395688	
32	1.9908003	1.9793044	1.2924418	-2.4984068	
33	1.9859841	1.977668	1.5279354	0.84811113	
34	1.9840894	1.9766078	1.5584264	1.1377286	
35	1.9826633	1.9754976	1.5633912	1.1998202	
36	1.9815722	1.9748332	1.5708421	1.1393556	
37	1.9795512	1.9738225	1.619343	1.1510045	
38	1.9768016	1.9719436	1.6716149	0.97672955	
39	1.9746041	1.970117	1.7509185	0.76623126	
40	1.9720859	1.9723568	1.7712741	1.6632271	
41	1.9710623	1.9716189	1.7648015	1.7246903	
42	1.9701467	1.9707121	1.763919	1.7229813	
43	1.9692893	1.9700332	1.7674811	1.6059998	
44	1.9683765	1.9691302	1.7695442	1.6094752	
45	1.9654199	1.9664169	1.8624637	1.6251657	
50	1.9608164	1.9621569	1.9055251	1.4233529	
55	1.9563376	1.9578678	1.9205991	1.6914777	
60	1.9520216	1.9535632	1.9264287	1.7918923	
65	1.9477654	1.9493077	1.9225729	1.7889905	
70	1.9435584	1.9450898	1.9185925	1.7860589	
75	1.9393876	1.9409079	1.914643	1.7831259	
80	1.9352528	1.9367619	1.9107264	1.7802129	
85	1.9311538	1.9326515	1.9068425	1.7773199	


precision, %
wave=450 nm
height, km	60	
0	0.70548803	
0.1	0.8645477	
0.2	0.9891807	
0.3	0.89585385	
0.4	0.99091313	
0.5	0.9521023	
0.6	1.0611371	
0.7	1.0319819	
0.8	1.1426989	
0.9	1.076722	
1	1.0061835	
1.1	1.1211561	
1.2	1.0329735	
1.3	1.1624203	
1.4	1.170389	
1.5	1.1396331	
1.6	1.0993731	
1.7	1.1218401	
1.8	1.4088671	
1.9	1.2530083	
2	1.2672897	
2.2	1.125675	
2.4	1.1242345	
2.6	1.1791411	
2.8	1.1906367	
3	1.36778	
3.2	1.4863614	
3.3	1.4493113	
3.4	1.3856288	
3.6	1.4282919	
3.8	1.8549662	
4	1.436973	
4.4	1.3552968	
4.5	1.328857	
4.8	1.4484212	
5	1.5563034	
5.5	1.3766531	
6	1.8443932	
6.47	1.813295	
8	1.571	
9	1.6690311	
10	1.4647587	
11	1.7142401	
12	1.6577953	
13	1.9857856	
14	1.8670072	
15	1.4616756	
16	1.0759501	
17	1.3386606	
18	1.4338118	
19	1.0994967	
20	0.87155808	
21	0.85782989	
22	0.8252132	
23	0.78589175	
24	0.76496948	
25	0.73637614	
26	0.73134481	
27	0.72951965	
28	0.71321298	
29	0.70812963	
30	0.70398349	
31	0.71464423	
32	0.68888615	
33	0.67601454	
34	0.67605972	
35	0.67627596	
36	0.67609157	
37	0.67233375	
38	0.67074713	
39	0.6699226	
40	0.66467152	
41	0.66460012	
42	0.66465991	
43	0.66494893	
44	0.66501196	
45	0.66499834	
50	0.66478028	
55	0.66479874	
60	0.66474329	
65	0.66473505	
70	0.66473753	
75	0.66474022	
80	0.664743	
85	0.66474582	


ord=1
wave=450 nm
zenith, km	60	
Stoks:	    0.64957039	   -0.34770631	 0.00019992154	             0	
enhancement factor
0	2.0431521	1.9770366	5.7113775	0	
0.1	2.0524112	1.9978614	6.2684775	0	
0.2	2.0455261	1.9979748	6.6697478	0	
0.3	2.0404713	1.997729	6.7411528	0	
0.4	2.0367833	1.9974803	6.4871512	0	
0.5	2.0335704	1.9971333	6.7663916	0	
0.6	2.0310943	1.9970055	6.7717185	0	
0.7	2.0288453	1.9967884	6.6458028	0	
0.8	2.0269766	1.9965429	6.8398226	0	
0.9	2.02553	1.9964188	6.738344	0	
1	2.0241341	1.996135	6.7785598	0	
1.1	2.023023	1.9959027	6.7207747	0	
1.2	2.0220615	1.9957114	6.7965644	0	
1.3	2.0213224	1.9955143	6.8765596	0	
1.4	2.02058	1.995351	6.9912536	0	
1.5	2.0198823	1.9952295	6.9031567	0	
1.6	2.0192675	1.9951436	6.8185928	0	
1.7	2.0186573	1.994996	6.9021198	0	
1.8	2.0182337	1.9949141	6.953608	0	
1.9	2.0177702	1.9948217	6.9793255	0	
2	2.0172225	1.9946865	7.085065	0	
2.2	2.0165138	1.994485	7.0189034	0	
2.4	2.0159396	1.9943364	6.9978513	0	
2.6	2.0155491	1.9941525	7.0373498	0	
2.8	2.0151535	1.9939879	6.9812471	0	
3	2.0148203	1.9938841	6.9803797	0	
3.2	2.0145688	1.9938161	7.1212958	0	
3.3	2.0144466	1.9937481	7.1999741	0	
3.4	2.0141638	1.9936346	7.3038306	0	
3.6	2.0138805	1.9935265	7.3404427	0	
3.8	2.0136228	1.9934049	7.2970676	0	
4	2.0132724	1.9932075	7.3004231	0	
4.4	2.0129699	1.9930711	7.2800677	0	
4.5	2.0127513	1.9929316	7.3075496	0	
4.8	2.01252	1.9928166	7.33912	0	
5	2.0121116	1.9926261	7.3334969	0	
5.5	2.0116466	1.9923623	7.3170822	0	
6	2.0112008	1.992096	7.342215	0	
6.47	2.0034466	1.9947485	4.181716	0	
8	1.9973915	1.9964072	1.9296654	0	
9	1.9966543	1.9959268	1.9793848	0	
10	1.9959547	1.9954076	1.9771949	0	
11	1.995317	1.9948971	1.9660729	0	
12	1.9945824	1.9943377	1.9361149	0	
13	1.9938982	1.9937948	1.9456762	0	
14	1.9932206	1.9932162	1.9350506	0	
15	1.9925466	1.9925914	1.9391705	0	
16	1.9918433	1.9919412	1.9518233	0	
17	1.9911218	1.9912803	1.9368252	0	
18	1.9903671	1.9905921	1.9336937	0	
19	1.9895994	1.9898636	1.9104947	0	
20	1.988813	1.9891215	1.8550291	0	
21	1.9880245	1.9883933	1.888366	0	
22	1.9872161	1.9876308	1.9345796	0	
23	1.986406	1.986856	1.9604337	0	
24	1.9855805	1.9860507	1.995811	0	
25	1.9847479	1.985245	1.9782889	0	
26	1.9839136	1.9844403	1.9791003	0	
27	1.9830792	1.9836136	1.9823131	0	
28	1.9822417	1.9827817	1.982318	0	
29	1.9813961	1.9819439	1.9810661	0	
30	1.9805409	1.9810993	1.9788572	0	
31	1.9796805	1.9802474	1.9752547	0	
32	1.9788216	1.9793913	1.9743618	0	
33	1.9779597	1.978532	1.9734653	0	
34	1.9770875	1.9776701	1.9705083	0	
35	1.9762063	1.9768014	1.970338	0	
36	1.9753372	1.9759339	1.9691377	0	
37	1.974467	1.9750649	1.9682542	0	
38	1.9735954	1.9741944	1.9673723	0	
39	1.972723	1.9733228	1.966492	0	
40	1.9718501	1.9724504	1.9656133	0	
41	1.9709769	1.9715776	1.9647361	0	
42	1.9701037	1.9707047	1.9638606	0	
43	1.9692307	1.9698318	1.9629866	0	
44	1.9683579	1.9689591	1.9621142	0	
45	1.9657429	1.9663434	1.959508	0	
50	1.9614046	1.9620031	1.9551928	0	
55	1.9570935	1.957689	1.9509159	0	
60	1.9528139	1.9534057	1.9466768	0	
65	1.9485681	1.9491558	1.942475	0	
70	1.9443573	1.9449406	1.93831	0	
75	1.9401817	1.9407606	1.9341812	0	
80	1.9360417	1.9366161	1.9300882	0	
85	1.9319372	1.932507	1.9260305	0	


precision, %
wave=450 nm
height, km	60	
0	0.070588791	
0.1	0.057385712	
0.2	0.05055488	
0.3	0.047344552	
0.4	0.0452839	
0.5	0.042143636	
0.6	0.040315004	
0.7	0.039010055	
0.8	0.036967651	
0.9	0.035459557	
1	0.033125261	
1.1	0.031468514	
1.2	0.030497478	
1.3	0.029492715	
1.4	0.028441068	
1.5	0.027838929	
1.6	0.027649938	
1.7	0.027259253	
1.8	0.02687822	
1.9	0.026713298	
2	0.02622914	
2.2	0.026264894	
2.4	0.025897072	
2.6	0.025758742	
2.8	0.025492125	
3	0.025503748	
3.2	0.025257288	
3.3	0.02521988	
3.4	0.024973898	
3.6	0.024933726	
3.8	0.024868923	
4	0.024673477	
4.4	0.024465966	
4.5	0.024386161	
4.8	0.024234214	
5	0.023930855	
5.5	0.023728401	
6	0.023486565	
6.47	0.023184801	
8	0.022965617	
9	0.022861772	
10	0.022667989	
11	0.022597579	
12	0.022324143	
13	0.022185546	
14	0.022182007	
15	0.022199925	
16	0.022199944	
17	0.022147624	
18	0.022095375	
19	0.021929137	
20	0.02181936	
21	0.021848807	
22	0.021882531	
23	0.021876496	
24	0.021821323	
25	0.021769814	
26	0.021747325	
27	0.02174354	
28	0.021742792	
29	0.021731122	
30	0.021716241	
31	0.021723301	
32	0.021722936	
33	0.021722521	
34	0.021682532	
35	0.021704307	
36	0.021704587	
37	0.021704431	
38	0.021704306	
39	0.021704209	
40	0.021704135	
41	0.021704081	
42	0.021704044	
43	0.021704024	
44	0.021704017	
45	0.021704082	
50	0.021704283	
55	0.021704609	
60	0.021705005	
65	0.021705442	
70	0.021705902	
75	0.021706374	
80	0.021706851	
85	0.021707328	


