RT Model MCC++	 O.Postylyakov	ver.72
MixedSimC<atmos::StoksC,MCSimC<atmos::StoksC,MCWMethodC<atmos::StoksC,SphericalGeomT>>,SSSimC<atmos::StoksC,MCSimC<atmos::StoksC,MSSMethodC<atmos::StoksC,SphericalGeomT,1000>>>>	ps::cLCG2C	Density: double	AMFs: Yes	ORDERS_ACCOUNT: ATM_COLLGS_ORDERS
photons passed	base/max expendeture	EPS-breakes	MaxCollgs-Breaks	MinPhWgt-Breaks	average colligions
24700	0.0395156/0.0509701	0	0	0	3.18312	
SpecialSamplingCollgs	ForceCollgSimul	EPS	ssEPS	MaxCollgs	MinPhWgt	BaseMod	
1	0	0.001	1e-12	500	1e-300	0	
Albedo	time	IY
0.05	0.0511	{ 117674367 2134342191 ; 40014 40692 2147483563 2147483399 }	
 -6370.99	 -6370.99	 -5791.81	 -5212.63	 -4633.45	 -4054.27	 -3475.09	  -2895.9	 -2316.72	 -1737.54	 -1158.36	 -579.181	-9.09495e-13	  12.8571	  25.7143	  38.5714	  51.4286	  64.2857	  77.1429	       90	
        0	        0	0.0080361	 0.024108	 0.040179	 0.056251	 0.072322	 0.088394	  0.10447	  0.12054	  0.13661	  0.15268	  0.16875	0.0039284	0.0039364	0.0039443	0.0039522	0.0039601	 0.003968	 0.003976	
        0	        0	        0	        0	        0	        0	        0	        0	        0	        0	        0	        0	        0	        0	        0	        0	        0	        0	        0	        0	
        0	        0	        0	        0	        0	        0	        0	        0	        0	        0	        0	        0	        0	        0	        0	        0	        0	        0	        0	        0	

-------------------------------------------------
tet=89  fi=0
	60	
450	0.043492	

	60	
450	0.99478	

	60	
450	0.65037	



ord=1
	60	
450	46.484	

	60	
450	3.911	

	60	
450	0.015816	

enhancement factor
ord=0
wave=450 nm
zenith, km	60	
Stoks:	      2.732706	  -0.027184539	-0.00035892039	 0.00021826968	
enhancement factor
0	28.372003	26.653349	245.52123	43.242144	
0.1	5.7946364	-5.1519638	34.512572	13.513622	
0.2	3.0836124	-7.6878035	11.633343	8.1163534	
0.3	2.6460414	-7.4506649	-32.762192	5.0199631	
0.4	2.5124781	-6.8097645	5.0723178	1.9667456	
0.5	2.4389634	-6.2239234	17.096379	2.593849	
0.6	2.3796561	-5.639973	5.3244584	1.7632443	
0.7	2.3441536	-5.1193249	3.8420884	4.3233186	
0.8	2.3277314	-5.2090122	36.145731	6.181907	
0.9	2.3071484	-5.2897597	0.4737823	8.1563182	
1	2.287801	-5.330544	60.1813	9.3218368	
1.1	2.2670895	-4.2294416	40.574242	7.3348245	
1.2	2.2519787	-3.901568	37.64451	1.5435395	
1.3	2.2515429	-3.8037635	0.56489006	-1.1642752	
1.4	2.2417921	-3.6995555	29.468713	3.9726018	
1.5	2.2354006	-4.170581	20.038137	7.1280027	
1.6	2.2224706	-3.4978173	-9.4801648	2.5398959	
1.7	2.2163811	-3.2857884	6.8582888	1.7012893	
1.8	2.2018637	-2.8597744	19.344746	4.1770687	
1.9	2.2135579	-3.3746055	-36.475022	-0.99219097	
2	2.1971174	-3.1390247	39.218012	3.5900869	
2.2	2.184585	-3.0095517	42.091648	2.0826217	
2.4	2.1689991	-2.735456	41.500318	6.5394832	
2.6	2.162503	-2.4920588	26.920336	2.6572291	
2.8	2.1556111	-2.1823501	53.538267	-0.95529049	
3	2.151116	-1.8721365	55.994179	-2.1193844	
3.2	2.1446578	-1.5926272	55.645481	0.27614458	
3.3	2.1463037	-1.2568829	52.00298	0.97801999	
3.4	2.1431334	-1.0574216	33.029651	2.9657992	
3.6	2.1392253	-1.1683288	-15.958218	0.7983557	
3.8	2.1294326	-1.1618257	-16.748196	4.3948844	
4	2.1324501	-1.2066033	-12.234742	5.608931	
4.4	2.1384622	-0.84918535	-30.918627	4.1580576	
4.5	2.1478634	-1.3662316	4.2749174	12.817402	
4.8	2.1417418	-1.0731683	43.427333	13.300644	
5	2.1299856	-1.0373635	40.830979	8.3795857	
5.5	2.1219679	-1.1296438	62.987095	3.3309525	
6	2.1266821	-1.9014785	37.368942	12.539725	
6.47	2.1311564	-1.5581802	-7.2651294	8.5718063	
8	2.1110432	-0.60564076	7.0462209	10.22043	
9	2.0864296	-0.5621799	-25.936905	3.4138241	
10	2.0726618	-0.24346569	-36.723687	5.0846202	
11	2.0639342	0.38534408	-34.804531	2.0881492	
12	2.0490092	0.28931739	2.184319	5.1839691	
13	2.0385235	0.77954307	10.392607	4.061003	
14	2.0325516	0.91556047	15.895501	3.7904657	
15	2.0265911	1.1346033	-2.0763519	5.7052411	
16	2.0233216	1.4210312	-3.8515719	2.9375626	
17	2.0213746	1.4716218	-46.739447	9.5350263	
18	2.0112894	1.5842811	-19.223773	7.2561773	
19	2.0045269	1.839676	32.356229	4.4252113	
20	2.0039241	1.8374556	12.965356	3.2144245	
21	1.9908825	1.7950264	9.0644827	3.3510404	
22	1.9882695	1.7835861	3.328873	3.4796857	
23	1.9858067	1.8362173	2.9462236	2.9698543	
24	1.9828905	1.8856698	1.5961221	2.4799229	
25	1.9812274	1.9039771	0.29661532	2.3713182	
26	1.9798202	1.9009243	-0.10710924	2.3445225	
27	1.9784094	1.9086876	0.22075789	2.2418274	
28	1.9770649	1.9521865	-0.49626768	2.3480556	
29	1.9750839	1.9470231	-0.45445978	2.2106463	
30	1.9744315	1.9181452	-3.1772529	2.7149296	
31	1.9734845	1.9223674	-4.7865886	2.9158619	
32	1.9714785	1.9490372	-1.0577254	2.5536961	
33	1.9703695	1.9549818	-0.13536622	2.4189156	
34	1.9693972	1.9604334	0.29581263	2.3422704	
35	1.9682114	1.9577761	-0.70540574	2.2467111	
36	1.9671339	1.9563663	-1.0697909	2.2057516	
37	1.9658896	1.9537891	-1.3018451	2.2105435	
38	1.9648105	1.9501291	-0.91126966	2.1548142	
39	1.96378	1.9561186	-0.19277487	2.1903573	
40	1.9627516	1.9620761	0.50443049	2.2290822	
41	1.9616155	1.9607261	0.5294354	2.2072037	
42	1.9607244	1.9606075	0.60120382	2.1954813	
43	1.959839	1.9600579	0.67815419	2.183713	
44	1.9589254	1.9577833	0.86537349	2.1575802	
45	1.9562383	1.9592399	1.4188843	2.0772238	
50	1.9517876	1.9593446	2.1789764	1.9597368	
55	1.9474849	1.9536313	2.1391376	1.9527088	
60	1.9432233	1.9509763	1.9873871	1.9446815	
65	1.9390387	1.9469686	1.9544862	1.9397487	
70	1.9349008	1.9427677	1.9501682	1.9356008	
75	1.9307988	1.9386035	1.9458892	1.9314889	
80	1.9267323	1.9344756	1.9416487	1.9274127	
85	1.9227006	1.9303834	1.9374461	1.9233716	


precision, %
wave=450 nm
height, km	60	
0	0.53592657	
0.1	0.74654303	
0.2	0.82769525	
0.3	0.90525703	
0.4	0.89016682	
0.5	0.88024935	
0.6	0.81488189	
0.7	0.81473052	
0.8	0.87230557	
0.9	0.92408613	
1	0.92140673	
1.1	0.83422731	
1.2	0.82617886	
1.3	0.8324878	
1.4	0.85837927	
1.5	0.87962869	
1.6	0.80910072	
1.7	0.82288322	
1.8	0.78490565	
1.9	0.94631964	
2	0.79461603	
2.2	0.77222425	
2.4	0.77104727	
2.6	0.77245586	
2.8	0.7779802	
3	0.78559108	
3.2	0.77298415	
3.3	0.81023565	
3.4	0.78763224	
3.6	0.80184846	
3.8	0.7746887	
4	0.75603408	
4.4	0.79750255	
4.5	0.87726178	
4.8	0.85990776	
5	0.82675722	
5.5	0.87905434	
6	0.89869338	
6.47	0.91309716	
8	0.9064317	
9	0.79140786	
10	0.81049808	
11	0.81042411	
12	0.74424066	
13	0.73012844	
14	0.748474	
15	0.75738993	
16	0.74148152	
17	0.75214016	
18	0.70335786	
19	0.68020525	
20	0.8152475	
21	0.66257937	
22	0.66361893	
23	0.66252071	
24	0.66181627	
25	0.66118364	
26	0.65963326	
27	0.65902332	
28	0.65850469	
29	0.65802597	
30	0.65483113	
31	0.6530311	
32	0.65202793	
33	0.65246115	
34	0.65265195	
35	0.65280151	
36	0.65287942	
37	0.65210743	
38	0.65170347	
39	0.65037123	
40	0.6490499	
41	0.64888734	
42	0.64894784	
43	0.64902194	
44	0.64921344	
45	0.64980731	
50	0.65066915	
55	0.6506467	
60	0.65070783	
65	0.65072149	
70	0.65071938	
75	0.6507173	
80	0.65071524	
85	0.6507132	


ord=1
wave=450 nm
zenith, km	60	
Stoks:	      1.270279	  -0.049680065	-0.00012386958	             0	
enhancement factor
0	31.740033	31.90725	19.13645	0	
0.1	5.5135495	5.5738904	6.8401586	0	
0.2	2.4727394	2.4840877	3.6103697	0	
0.3	2.0763346	2.07917	2.2748091	0	
0.4	2.0132055	2.0139673	2.089961	0	
0.5	2.0011953	2.001359	2.0074231	0	
0.6	1.9984856	1.9985428	2.0082855	0	
0.7	1.9977393	1.9977375	2.0197728	0	
0.8	1.9974568	1.997447	2.0110707	0	
0.9	1.9972971	1.9972823	1.9981513	0	
1	1.9971838	1.997167	1.997754	0	
1.1	1.9970829	1.9970654	1.9976603	0	
1.2	1.9969863	1.9969686	1.9975665	0	
1.3	1.9968914	1.9968735	1.9974728	0	
1.4	1.9967972	1.9967793	1.9973791	0	
1.5	1.9967033	1.9966854	1.9972854	0	
1.6	1.9966096	1.9965916	1.9971917	0	
1.7	1.996516	1.996498	1.997098	0	
1.8	1.9964224	1.9964044	1.9970044	0	
1.9	1.9963288	1.9963109	1.9969108	0	
2	1.9961886	1.9961706	1.9967704	0	
2.2	1.9960016	1.9959836	1.9965832	0	
2.4	1.9958147	1.9957968	1.9963961	0	
2.6	1.9956279	1.99561	1.9962091	0	
2.8	1.9954412	1.9954232	1.9960222	0	
3	1.9952545	1.9952366	1.9958353	0	
3.2	1.9951146	1.9950966	1.9956952	0	
3.3	1.9950213	1.9950034	1.9956018	0	
3.4	1.9948814	1.9948635	1.9954618	0	
3.6	1.994695	1.994677	1.9952751	0	
3.8	1.9945086	1.9944907	1.9950885	0	
4	1.9942291	1.9942112	1.9948088	0	
4.4	1.9939964	1.9939785	1.9945758	0	
4.5	1.9938103	1.9937924	1.9943895	0	
4.8	1.9935777	1.9935598	1.9941567	0	
5	1.9932523	1.9932344	1.9938309	0	
5.5	1.9927878	1.99277	1.993366	0	
6	1.9923377	1.9923199	1.9929154	0	
6.47	1.991411	1.9913932	1.9919877	0	
8	1.990241	1.9902232	1.9908164	0	
9	1.9893181	1.9893003	1.9898925	0	
10	1.9883969	1.9883791	1.9889703	0	
11	1.9874774	1.9874597	1.9880498	0	
12	1.9865596	1.9865419	1.9871311	0	
13	1.9856435	1.9856259	1.986214	0	
14	1.9847291	1.9847115	1.9852987	0	
15	1.9838164	1.9837988	1.984385	0	
16	1.9829054	1.9828879	1.983473	0	
17	1.9819961	1.9819786	1.9825627	0	
18	1.9810884	1.9810709	1.9816541	0	
19	1.9801824	1.980165	1.9807472	0	
20	1.9792781	1.9792607	1.9798419	0	
21	1.9783755	1.9783581	1.9789383	0	
22	1.9774745	1.9774571	1.9780364	0	
23	1.9765751	1.9765578	1.9771361	0	
24	1.9756774	1.9756601	1.9762374	0	
25	1.9747813	1.9747641	1.9753404	0	
26	1.9738869	1.9738697	1.9744451	0	
27	1.9729941	1.9729769	1.9735514	0	
28	1.972103	1.9720858	1.9726593	0	
29	1.9712134	1.9711963	1.9717688	0	
30	1.9703255	1.9703084	1.9708799	0	
31	1.9694392	1.9694221	1.9699927	0	
32	1.9685545	1.9685374	1.9691071	0	
33	1.9676714	1.9676544	1.9682231	0	
34	1.9667899	1.9667729	1.9673407	0	
35	1.96591	1.965893	1.9664599	0	
36	1.9650317	1.9650148	1.9655807	0	
37	1.964155	1.9641381	1.964703	0	
38	1.9632799	1.963263	1.963827	0	
39	1.9624063	1.9623894	1.9629525	0	
40	1.9615343	1.9615175	1.9620796	0	
41	1.9606639	1.9606471	1.9612083	0	
42	1.9597951	1.9597783	1.9603386	0	
43	1.9589278	1.958911	1.9594704	0	
44	1.958062	1.9580453	1.9586038	0	
45	1.9554756	1.955459	1.9560147	0	
50	1.9511931	1.9511766	1.9517278	0	
55	1.9469484	1.9469321	1.9474788	0	
60	1.9427412	1.9427249	1.9432673	0	
65	1.9385708	1.9385547	1.9390927	0	
70	1.9344367	1.9344207	1.9349545	0	
75	1.9303386	1.9303227	1.9308523	0	
80	1.9262757	1.92626	1.9267854	0	
85	1.9222478	1.9222322	1.9227535	0	


precision, %
wave=450 nm
height, km	60	
0	0.012842274	
0.1	0.018599223	
0.2	0.015099837	
0.3	0.01495507	
0.4	0.015584283	
0.5	0.015784145	
0.6	0.015801312	
0.7	0.015810011	
0.8	0.01581409	
0.9	0.01582331	
1	0.015824066	
1.1	0.015824123	
1.2	0.015824145	
1.3	0.015824154	
1.4	0.015824158	
1.5	0.015824159	
1.6	0.015824159	
1.7	0.015824158	
1.8	0.015824158	
1.9	0.015824157	
2	0.015824155	
2.2	0.015824153	
2.4	0.015824151	
2.6	0.015824149	
2.8	0.015824147	
3	0.015824145	
3.2	0.015824143	
3.3	0.015824142	
3.4	0.015824141	
3.6	0.015824139	
3.8	0.015824137	
4	0.015824133	
4.4	0.015824131	
4.5	0.015824129	
4.8	0.015824126	
5	0.015824122	
5.5	0.015824117	
6	0.015824112	
6.47	0.015824101	
8	0.015824088	
9	0.015824078	
10	0.015824067	
11	0.015824057	
12	0.015824047	
13	0.015824036	
14	0.015824026	
15	0.015824016	
16	0.015824005	
17	0.015823995	
18	0.015823985	
19	0.015823975	
20	0.015823965	
21	0.015823954	
22	0.015823944	
23	0.015823934	
24	0.015823924	
25	0.015823914	
26	0.015823904	
27	0.015823894	
28	0.015823884	
29	0.015823874	
30	0.015823864	
31	0.015823854	
32	0.015823844	
33	0.015823834	
34	0.015823825	
35	0.015823815	
36	0.015823805	
37	0.015823795	
38	0.015823785	
39	0.015823776	
40	0.015823766	
41	0.015823756	
42	0.015823746	
43	0.015823737	
44	0.015823727	
45	0.015823698	
50	0.015823651	
55	0.015823604	
60	0.015823557	
65	0.015823511	
70	0.015823466	
75	0.015823421	
80	0.015823376	
85	0.015823332	


-------------------------------------------------
tet=89  fi=90
	60	
450	0.017975951	

	60	
450	-23.205072	

	60	
450	0.94839909	



ord=1
	60	
450	28.990103	

	60	
450	-31.487776	

	60	
450	0.061293106	

enhancement factor
ord=0
wave=450 nm
zenith, km	60	
Stoks:	     1.1294623	    0.26209254	  -0.060129779	 5.5812983e-06	
enhancement factor
0	25.249622	25.666643	30.373436	-3007.3495	
0.1	5.6507248	6.2011615	9.9194397	-2408.3529	
0.2	3.3071516	3.741094	6.4405831	-1407.319	
0.3	2.8964719	3.349441	5.2934304	-1169.0656	
0.4	2.7507145	3.1543529	4.9591037	-974.68258	
0.5	2.669337	3.0433101	4.6965994	-931.36754	
0.6	2.6074518	2.9346557	4.4114276	-926.94477	
0.7	2.5720336	2.8416681	4.1788758	-590.64915	
0.8	2.5536844	2.7985472	4.3678166	-449.57405	
0.9	2.5084539	2.7798989	3.9529439	-474.42097	
1	2.4838724	2.7218933	3.9441186	-290.39455	
1.1	2.4680353	2.6924086	3.9967315	-306.236	
1.2	2.4549783	2.651403	3.7129477	-432.42905	
1.3	2.4448253	2.6227065	3.5580942	-492.25998	
1.4	2.4347253	2.6173214	3.6517962	-320.25999	
1.5	2.435726	2.6341646	3.671551	-451.91668	
1.6	2.4159297	2.5598396	3.4949979	-480.17718	
1.7	2.4082268	2.5399455	3.361516	-296.21613	
1.8	2.3958573	2.5052544	3.2932548	-228.41128	
1.9	2.4283848	2.5705142	3.2947956	-123.53497	
2	2.3839835	2.5362142	3.3001382	-153.12958	
2.2	2.3559666	2.4969614	3.2417857	-201.14037	
2.4	2.351467	2.4602946	3.1876272	98.300619	
2.6	2.3255727	2.4181187	3.0405475	-186.2116	
2.8	2.3313282	2.3994571	3.1955991	-160.54786	
3	2.3264597	2.3818813	3.1503357	-113.26643	
3.2	2.3037882	2.366265	3.1192422	-71.394342	
3.3	2.3063186	2.3134778	3.1381367	25.219013	
3.4	2.3072385	2.2932701	3.0351096	22.02244	
3.6	2.3110047	2.3168491	2.7745614	-96.893824	
3.8	2.2917938	2.317817	2.7515716	-74.088089	
4	2.2997064	2.3318853	2.834045	-63.432191	
4.4	2.3111794	2.3434433	2.9398356	-5.4079716	
4.5	2.3272752	2.3797003	3.1304474	193.67988	
4.8	2.3263758	2.4122119	3.270327	380.44979	
5	2.2965739	2.3515879	3.150441	178.89973	
5.5	2.2944517	2.3469573	3.1105793	72.204977	
6	2.3022068	2.3695689	3.0362802	189.92289	
6.47	2.2891534	2.3385837	2.936182	56.167397	
8	2.265212	2.2974638	2.9174705	447.64627	
9	2.2094257	2.2654759	2.4920805	139.14756	
10	2.1742551	2.2303437	2.3229573	7.5153439	
11	2.1493408	2.1702496	2.2826499	-27.3721	
12	2.1269773	2.1604948	2.409055	154.67815	
13	2.1024702	2.1208967	2.3521812	65.977106	
14	2.0942758	2.1071377	2.3363855	77.265235	
15	2.0796065	2.0751384	2.2630416	128.63316	
16	2.0772516	2.0497396	2.4158231	-117.27387	
17	2.0774301	2.0729859	1.9151584	421.18807	
18	2.0570676	2.0490207	1.9847523	306.52587	
19	2.0327392	2.0130881	2.2502761	51.394887	
20	2.0311368	2.0153532	2.3121714	66.854706	
21	2.0093445	1.9986837	2.1097459	-11.340511	
22	2.0054305	1.9947188	2.0804495	-31.874362	
23	1.999936	1.9904255	2.0678946	-28.833681	
24	1.9942156	1.9879677	2.0531166	-25.069349	
25	1.9913765	1.9860074	2.0425587	-20.723397	
26	1.9895914	1.9848381	2.0365717	-19.802531	
27	1.9878114	1.9823208	2.031309	-21.205	
28	1.9860589	1.9763933	2.0223123	-15.964159	
29	1.9824152	1.9773363	2.005182	-17.312727	
30	1.9827854	1.9791985	2.0033189	-19.820076	
31	1.9818661	1.9796124	1.9955661	-16.332715	
32	1.9776631	1.9763619	1.9936699	-10.535692	
33	1.976073	1.9748978	1.9927758	-9.4818035	
34	1.9748236	1.9737176	1.99218	-8.7588986	
35	1.9733903	1.9729014	1.9872866	-6.7868587	
36	1.972089	1.9718289	1.9836683	-5.3057788	
37	1.9704782	1.9703399	1.9766221	-0.67522039	
38	1.9692778	1.969273	1.9730138	-0.45635857	
39	1.9679074	1.9676819	1.9748799	-0.077542147	
40	1.9665637	1.9660894	1.9766405	0.3060412	
41	1.9653699	1.9647244	1.9724562	1.854311	
42	1.9644345	1.9637973	1.9715664	1.9463271	
43	1.9635028	1.9629003	1.9708009	1.9099491	
44	1.9624626	1.962171	1.9711557	0.91044685	
45	1.9594801	1.9592637	1.9687649	1.3706681	
50	1.9546181	1.9545451	1.9645331	1.9316325	
55	1.9502922	1.9502636	1.9595022	2.093156	
60	1.9458583	1.9455097	1.9537306	1.5920844	
65	1.9416286	1.9412361	1.9492005	1.4963006	
70	1.93747	1.9370806	1.9449813	1.4954031	
75	1.9333476	1.9329612	1.9407991	1.4945022	
80	1.9292609	1.9288775	1.9366533	1.493598	
85	1.9252094	1.924829	1.9325436	1.4926907	


precision, %
wave=450 nm
height, km	60	
0	0.98261509	
0.1	1.2935153	
0.2	1.2548278	
0.3	1.3959705	
0.4	1.3930933	
0.5	1.3648542	
0.6	1.3069417	
0.7	1.3416089	
0.8	1.3829343	
0.9	1.3258043	
1	1.2823026	
1.1	1.3527946	
1.2	1.3091197	
1.3	1.2312176	
1.4	1.2999136	
1.5	1.3463832	
1.6	1.2780058	
1.7	1.2724713	
1.8	1.283375	
1.9	1.6054981	
2	1.1772582	
2.2	1.123798	
2.4	1.4038009	
2.6	1.2052201	
2.8	1.3463557	
3	1.3019235	
3.2	1.1429383	
3.3	1.2391468	
3.4	1.214286	
3.6	1.2692943	
3.8	1.2142123	
4	1.2030966	
4.4	1.2903603	
4.5	1.3816059	
4.8	1.5179582	
5	1.3400839	
5.5	1.5159989	
6	1.4829486	
6.47	1.3732983	
8	1.6253822	
9	1.2609783	
10	1.2546016	
11	1.2221968	
12	1.1743186	
13	1.1408013	
14	1.2990015	
15	1.2434727	
16	1.2780577	
17	1.5410204	
18	1.3100093	
19	1.0134783	
20	1.2501905	
21	0.98982618	
22	0.99039927	
23	0.9815683	
24	0.9786173	
25	0.9763717	
26	0.97538227	
27	0.97506905	
28	0.97568765	
29	0.96846791	
30	0.97176281	
31	0.9893425	
32	0.9647388	
33	0.96139265	
34	0.95977044	
35	0.9589443	
36	0.9588	
37	0.95971297	
38	0.95841426	
39	0.95276833	
40	0.94737654	
41	0.94738661	
42	0.94736872	
43	0.94736169	
44	0.94752887	
45	0.94763308	
50	0.94843618	
55	0.94845088	
60	0.94842676	
65	0.94844733	
70	0.94844675	
75	0.94844619	
80	0.94844563	
85	0.94844508	


ord=1
wave=450 nm
zenith, km	60	
Stoks:	    0.32743229	    0.10310115	    0.17864095	             0	
enhancement factor
0	23.584902	23.561323	23.567725	0	
0.1	4.3317021	4.3723886	4.3774347	0	
0.2	2.3120523	2.3234169	2.3232556	0	
0.3	2.0512153	2.053717	2.0538308	0	
0.4	2.0098293	2.0103391	2.0103898	0	
0.5	2.0018793	2.0020225	2.002039	0	
0.6	2.0000446	2.000081	2.000098	0	
0.7	1.9995197	1.9995311	1.9995284	0	
0.8	1.9993047	1.9993051	1.9993042	0	
0.9	1.9991677	1.9991736	1.9991728	0	
1	1.9990606	1.9990655	1.9990646	0	
1.1	1.9989618	1.9989661	1.9989652	0	
1.2	1.9988659	1.9988699	1.998869	0	
1.3	1.9987711	1.9987749	1.998774	0	
1.4	1.9986768	1.9986805	1.9986797	0	
1.5	1.9985826	1.9985864	1.9985855	0	
1.6	1.9984886	1.9984924	1.9984915	0	
1.7	1.9983947	1.9983984	1.9983976	0	
1.8	1.9983008	1.9983045	1.9983036	0	
1.9	1.9982069	1.9982107	1.9982098	0	
2	1.9980662	1.9980699	1.998069	0	
2.2	1.9978786	1.9978823	1.9978814	0	
2.4	1.9976911	1.9976948	1.9976939	0	
2.6	1.9975036	1.9975073	1.9975065	0	
2.8	1.9973162	1.99732	1.9973191	0	
3	1.9971289	1.9971326	1.9971318	0	
3.2	1.9969885	1.9969922	1.9969913	0	
3.3	1.9968949	1.9968986	1.9968977	0	
3.4	1.9967545	1.9967582	1.9967574	0	
3.6	1.9965674	1.9965711	1.9965703	0	
3.8	1.9963804	1.9963841	1.9963832	0	
4	1.9961	1.9961037	1.9961028	0	
4.4	1.9958664	1.9958701	1.9958693	0	
4.5	1.9956797	1.9956834	1.9956825	0	
4.8	1.9954463	1.99545	1.9954491	0	
5	1.9951198	1.9951235	1.9951226	0	
5.5	1.9946538	1.9946574	1.9946566	0	
6	1.9942021	1.9942058	1.9942049	0	
6.47	1.9932722	1.9932759	1.993275	0	
8	1.9920981	1.9921018	1.9921009	0	
9	1.9911721	1.9911757	1.9911749	0	
10	1.9902477	1.9902514	1.9902505	0	
11	1.9893251	1.9893287	1.9893278	0	
12	1.9884041	1.9884078	1.9884069	0	
13	1.9874849	1.9874886	1.9874877	0	
14	1.9865674	1.9865711	1.9865702	0	
15	1.9856516	1.9856552	1.9856544	0	
16	1.9847375	1.9847411	1.9847403	0	
17	1.9838251	1.9838287	1.9838278	0	
18	1.9829143	1.9829179	1.9829171	0	
19	1.9820053	1.9820089	1.982008	0	
20	1.9810979	1.9811015	1.9811006	0	
21	1.9801922	1.9801958	1.9801949	0	
22	1.9792881	1.9792917	1.9792908	0	
23	1.9783857	1.9783893	1.9783885	0	
24	1.977485	1.9774886	1.9774877	0	
25	1.9765859	1.9765895	1.9765886	0	
26	1.9756885	1.975692	1.9756912	0	
27	1.9747927	1.9747962	1.9747954	0	
28	1.9738985	1.9739021	1.9739012	0	
29	1.973006	1.9730095	1.9730087	0	
30	1.9721151	1.9721186	1.9721178	0	
31	1.9712258	1.9712293	1.9712285	0	
32	1.9703381	1.9703417	1.9703408	0	
33	1.9694521	1.9694556	1.9694548	0	
34	1.9685677	1.9685712	1.9685703	0	
35	1.9676848	1.9676883	1.9676875	0	
36	1.9668036	1.9668071	1.9668062	0	
37	1.9659239	1.9659274	1.9659266	0	
38	1.9650459	1.9650494	1.9650485	0	
39	1.9641694	1.9641729	1.9641721	0	
40	1.9632945	1.963298	1.9632972	0	
41	1.9624212	1.9624247	1.9624239	0	
42	1.9615495	1.9615529	1.9615521	0	
43	1.9606793	1.9606828	1.9606819	0	
44	1.9598107	1.9598142	1.9598133	0	
45	1.9572158	1.9572192	1.9572184	0	
50	1.9529191	1.9529225	1.9529217	0	
55	1.9486606	1.9486639	1.9486631	0	
60	1.9444396	1.9444429	1.9444421	0	
65	1.9402556	1.940259	1.9402582	0	
70	1.9361082	1.9361115	1.9361107	0	
75	1.9319969	1.9320001	1.9319994	0	
80	1.927921	1.9279243	1.9279235	0	
85	1.9238803	1.9238835	1.9238827	0	


precision, %
wave=450 nm
height, km	60	
0	0.06683283	
0.1	0.091195901	
0.2	0.062391917	
0.3	0.058690318	
0.4	0.060526777	
0.5	0.061174315	
0.6	0.061214987	
0.7	0.061241604	
0.8	0.061255035	
0.9	0.061289	
1	0.061291659	
1.1	0.061291806	
1.2	0.061291866	
1.3	0.061291892	
1.4	0.061291904	
1.5	0.06129191	
1.6	0.061291913	
1.7	0.061291915	
1.8	0.061291916	
1.9	0.061291917	
2	0.061291917	
2.2	0.061291918	
2.4	0.061291918	
2.6	0.061291919	
2.8	0.061291919	
3	0.061291919	
3.2	0.06129192	
3.3	0.06129192	
3.4	0.06129192	
3.6	0.06129192	
3.8	0.061291921	
4	0.061291921	
4.4	0.061291921	
4.5	0.061291922	
4.8	0.061291922	
5	0.061291923	
5.5	0.061291923	
6	0.061291924	
6.47	0.061291926	
8	0.061291927	
9	0.061291929	
10	0.06129193	
11	0.061291932	
12	0.061291933	
13	0.061291935	
14	0.061291936	
15	0.061291938	
16	0.061291939	
17	0.06129194	
18	0.061291942	
19	0.061291943	
20	0.061291945	
21	0.061291946	
22	0.061291948	
23	0.061291949	
24	0.06129195	
25	0.061291952	
26	0.061291953	
27	0.061291955	
28	0.061291956	
29	0.061291957	
30	0.061291959	
31	0.06129196	
32	0.061291962	
33	0.061291963	
34	0.061291964	
35	0.061291966	
36	0.061291967	
37	0.061291969	
38	0.06129197	
39	0.061291971	
40	0.061291973	
41	0.061291974	
42	0.061291975	
43	0.061291977	
44	0.061291978	
45	0.061291982	
50	0.061291989	
55	0.061291995	
60	0.061292002	
65	0.061292008	
70	0.061292015	
75	0.061292021	
80	0.061292027	
85	0.061292033	


-------------------------------------------------
tet=89  fi=180
	60	
450	0.018582421	

	60	
450	8.0592144	

	60	
450	0.99872791	



ord=1
	60	
450	30.475726	

	60	
450	6.5779825	

	60	
450	0.05634379	

enhancement factor
ord=0
wave=450 nm
zenith, km	60	
Stoks:	      1.167568	  -0.094096805	 -0.0012627182	 0.00010734671	
enhancement factor
0	25.115349	20.967796	25.80178	28.869816	
0.1	5.5480525	1.7978031	6.7003812	2.0551471	
0.2	3.2371976	0.22516895	-3.9023605	3.8988492	
0.3	2.8485425	-0.087080973	-13.960225	10.782704	
0.4	2.6963805	0.14873567	-2.969236	7.0548325	
0.5	2.607743	0.27474145	1.8068412	1.8970347	
0.6	2.553476	0.39173151	0.67478361	1.4603727	
0.7	2.5227814	0.50109957	4.2466101	3.3942081	
0.8	2.5213127	0.43935757	10.705485	8.6679298	
0.9	2.4983702	0.5345942	-0.57916428	3.0396923	
1	2.4803466	0.62215651	-0.16243692	9.6056587	
1.1	2.481379	0.68428712	5.2565455	12.80307	
1.2	2.4695936	0.67265883	1.8236052	14.192953	
1.3	2.4479806	0.82532135	-0.30054162	4.4212826	
1.4	2.4399077	0.8627252	3.6764617	6.604804	
1.5	2.4272405	0.75623569	2.5714633	22.506952	
1.6	2.4124025	0.94712188	-0.42436157	10.064362	
1.7	2.3947702	1.0077319	1.4177939	4.6573949	
1.8	2.3798898	0.97684241	4.6231023	3.0891209	
1.9	2.4035256	0.8861439	-3.8698886	-13.251814	
2	2.3698062	0.99160842	9.0172949	3.1829346	
2.2	2.346452	1.0034525	1.2848554	5.5022265	
2.4	2.3184546	1.1361236	4.759296	7.1606606	
2.6	2.3141784	1.2244873	3.1474345	4.6286937	
2.8	2.3078834	1.2460979	3.2203888	4.4118243	
3	2.3134405	1.2369361	-1.0416554	4.9740288	
3.2	2.2983852	1.3034984	1.1099132	6.8096976	
3.3	2.3037157	1.4080514	2.7150134	8.3118772	
3.4	2.3102647	1.4742572	1.4330208	8.7846665	
3.6	2.31453	1.4690203	-10.786197	7.915069	
3.8	2.2952405	1.4109643	-6.7668821	13.840622	
4	2.3004813	1.4143387	-2.7816474	13.545535	
4.4	2.3259308	1.4949067	-4.1802048	6.7470465	
4.5	2.34362	1.3207309	9.4504485	16.320801	
4.8	2.344903	1.294603	16.230259	21.810495	
5	2.3087653	1.3850951	15.428442	15.55692	
5.5	2.2744367	1.3239034	14.288022	10.618186	
6	2.2731416	1.3759133	12.901927	4.9231572	
6.47	2.2855035	1.4245013	8.2925998	1.4812051	
8	2.261459	1.4605073	19.519155	14.786259	
9	2.2082945	1.559538	-10.844756	3.3253526	
10	2.1771241	1.625446	-12.043308	0.13303785	
11	2.1553479	1.7787517	-11.098219	-10.018007	
12	2.1178	1.7924703	4.8708839	-1.5950017	
13	2.099131	1.8312637	3.7267844	-6.1284444	
14	2.0878867	1.8372126	2.738188	-6.2374637	
15	2.0749201	1.9420978	4.7118674	-0.86336911	
16	2.0818681	2.0031598	13.228303	-11.35034	
17	2.0684146	1.9639581	0.11788584	2.8050207	
18	2.045384	1.9752466	5.0221116	1.1095721	
19	2.0360591	2.0145543	13.133682	0.7533216	
20	2.036722	2.0380789	14.579254	0.80520387	
21	2.0127254	1.9655996	5.232336	-0.65235591	
22	2.0074443	1.9634347	4.687068	-0.89010968	
23	2.0028259	1.9667658	3.7126103	0.23744482	
24	1.9976767	1.9652191	2.2587201	1.1100548	
25	1.9947593	1.9641455	1.8018468	1.3180318	
26	1.9927583	1.9606303	1.641822	1.449438	
27	1.9903852	1.9586889	1.7880603	1.4306455	
28	1.9885879	1.9688062	1.6140238	1.5111782	
29	1.9855501	1.9692052	1.300585	1.38582	
30	1.9849308	1.9564948	1.762595	0.1179843	
31	1.9834184	1.9509544	1.8681433	-0.38234066	
32	1.9795281	1.9641462	2.3232626	1.1220553	
33	1.9782073	1.9664653	2.2191988	1.4518478	
34	1.9771563	1.9681093	2.151128	1.6394352	
35	1.9757011	1.9674071	1.7979177	1.731982	
36	1.9743611	1.9672074	1.6712497	1.7957567	
37	1.9725686	1.9675479	1.7873995	1.7855008	
38	1.971318	1.964881	1.8867421	1.6744737	
39	1.9701153	1.9666749	1.9886804	1.6604157	
40	1.9689248	1.9684213	2.0917333	1.6364137	
41	1.9676444	1.9671076	2.1006009	1.6248459	
42	1.9667227	1.9664784	2.0909243	1.6496574	
43	1.9657925	1.9656842	2.0945132	1.6605237	
44	1.9646187	1.9635356	2.2134077	1.5610603	
45	1.961794	1.9628622	2.1531245	1.7503089	
50	1.957138	1.9608882	2.0684332	2.0075797	
55	1.9527687	1.9560504	2.0792601	1.9818127	
60	1.9482459	1.9535616	1.9859385	1.9348644	
65	1.9439743	1.9495957	1.9646865	1.9243199	
70	1.9397969	1.9453733	1.9603261	1.920297	
75	1.935656	1.9411879	1.9560049	1.9163086	
80	1.931551	1.9370391	1.9517223	1.9123541	
85	1.9274814	1.9329263	1.9474777	1.908433	


precision, %
wave=450 nm
height, km	60	
0	1.0057036	
0.1	1.2810801	
0.2	1.2266811	
0.3	1.5048041	
0.4	1.3619569	
0.5	1.3342789	
0.6	1.3090255	
0.7	1.2654072	
0.8	1.3886456	
0.9	1.4523559	
1	1.4686074	
1.1	1.5043224	
1.2	1.4884658	
1.3	1.4095213	
1.4	1.5173924	
1.5	1.4226781	
1.6	1.3598985	
1.7	1.369124	
1.8	1.2820377	
1.9	1.7185886	
2	1.25527	
2.2	1.272825	
2.4	1.2303486	
2.6	1.2509288	
2.8	1.2563896	
3	1.262303	
3.2	1.2042738	
3.3	1.2685505	
3.4	1.2682158	
3.6	1.3517095	
3.8	1.2897108	
4	1.2564989	
4.4	1.4902294	
4.5	1.6339587	
4.8	1.7544721	
5	1.5610218	
5.5	1.5104207	
6	1.4379124	
6.47	1.5166715	
8	1.8503333	
9	1.377021	
10	1.5162062	
11	1.450397	
12	1.2004031	
13	1.200421	
14	1.2580913	
15	1.2652417	
16	1.3722896	
17	1.2486365	
18	1.0984886	
19	1.1010325	
20	1.3658772	
21	1.0595503	
22	1.05067	
23	1.0420225	
24	1.040146	
25	1.0393912	
26	1.0377722	
27	1.0376167	
28	1.0353346	
29	1.0314126	
30	1.0278977	
31	1.0268766	
32	1.0105738	
33	1.0100047	
34	1.0096163	
35	1.008897	
36	1.0081457	
37	1.0032891	
38	1.0015689	
39	0.99906489	
40	0.99658448	
41	0.99734723	
42	0.99740666	
43	0.99747342	
44	0.99793694	
45	0.99836568	
50	0.99910665	
55	0.99911661	
60	0.99836967	
65	0.99823889	
70	0.99824158	
75	0.99824424	
80	0.99824688	
85	0.99824948	


ord=1
wave=450 nm
zenith, km	60	
Stoks:	    0.35582481	  -0.023406094	  0.0003529234	             0	
enhancement factor
0	23.67929	23.414593	73.34225	0	
0.1	4.5064799	4.1755853	74.957333	0	
0.2	2.3861522	2.2293256	31.680834	0	
0.3	2.0528917	2.0588021	1.9190399	0	
0.4	2.0113196	2.0129102	1.9817668	0	
0.5	2.0032981	2.0036664	2.0094259	0	
0.6	2.0014393	2.0015953	2.00889	0	
0.7	2.0009051	2.0009402	2.0048154	0	
0.8	2.0006867	2.0006955	2.0059334	0	
0.9	2.0005489	2.0005369	2.007962	0	
1	2.0004412	2.0004251	2.0079663	0	
1.1	2.0003419	2.0003246	2.0078708	0	
1.2	2.0002457	2.0002278	2.0077753	0	
1.3	2.0001506	2.0001324	2.0076798	0	
1.4	2.000056	2.0000377	2.0075843	0	
1.5	1.9999616	1.9999433	2.0074889	0	
1.6	1.9998674	1.999849	2.0073934	0	
1.7	1.9997732	1.9997548	2.007298	0	
1.8	1.9996791	1.9996606	2.0072026	0	
1.9	1.999585	1.9995665	2.0071072	0	
2	1.9994439	1.9994254	2.0069642	0	
2.2	1.9992558	1.9992374	2.0067735	0	
2.4	1.9990678	1.9990494	2.0065829	0	
2.6	1.9988799	1.9988614	2.0063924	0	
2.8	1.998692	1.9986736	2.006202	0	
3	1.9985042	1.9984858	2.0060116	0	
3.2	1.9983634	1.998345	2.0058688	0	
3.3	1.9982696	1.9982512	2.0057737	0	
3.4	1.9981289	1.9981105	2.005631	0	
3.6	1.9979413	1.9979229	2.0054409	0	
3.8	1.9977538	1.9977354	2.0052508	0	
4	1.9974727	1.9974543	2.0049658	0	
4.4	1.9972386	1.9972202	2.0047284	0	
4.5	1.9970513	1.997033	2.0045386	0	
4.8	1.9968174	1.996799	2.0043014	0	
5	1.99649	1.9964717	2.0039696	0	
5.5	1.9960228	1.9960045	2.0034959	0	
6	1.99557	1.9955516	2.0030368	0	
6.47	1.9946378	1.9946195	2.0020918	0	
8	1.9934607	1.9934425	2.0008986	0	
9	1.9925323	1.9925141	1.9999574	0	
10	1.9916057	1.9915875	1.999018	0	
11	1.9906807	1.9906625	1.9980804	0	
12	1.9897575	1.9897393	1.9971445	0	
13	1.9888359	1.9888179	1.9962104	0	
14	1.9879161	1.9878981	1.995278	0	
15	1.986998	1.98698	1.9943474	0	
16	1.9860816	1.9860636	1.9934185	0	
17	1.9851669	1.985149	1.9924914	0	
18	1.9842539	1.984236	1.9915659	0	
19	1.9833426	1.9833247	1.9906422	0	
20	1.982433	1.9824151	1.9897202	0	
21	1.981525	1.9815071	1.9887999	0	
22	1.9806187	1.9806009	1.9878814	0	
23	1.9797141	1.9796963	1.9869645	0	
24	1.9788111	1.9787933	1.9860493	0	
25	1.9779098	1.9778921	1.9851358	0	
26	1.9770101	1.9769924	1.984224	0	
27	1.9761121	1.9760945	1.9833139	0	
28	1.9752158	1.9751981	1.9824055	0	
29	1.974321	1.9743034	1.9814987	0	
30	1.9734279	1.9734104	1.9805936	0	
31	1.9725365	1.9725189	1.9796901	0	
32	1.9716466	1.9716291	1.9787884	0	
33	1.9707584	1.9707409	1.9778882	0	
34	1.9698718	1.9698543	1.9769897	0	
35	1.9689868	1.9689694	1.9760929	0	
36	1.9681034	1.968086	1.9751977	0	
37	1.9672216	1.9672042	1.9743041	0	
38	1.9663414	1.9663241	1.9734122	0	
39	1.9654628	1.9654455	1.9725219	0	
40	1.9645858	1.9645685	1.9716332	0	
41	1.9637103	1.9636931	1.9707461	0	
42	1.9628365	1.9628192	1.9698606	0	
43	1.9619642	1.961947	1.9689768	0	
44	1.9610935	1.9610763	1.9680945	0	
45	1.9584922	1.9584752	1.9654589	0	
50	1.9541852	1.9541683	1.9610951	0	
55	1.9499164	1.9498996	1.9567703	0	
60	1.9456854	1.9456687	1.952484	0	
65	1.9414915	1.9414749	1.9482356	0	
70	1.9373342	1.9373178	1.9440246	0	
75	1.9332132	1.9331969	1.9398505	0	
80	1.9291278	1.9291116	1.9357127	0	
85	1.9250776	1.9250615	1.9316109	0	


precision, %
wave=450 nm
height, km	60	
0	0.061053639	
0.1	0.080100324	
0.2	0.055400514	
0.3	0.053927591	
0.4	0.05562436	
0.5	0.056216842	
0.6	0.056255761	
0.7	0.056280213	
0.8	0.056292396	
0.9	0.056322695	
1	0.056325085	
1.1	0.056325228	
1.2	0.056325288	
1.3	0.056325315	
1.4	0.056325329	
1.5	0.056325338	
1.6	0.056325343	
1.7	0.056325347	
1.8	0.05632535	
1.9	0.056325353	
2	0.056325357	
2.2	0.056325362	
2.4	0.056325366	
2.6	0.056325371	
2.8	0.056325376	
3	0.05632538	
3.2	0.056325384	
3.3	0.056325386	
3.4	0.05632539	
3.6	0.056325394	
3.8	0.056325399	
4	0.056325406	
4.4	0.056325412	
4.5	0.056325416	
4.8	0.056325422	
5	0.05632543	
5.5	0.056325441	
6	0.056325453	
6.47	0.056325475	
8	0.056325504	
9	0.056325527	
10	0.05632555	
11	0.056325573	
12	0.056325595	
13	0.056325618	
14	0.05632564	
15	0.056325663	
16	0.056325685	
17	0.056325707	
18	0.05632573	
19	0.056325752	
20	0.056325774	
21	0.056325796	
22	0.056325818	
23	0.056325841	
24	0.056325863	
25	0.056325884	
26	0.056325906	
27	0.056325928	
28	0.05632595	
29	0.056325972	
30	0.056325993	
31	0.056326015	
32	0.056326037	
33	0.056326058	
34	0.05632608	
35	0.056326101	
36	0.056326123	
37	0.056326144	
38	0.056326165	
39	0.056326187	
40	0.056326208	
41	0.056326229	
42	0.05632625	
43	0.056326271	
44	0.056326292	
45	0.056326355	
50	0.056326459	
55	0.056326561	
60	0.056326663	
65	0.056326763	
70	0.056326862	
75	0.05632696	
80	0.056327057	
85	0.056327153	


