RT Model MCC++	 O.Postylyakov	ver.72
MixedSimC<atmos::StoksC,MCSimC<atmos::StoksC,MCWMethodC<atmos::StoksC,SphericalGeomT>>,SSSimC<atmos::StoksC,MCSimC<atmos::StoksC,MSSMethodC<atmos::StoksC,SphericalGeomT,1000>>>>	ps::cLCG2C	Density: double	AMFs: Yes	ORDERS_ACCOUNT: ATM_COLLGS_ORDERS
photons passed	base/max expendeture	EPS-breakes	MaxCollgs-Breaks	MinPhWgt-Breaks	average colligions
25000	0.0389741/0.0487972	0	0	0	3.15548	
SpecialSamplingCollgs	ForceCollgSimul	EPS	ssEPS	MaxCollgs	MinPhWgt	BaseMod	
1	0	0.001	1e-12	500	1e-300	0	
Albedo	time	IY
0.05	0.0488667	{ 396488552 920990423 ; 40014 40692 2147483563 2147483399 }	
 -6370.99	 -6370.99	 -5791.81	 -5212.63	 -4633.45	 -4054.27	 -3475.09	  -2895.9	 -2316.72	 -1737.54	 -1158.36	 -579.181	-9.09495e-13	  12.8571	  25.7143	  38.5714	  51.4286	  64.2857	  77.1429	       90	
        0	        0	0.0080361	 0.024108	 0.040179	 0.056251	 0.072322	 0.088394	  0.10447	  0.12054	  0.13661	  0.15268	  0.16875	0.0039284	0.0039364	0.0039443	0.0039522	0.0039601	 0.003968	 0.003976	
        0	        0	        0	        0	        0	        0	        0	        0	        0	        0	        0	        0	        0	        0	        0	        0	        0	        0	        0	        0	
        0	        0	        0	        0	        0	        0	        0	        0	        0	        0	        0	        0	        0	        0	        0	        0	        0	        0	        0	        0	

-------------------------------------------------
tet=89.9  fi=0
	60	
450	0.040695	

	60	
450	1.1299	

	60	
450	0.63538	



ord=1
	60	
450	45.91	

	60	
450	4.2359	

	60	
450	0.018331	

enhancement factor
ord=0
wave=450 nm
zenith, km	60	
Stoks:	     2.5569685	  -0.028891562	-0.00014031759	-0.00029503723	
enhancement factor
0	31.717516	33.017196	-93.647617	30.853853	
0.1	2.8188208	-7.5102987	38.648307	1.3889758	
0.2	2.6372161	-6.472045	2.0133159	1.100644	
0.3	2.5344933	-5.8230412	32.852613	4.2423483	
0.4	2.4612897	-5.4459811	42.77039	1.1161146	
0.5	2.3993442	-5.4491547	40.474624	2.6387429	
0.6	2.3584224	-4.7531679	90.04653	-1.8813398	
0.7	2.3285962	-4.7605932	26.00335	-0.40624183	
0.8	2.3035155	-4.4128241	93.677924	-0.087526371	
0.9	2.2857199	-4.005225	101.87959	0.32230516	
1	2.2802274	-4.1216173	39.334035	0.43640881	
1.1	2.264789	-3.4902765	53.259215	3.3351068	
1.2	2.2563723	-3.4147362	40.556155	4.7777247	
1.3	2.2528939	-3.8393118	55.213583	6.4137355	
1.4	2.242059	-3.5865272	61.936989	3.1685986	
1.5	2.2255388	-3.4951776	52.293902	4.573646	
1.6	2.2175448	-3.1553246	76.021071	4.4615849	
1.7	2.2064924	-2.859408	8.9774997	2.2768808	
1.8	2.2203565	-2.9925047	-0.91244111	0.42060756	
1.9	2.206808	-2.8441019	10.875903	3.1471955	
2	2.1835114	-2.4660255	-2.1055216	3.9448214	
2.2	2.1796659	-2.5975569	132.32375	-0.19436275	
2.4	2.1739248	-2.4396549	113.51255	3.2738164	
2.6	2.1642635	-2.2388561	127.0069	4.1863362	
2.8	2.160521	-1.8053743	74.160033	2.5417245	
3	2.1628597	-1.3161579	-11.51492	1.3037104	
3.2	2.1536947	-1.673892	-37.385673	0.59754525	
3.3	2.1511949	-1.9004984	-17.19843	1.8005183	
3.4	2.1514998	-1.6737739	-37.871627	2.0304631	
3.6	2.156487	-0.79887565	8.0130405	4.1773891	
3.8	2.1466601	-1.2947325	-72.373587	1.1937975	
4	2.156198	-1.5147984	-45.468095	-0.31668592	
4.4	2.1598833	-1.2941314	-120.02009	-2.1058586	
4.5	2.1579878	-1.3113626	-108.76298	-0.78975362	
4.8	2.1614481	-1.7936847	-92.266371	3.4603796	
5	2.1552705	-0.91931762	-121.96534	3.943665	
5.5	2.1486977	-0.35439997	-16.671704	5.9809424	
6	2.1414598	-1.362977	43.312413	1.1315728	
6.47	2.128754	-0.78971383	95.267372	0.62603374	
8	2.115859	-0.20675863	91.980892	2.6857655	
9	2.1003563	-0.45264967	9.9116623	3.4238534	
10	2.0862754	0.33442599	-101.87779	4.77609	
11	2.0850834	0.77469186	-164.02396	7.8352838	
12	2.0733539	1.0925247	-166.5091	3.8870804	
13	2.0571246	0.87678425	-126.24513	-0.99681413	
14	2.046107	1.0940509	1.6312212	4.777686	
15	2.0440357	1.8681602	-62.916875	2.2831374	
16	2.0307798	1.76575	24.158047	1.0081717	
17	2.0250291	1.7374713	135.80109	0.91446227	
18	2.0238432	1.4577513	173.00925	-0.12072888	
19	2.0210134	1.2495751	123.80266	-0.87712385	
20	2.0148492	1.5720706	112.40888	1.9831156	
21	2.0058482	1.8199837	25.137764	-0.43133891	
22	1.9992748	1.8338828	10.421871	-0.045922041	
23	1.9947354	1.8660267	11.361819	0.42484717	
24	1.9893266	2.0248447	23.226482	0.45559416	
25	1.985163	1.9461976	35.343481	0.77422613	
26	1.9824591	1.929478	36.287989	0.7247005	
27	1.9808395	1.9351827	35.17176	0.76507423	
28	1.978702	1.9523545	29.095755	1.0661986	
29	1.9767342	1.970505	21.180231	1.2731012	
30	1.9755328	1.9744032	17.685088	1.3597174	
31	1.9749912	1.9445688	6.7275324	1.9982854	
32	1.9730359	1.9405567	0.74576084	1.7953475	
33	1.9716223	1.9450847	4.249941	1.7991502	
34	1.9700365	1.9592358	12.412923	1.7551296	
35	1.9680098	1.9988002	12.103657	1.6043308	
36	1.9669192	1.9962637	13.45565	1.6473233	
37	1.9656976	1.9863791	12.134197	1.6368952	
38	1.9646111	1.9810402	9.8470983	1.6126871	
39	1.9633728	1.9613769	7.1015199	1.8722373	
40	1.9623988	1.9558304	6.517477	1.9325602	
41	1.9615061	1.9551503	6.4870823	1.9305987	
42	1.9604929	1.9597706	4.6495161	1.946554	
43	1.9595198	1.9641719	2.9037927	1.9616069	
44	1.9586271	1.9632986	2.9006499	1.9606426	
45	1.9559788	1.9605049	2.9140312	1.9577569	
50	1.9516931	1.9561692	2.9052256	1.9534572	
55	1.9474429	1.951875	2.8997787	1.9491956	
60	1.9432279	1.9476113	2.8807222	1.9449716	
65	1.9390459	1.9433881	2.8204327	1.9407847	
70	1.9349079	1.9392158	2.8085284	1.9366343	
75	1.9308058	1.9350797	2.7972951	1.93252	
80	1.9267391	1.9309795	2.7861961	1.9284412	
85	1.9227074	1.9269146	2.775229	1.9243975	


precision, %
wave=450 nm
height, km	60	
0	0.57181598	
0.1	0.91507609	
0.2	0.86847444	
0.3	0.86897098	
0.4	0.85876508	
0.5	0.85346991	
0.6	0.84470623	
0.7	0.83390734	
0.8	0.86120255	
0.9	0.85491071	
1	0.88252537	
1.1	0.85787283	
1.2	0.89901715	
1.3	0.9022833	
1.4	0.90451586	
1.5	0.83459738	
1.6	0.84374491	
1.7	0.7862485	
1.8	0.86637046	
1.9	0.85127775	
2	0.79329897	
2.2	0.80123238	
2.4	0.82163894	
2.6	0.8076485	
2.8	0.81740112	
3	0.86820467	
3.2	0.8219367	
3.3	0.81151133	
3.4	0.82322012	
3.6	0.96711917	
3.8	0.80401421	
4	0.82193669	
4.4	0.92975773	
4.5	0.89064996	
4.8	0.91621556	
5	1.0114444	
5.5	0.91066322	
6	0.94035995	
6.47	0.82098739	
8	0.84369431	
9	0.84123157	
10	0.90860671	
11	1.1314028	
12	1.0823041	
13	0.91120159	
14	0.86874153	
15	0.84589426	
16	0.80350967	
17	0.7858749	
18	0.78452745	
19	0.81685662	
20	0.73405232	
21	0.67478176	
22	0.659753	
23	0.65846812	
24	0.65286915	
25	0.65501645	
26	0.65630787	
27	0.65490607	
28	0.65239446	
29	0.6494026	
30	0.648849	
31	0.64525514	
32	0.64235028	
33	0.64033745	
34	0.64248896	
35	0.64117033	
36	0.64079343	
37	0.63853834	
38	0.63686692	
39	0.63599797	
40	0.6358808	
41	0.63590908	
42	0.63548966	
43	0.63521071	
44	0.6353186	
45	0.6355306	
50	0.63553119	
55	0.63552707	
60	0.63552745	
65	0.63552167	
70	0.63552066	
75	0.63551973	
80	0.63551881	
85	0.6355179	


ord=1
wave=450 nm
zenith, km	60	
Stoks:	     1.1738998	  -0.049725332	-2.8724545e-05	             0	
enhancement factor
0	35.831095	36.121943	34.299347	0	
0.1	1.9987435	1.9987176	2.0290209	0	
0.2	1.9979306	1.9979134	1.9980188	0	
0.3	1.997834	1.9978168	1.997925	0	
0.4	1.9977402	1.9977229	1.9978311	0	
0.5	1.9976464	1.9976291	1.9977372	0	
0.6	1.9975526	1.9975354	1.9976434	0	
0.7	1.9974589	1.9974417	1.9975496	0	
0.8	1.9973652	1.9973479	1.9974559	0	
0.9	1.9972715	1.9972542	1.9973622	0	
1	1.9971778	1.9971606	1.9972685	0	
1.1	1.9970841	1.9970669	1.9971748	0	
1.2	1.9969905	1.9969733	1.9970811	0	
1.3	1.9968969	1.9968796	1.9969875	0	
1.4	1.9968032	1.996786	1.9968939	0	
1.5	1.9967096	1.9966924	1.9968002	0	
1.6	1.9966161	1.9965989	1.9967066	0	
1.7	1.9965225	1.9965053	1.9966131	0	
1.8	1.996429	1.9964118	1.9965195	0	
1.9	1.9963354	1.9963182	1.996426	0	
2	1.9961952	1.996178	1.9962857	0	
2.2	1.9960082	1.995991	1.9960987	0	
2.4	1.9958214	1.9958042	1.9959118	0	
2.6	1.9956346	1.9956174	1.995725	0	
2.8	1.9954478	1.9954306	1.9955382	0	
3	1.9952612	1.995244	1.9953515	0	
3.2	1.9951212	1.995104	1.9952115	0	
3.3	1.9950279	1.9950108	1.9951182	0	
3.4	1.994888	1.9948709	1.9949783	0	
3.6	1.9947016	1.9946844	1.9947918	0	
3.8	1.9945152	1.994498	1.9946054	0	
4	1.9942358	1.9942186	1.9943259	0	
4.4	1.994003	1.9939859	1.9940931	0	
4.5	1.9938169	1.9937997	1.993907	0	
4.8	1.9935843	1.9935672	1.9936744	0	
5	1.9932589	1.9932418	1.9933489	0	
5.5	1.9927944	1.9927773	1.9928844	0	
6	1.9923443	1.9923272	1.9924341	0	
6.47	1.9914176	1.9914006	1.9915073	0	
8	1.9902476	1.9902305	1.990337	0	
9	1.9893246	1.9893076	1.9894139	0	
10	1.9884034	1.9883865	1.9884926	0	
11	1.9874839	1.987467	1.9875729	0	
12	1.9865661	1.9865492	1.986655	0	
13	1.98565	1.9856331	1.9857387	0	
14	1.9847356	1.9847188	1.9848241	0	
15	1.9838229	1.9838061	1.9839113	0	
16	1.9829119	1.9828951	1.9830001	0	
17	1.9820025	1.9819858	1.9820906	0	
18	1.9810949	1.9810781	1.9811828	0	
19	1.9801889	1.9801722	1.9802766	0	
20	1.9792846	1.9792679	1.9793721	0	
21	1.9783819	1.9783652	1.9784693	0	
22	1.9774809	1.9774643	1.9775682	0	
23	1.9765815	1.9765649	1.9766687	0	
24	1.9756838	1.9756672	1.9757708	0	
25	1.9747877	1.9747712	1.9748746	0	
26	1.9738933	1.9738768	1.97398	0	
27	1.9730005	1.972984	1.973087	0	
28	1.9721093	1.9720929	1.9721957	0	
29	1.9712198	1.9712034	1.971306	0	
30	1.9703318	1.9703155	1.9704179	0	
31	1.9694455	1.9694292	1.9695315	0	
32	1.9685608	1.9685445	1.9686466	0	
33	1.9676777	1.9676614	1.9677634	0	
34	1.9667962	1.9667799	1.9668817	0	
35	1.9659163	1.9659001	1.9660017	0	
36	1.965038	1.9650218	1.9651232	0	
37	1.9641613	1.9641451	1.9642463	0	
38	1.9632861	1.9632699	1.963371	0	
39	1.9624126	1.9623964	1.9624973	0	
40	1.9615406	1.9615244	1.9616252	0	
41	1.9606701	1.960654	1.9607546	0	
42	1.9598013	1.9597852	1.9598856	0	
43	1.958934	1.9589179	1.9590181	0	
44	1.9580682	1.9580522	1.9581522	0	
45	1.9554818	1.9554658	1.9555654	0	
50	1.9511992	1.9511834	1.9512821	0	
55	1.9469545	1.9469388	1.9470367	0	
60	1.9427472	1.9427316	1.9428287	0	
65	1.9385768	1.9385613	1.9386576	0	
70	1.9344427	1.9344273	1.9345228	0	
75	1.9303444	1.9303292	1.9304239	0	
80	1.9262816	1.9262665	1.9263604	0	
85	1.9222536	1.9222386	1.9223318	0	


precision, %
wave=450 nm
height, km	60	
0	0.014314218	
0.1	0.018326321	
0.2	0.018341402	
0.3	0.018341426	
0.4	0.018341425	
0.5	0.018341424	
0.6	0.018341422	
0.7	0.018341421	
0.8	0.01834142	
0.9	0.018341419	
1	0.018341417	
1.1	0.018341416	
1.2	0.018341415	
1.3	0.018341414	
1.4	0.018341412	
1.5	0.018341411	
1.6	0.01834141	
1.7	0.018341409	
1.8	0.018341407	
1.9	0.018341406	
2	0.018341404	
2.2	0.018341402	
2.4	0.018341399	
2.6	0.018341397	
2.8	0.018341394	
3	0.018341392	
3.2	0.01834139	
3.3	0.018341389	
3.4	0.018341387	
3.6	0.018341384	
3.8	0.018341382	
4	0.018341378	
4.4	0.018341375	
4.5	0.018341372	
4.8	0.018341369	
5	0.018341365	
5.5	0.018341359	
6	0.018341353	
6.47	0.01834134	
8	0.018341325	
9	0.018341312	
10	0.0183413	
11	0.018341288	
12	0.018341275	
13	0.018341263	
14	0.018341251	
15	0.018341239	
16	0.018341227	
17	0.018341214	
18	0.018341202	
19	0.01834119	
20	0.018341178	
21	0.018341166	
22	0.018341154	
23	0.018341142	
24	0.01834113	
25	0.018341118	
26	0.018341107	
27	0.018341095	
28	0.018341083	
29	0.018341071	
30	0.018341059	
31	0.018341048	
32	0.018341036	
33	0.018341024	
34	0.018341013	
35	0.018341001	
36	0.018340989	
37	0.018340978	
38	0.018340966	
39	0.018340955	
40	0.018340943	
41	0.018340932	
42	0.01834092	
43	0.018340909	
44	0.018340898	
45	0.018340864	
50	0.018340807	
55	0.018340752	
60	0.018340697	
65	0.018340642	
70	0.018340588	
75	0.018340535	
80	0.018340483	
85	0.01834043	


-------------------------------------------------
tet=89.9  fi=90
	60	
450	0.017317278	

	60	
450	-22.776631	

	60	
450	0.99928906	



ord=1
	60	
450	29.101981	

	60	
450	-31.287515	

	60	
450	0.067890149	

enhancement factor
ord=0
wave=450 nm
zenith, km	60	
Stoks:	     1.0880767	    0.24782721	  -0.056346799	 0.00019317567	
enhancement factor
0	27.770193	27.750928	32.400079	-108.89728	
0.1	3.11167	3.581139	6.9914685	-42.952139	
0.2	2.8827797	3.3150496	5.7575308	-29.214243	
0.3	2.7612045	3.1279223	5.2483685	-24.676608	
0.4	2.6904276	3.0418243	4.855799	-16.015468	
0.5	2.6174052	2.9787602	4.5745929	-21.409714	
0.6	2.5736081	2.8838561	4.3721275	-12.460563	
0.7	2.5296412	2.8449013	4.1118143	-14.388271	
0.8	2.4946351	2.7967318	4.0225184	-11.210155	
0.9	2.4715182	2.7420433	3.9945552	-3.7032535	
1	2.4535499	2.714933	3.7448583	-5.5293638	
1.1	2.4508898	2.6837789	3.7374442	-8.7398891	
1.2	2.4422927	2.6514437	3.7398535	-11.578979	
1.3	2.4217264	2.6403187	3.5443116	-16.009048	
1.4	2.4198789	2.6368133	3.5861028	-12.062946	
1.5	2.4260288	2.6245199	3.5805411	-12.055982	
1.6	2.4041239	2.5851605	3.5211392	-9.4746515	
1.7	2.3928245	2.5858476	3.2011311	-7.6369541	
1.8	2.4347247	2.6221866	3.1273849	-4.5278474	
1.9	2.392624	2.5697745	3.1380142	-9.2828555	
2	2.3538756	2.5137767	2.8697991	-8.702099	
2.2	2.3712537	2.5046399	3.3657875	3.5916904	
2.4	2.3467085	2.4769138	3.2746688	-4.2889378	
2.6	2.3375982	2.4505815	3.2325404	-6.1530692	
2.8	2.3248637	2.3983122	3.0742522	-2.8729309	
3	2.3520275	2.3374536	2.7939076	0.2603323	
3.2	2.3322838	2.3956701	2.814384	-1.3705244	
3.3	2.3306143	2.4365929	2.9091946	-3.5125152	
3.4	2.3291315	2.3961616	2.837537	-3.309755	
3.6	2.3307137	2.366827	3.0278212	1.6057127	
3.8	2.3233015	2.3903339	2.8641791	-1.3332088	
4	2.3466435	2.4148349	2.8719865	0.8021742	
4.4	2.3549469	2.3843479	2.6393532	7.430637	
4.5	2.342987	2.3748849	2.7298207	6.4224669	
4.8	2.3537233	2.4218468	2.7143391	-1.609445	
5	2.3238161	2.3483379	2.8673163	-1.3269788	
5.5	2.326565	2.2963405	3.0249816	-4.2273688	
6	2.3015039	2.3131408	3.1718118	-0.64471727	
6.47	2.2906302	2.320729	3.0709389	4.3623652	
8	2.2653147	2.2790789	2.9021448	3.0936337	
9	2.2247542	2.279264	2.6537693	3.1099218	
10	2.1799927	2.1907864	2.5505746	3.1125735	
11	2.1744089	2.1691936	2.6400025	3.6529234	
12	2.1552978	2.1233718	2.6371071	12.048515	
13	2.1408247	2.1321245	2.2618874	11.043226	
14	2.1084411	2.1067997	2.4662152	1.0892621	
15	2.090019	2.0832471	2.4326964	1.4619563	
16	2.085179	2.0785735	2.2958228	3.857611	
17	2.0784292	2.0487724	2.6324171	3.3299589	
18	2.0774655	2.0752193	2.724663	4.3401269	
19	2.0648082	2.0826171	2.5387986	5.3723965	
20	2.0646074	2.0366076	2.6578267	-4.787691	
21	2.047241	2.0517317	2.1759908	2.714126	
22	2.027379	2.0357047	2.1037809	2.820334	
23	2.0176164	2.023355	2.0822881	2.5763114	
24	2.00716	2.001217	2.1112641	2.700643	
25	2.0014166	1.9971187	2.1169917	2.7092302	
26	1.9971182	1.99506	2.0906523	2.3195157	
27	1.994833	1.9935538	2.0874618	2.1517598	
28	1.9917157	1.989124	2.0727418	1.7842205	
29	1.9885117	1.9850835	2.0462026	1.6374977	
30	1.9867345	1.983152	2.034317	1.6380849	
31	1.9854744	1.9807883	2.0278143	1.1791043	
32	1.9808181	1.9768955	2.0034344	1.7678291	
33	1.9783993	1.9755273	1.9974968	1.7714587	
34	1.9761636	1.9745785	2.007402	1.745708	
35	1.9727712	1.9694936	2.0000596	2.0575581	
36	1.9715333	1.9686723	1.9986428	2.0990354	
37	1.9700101	1.9681764	1.9925053	2.1475962	
38	1.9680119	1.9663399	1.9890543	2.2407062	
39	1.9665524	1.966631	1.9823943	2.0203595	
40	1.9655223	1.9660409	1.9802364	1.9649011	
41	1.9646118	1.9651497	1.9792743	1.9673982	
42	1.9633511	1.9634243	1.9743364	1.9676876	
43	1.9621446	1.9618175	1.9699957	1.9670182	
44	1.9612516	1.9608942	1.9687741	1.9663811	
45	1.9586031	1.9581835	1.9653897	1.9643514	
50	1.9542971	1.9538795	1.9610313	1.9599954	
55	1.9500244	1.9496136	1.9567206	1.9556784	
60	1.9457875	1.9453866	1.9524077	1.9513998	
65	1.9415866	1.9411975	1.9480735	1.9471589	
70	1.9374283	1.9370424	1.9438628	1.9429554	
75	1.9333062	1.9329233	1.9396895	1.9387887	
80	1.9292198	1.92884	1.9355525	1.9346583	
85	1.9251686	1.9247918	1.9314515	1.9305637	


precision, %
wave=450 nm
height, km	60	
0	1.0621191	
0.1	1.5024763	
0.2	1.3752855	
0.3	1.2719829	
0.4	1.2935965	
0.5	1.3486274	
0.6	1.3686016	
0.7	1.3135299	
0.8	1.2753846	
0.9	1.4274974	
1	1.273208	
1.1	1.262518	
1.2	1.3090178	
1.3	1.2194549	
1.4	1.3553767	
1.5	1.4595041	
1.6	1.3925858	
1.7	1.3271196	
1.8	1.6879689	
1.9	1.5426096	
2	1.2901423	
2.2	1.5702414	
2.4	1.3472379	
2.6	1.3643113	
2.8	1.2944202	
3	1.6480063	
3.2	1.3993376	
3.3	1.3668194	
3.4	1.3942779	
3.6	1.4761388	
3.8	1.3616323	
4	1.4117093	
4.4	1.5857153	
4.5	1.4715496	
4.8	1.6113859	
5	1.431631	
5.5	1.5349102	
6	1.4529323	
6.47	1.5023148	
8	1.5529835	
9	1.4656939	
10	1.3513152	
11	1.4497483	
12	1.4850396	
13	1.5423538	
14	1.2842877	
15	1.1997133	
16	1.5746039	
17	1.4816581	
18	1.451817	
19	1.4211317	
20	1.507391	
21	1.3384614	
22	1.1388702	
23	1.1019558	
24	1.0699192	
25	1.070133	
26	1.0626737	
27	1.0579744	
28	1.0521094	
29	1.0410015	
30	1.037019	
31	1.0287209	
32	1.0165849	
33	1.0091191	
34	1.0104091	
35	1.005856	
36	1.0060144	
37	1.0039282	
38	0.99893398	
39	0.9998188	
40	1.0001738	
41	1.0002587	
42	0.99948499	
43	0.99909314	
44	0.99912286	
45	0.99915373	
50	0.99915874	
55	0.99914558	
60	0.99913635	
65	0.99911733	
70	0.99911797	
75	0.99911869	
80	0.9991194	
85	0.99912011	


ord=1
wave=450 nm
zenith, km	60	
Stoks:	    0.31665186	   0.099072497	    0.17150525	             0	
enhancement factor
0	26.203037	26.24296	26.251997	0	
0.1	2.000328	2.0003573	2.0003415	0	
0.2	1.9997718	1.9997727	1.9997725	0	
0.3	1.999676	1.9996767	1.9996765	0	
0.4	1.9995819	1.9995825	1.9995823	0	
0.5	1.9994878	1.9994884	1.9994882	0	
0.6	1.9993937	1.9993944	1.9993942	0	
0.7	1.9992997	1.9993003	1.9993001	0	
0.8	1.9992056	1.9992063	1.9992061	0	
0.9	1.9991116	1.9991122	1.9991121	0	
1	1.9990176	1.9990182	1.9990181	0	
1.1	1.9989236	1.9989243	1.9989241	0	
1.2	1.9988297	1.9988303	1.9988301	0	
1.3	1.9987357	1.9987364	1.9987362	0	
1.4	1.9986418	1.9986424	1.9986422	0	
1.5	1.9985479	1.9985485	1.9985483	0	
1.6	1.998454	1.9984546	1.9984544	0	
1.7	1.9983601	1.9983607	1.9983606	0	
1.8	1.9982663	1.9982669	1.9982667	0	
1.9	1.9981724	1.998173	1.9981729	0	
2	1.9980317	1.9980323	1.9980321	0	
2.2	1.9978441	1.9978447	1.9978445	0	
2.4	1.9976566	1.9976572	1.997657	0	
2.6	1.9974692	1.9974698	1.9974696	0	
2.8	1.9972818	1.9972824	1.9972822	0	
3	1.9970945	1.9970951	1.9970949	0	
3.2	1.9969541	1.9969547	1.9969545	0	
3.3	1.9968605	1.9968611	1.9968609	0	
3.4	1.9967201	1.9967207	1.9967206	0	
3.6	1.996533	1.9965337	1.9965335	0	
3.8	1.996346	1.9963466	1.9963465	0	
4	1.9960656	1.9960663	1.9960661	0	
4.4	1.9958321	1.9958327	1.9958325	0	
4.5	1.9956453	1.995646	1.9956458	0	
4.8	1.995412	1.9954126	1.9954124	0	
5	1.9950855	1.9950861	1.995086	0	
5.5	1.9946195	1.9946201	1.9946199	0	
6	1.9941678	1.9941684	1.9941683	0	
6.47	1.993238	1.9932386	1.9932385	0	
8	1.992064	1.9920646	1.9920645	0	
9	1.991138	1.9911386	1.9911384	0	
10	1.9902137	1.9902143	1.9902141	0	
11	1.9892911	1.9892917	1.9892916	0	
12	1.9883703	1.9883709	1.9883707	0	
13	1.9874511	1.9874517	1.9874515	0	
14	1.9865337	1.9865343	1.9865341	0	
15	1.9856179	1.9856185	1.9856183	0	
16	1.9847038	1.9847044	1.9847043	0	
17	1.9837915	1.9837921	1.9837919	0	
18	1.9828808	1.9828814	1.9828812	0	
19	1.9819718	1.9819724	1.9819722	0	
20	1.9810645	1.9810651	1.9810649	0	
21	1.9801588	1.9801594	1.9801592	0	
22	1.9792548	1.9792554	1.9792552	0	
23	1.9783525	1.9783531	1.9783529	0	
24	1.9774518	1.9774524	1.9774522	0	
25	1.9765528	1.9765534	1.9765532	0	
26	1.9756554	1.975656	1.9756558	0	
27	1.9747596	1.9747602	1.9747601	0	
28	1.9738655	1.9738661	1.9738659	0	
29	1.9729731	1.9729736	1.9729735	0	
30	1.9720822	1.9720828	1.9720826	0	
31	1.971193	1.9711936	1.9711934	0	
32	1.9703054	1.970306	1.9703058	0	
33	1.9694194	1.96942	1.9694198	0	
34	1.968535	1.9685356	1.9685354	0	
35	1.9676522	1.9676528	1.9676526	0	
36	1.966771	1.9667716	1.9667714	0	
37	1.9658914	1.965892	1.9658919	0	
38	1.9650134	1.965014	1.9650139	0	
39	1.964137	1.9641376	1.9641374	0	
40	1.9632622	1.9632628	1.9632626	0	
41	1.9623889	1.9623895	1.9623893	0	
42	1.9615173	1.9615178	1.9615177	0	
43	1.9606471	1.9606477	1.9606475	0	
44	1.9597786	1.9597792	1.959779	0	
45	1.9571838	1.9571844	1.9571842	0	
50	1.9528874	1.952888	1.9528878	0	
55	1.9486291	1.9486297	1.9486295	0	
60	1.9444084	1.9444089	1.9444088	0	
65	1.9402247	1.9402252	1.9402251	0	
70	1.9360775	1.9360781	1.9360779	0	
75	1.9319664	1.931967	1.9319668	0	
80	1.9278908	1.9278914	1.9278912	0	
85	1.9238503	1.9238508	1.9238507	0	


precision, %
wave=450 nm
height, km	60	
0	0.072259746	
0.1	0.067843557	
0.2	0.06788997	
0.3	0.067890027	
0.4	0.067890028	
0.5	0.067890028	
0.6	0.067890028	
0.7	0.067890028	
0.8	0.067890028	
0.9	0.067890028	
1	0.067890028	
1.1	0.067890028	
1.2	0.067890028	
1.3	0.067890028	
1.4	0.067890028	
1.5	0.067890028	
1.6	0.067890028	
1.7	0.067890028	
1.8	0.067890028	
1.9	0.067890028	
2	0.067890028	
2.2	0.067890029	
2.4	0.067890029	
2.6	0.067890029	
2.8	0.067890029	
3	0.067890029	
3.2	0.067890029	
3.3	0.067890029	
3.4	0.067890029	
3.6	0.067890029	
3.8	0.067890029	
4	0.067890029	
4.4	0.067890029	
4.5	0.067890029	
4.8	0.067890029	
5	0.067890029	
5.5	0.067890029	
6	0.067890029	
6.47	0.067890029	
8	0.067890029	
9	0.06789003	
10	0.06789003	
11	0.06789003	
12	0.06789003	
13	0.06789003	
14	0.06789003	
15	0.06789003	
16	0.067890031	
17	0.067890031	
18	0.067890031	
19	0.067890031	
20	0.067890031	
21	0.067890031	
22	0.067890032	
23	0.067890032	
24	0.067890032	
25	0.067890032	
26	0.067890032	
27	0.067890032	
28	0.067890032	
29	0.067890033	
30	0.067890033	
31	0.067890033	
32	0.067890033	
33	0.067890033	
34	0.067890033	
35	0.067890033	
36	0.067890033	
37	0.067890034	
38	0.067890034	
39	0.067890034	
40	0.067890034	
41	0.067890034	
42	0.067890034	
43	0.067890034	
44	0.067890035	
45	0.067890035	
50	0.067890036	
55	0.067890036	
60	0.067890037	
65	0.067890038	
70	0.067890038	
75	0.067890039	
80	0.06789004	
85	0.06789004	


-------------------------------------------------
tet=89.9  fi=180
	60	
450	0.017873004	

	60	
450	7.6113022	

	60	
450	0.99518478	



ord=1
	60	
450	31.175893	

	60	
450	5.524542	

	60	
450	0.061342143	

enhancement factor
ord=0
wave=450 nm
zenith, km	60	
Stoks:	     1.1229939	  -0.085474462	-0.00077762339	  9.598174e-05	
enhancement factor
0	27.65044	24.351417	-89.144537	20.818677	
0.1	3.0089088	-0.11386517	3.5029898	-2.9338773	
0.2	2.8304575	-0.10441564	-22.191225	8.3159565	
0.3	2.6949505	0.1824247	-9.5660247	3.0496788	
0.4	2.6261696	0.35870818	10.781206	5.0882244	
0.5	2.5479522	0.30357315	13.65974	3.4339968	
0.6	2.5083135	0.43504526	23.376617	2.6588592	
0.7	2.4818164	0.28949177	12.33598	5.0352359	
0.8	2.4771353	0.27307043	15.760208	6.1243002	
0.9	2.4639425	0.50488468	9.8846519	10.39112	
1	2.4658298	0.35637384	3.8503771	30.535707	
1.1	2.4557485	0.59725259	4.8248334	5.8614989	
1.2	2.4450468	0.66855539	0.47208685	1.3749146	
1.3	2.4102843	0.69350575	-5.9251808	-0.51533437	
1.4	2.3959663	0.78861244	5.6656352	1.0495714	
1.5	2.3996774	0.78135875	9.733055	-1.2202774	
1.6	2.3784003	0.84810549	2.8455332	-1.9367907	
1.7	2.3705595	0.85843339	-8.7028431	0.27200996	
1.8	2.3883296	0.85296609	-9.4932345	5.6610289	
1.9	2.3696106	0.8816753	-14.131086	8.7717963	
2	2.3379997	0.92003393	-12.504553	3.5265976	
2.2	2.3441252	0.92709598	17.567137	5.094434	
2.4	2.3291421	0.95207616	20.363999	3.7161067	
2.6	2.3228441	1.0273614	22.060964	1.7130722	
2.8	2.3191638	1.0803319	-5.6452578	5.559322	
3	2.3434286	1.2407375	-10.187211	10.15432	
3.2	2.3143654	1.1598072	-8.4684636	6.6814637	
3.3	2.3172273	1.0949253	-1.747502	2.2967545	
3.4	2.3169987	1.1579715	-7.9304077	1.5912596	
3.6	2.3420957	1.3095334	-7.5869151	-2.9435566	
3.8	2.3282479	1.1759881	-17.69591	8.1670358	
4	2.3340723	1.1178484	-9.204163	10.416126	
4.4	2.335728	1.17431	-19.658782	19.798729	
4.5	2.3333198	1.2354111	-19.271839	16.923921	
4.8	2.3469268	1.1201953	-16.03871	11.001363	
5	2.3266199	1.3947999	-9.2155034	-3.4942695	
5.5	2.3178162	1.5250996	3.1465188	-7.3921134	
6	2.3047051	1.3531212	12.800202	-9.4844002	
6.47	2.2822982	1.4005808	22.140428	-2.9645059	
8	2.2603232	1.4517537	29.601553	-4.9031633	
9	2.2221952	1.3568598	8.692283	-3.4355634	
10	2.1809289	1.6357703	-11.471843	1.6059044	
11	2.1737511	1.7753447	-6.836496	0.14058144	
12	2.1601817	1.8827197	4.4739274	6.3427243	
13	2.1279637	1.7523259	8.3132306	5.8212973	
14	2.1114328	1.7771843	3.3346944	3.2920123	
15	2.1153843	2.0089484	-5.1283961	8.8193773	
16	2.0953531	1.9130062	-3.7145269	7.4864804	
17	2.0912947	1.9357063	45.038437	8.3382748	
18	2.089656	1.8097737	50.146625	12.167576	
19	2.0787729	1.7417695	35.040059	12.585044	
20	2.0774703	1.8890551	45.188338	-13.201593	
21	2.0458647	1.8925882	8.7244164	-1.4451291	
22	2.0296354	1.9085059	2.6421109	2.0630385	
23	2.0212967	1.924856	1.2618637	2.6308844	
24	2.010001	1.9923324	5.1523248	3.8751867	
25	2.0015688	1.9674874	7.1892652	3.6069827	
26	1.9964565	1.9599649	5.8831391	3.6370294	
27	1.9945073	1.9586445	5.7958147	3.4918839	
28	1.9915418	1.9602387	5.6265847	3.2405997	
29	1.9880046	1.9628683	3.8142341	3.0257442	
30	1.9861167	1.9643874	2.7048293	3.0011122	
31	1.9854725	1.9614907	2.3622807	1.8606415	
32	1.9831159	1.964766	2.3194845	2.3073025	
33	1.980944	1.9681163	1.8799971	2.395715	
34	1.9786957	1.9691075	2.5538494	2.5556786	
35	1.9753849	1.975955	3.009113	2.3354499	
36	1.9741555	1.9743887	3.1117409	2.3815779	
37	1.972723	1.9734188	3.0342579	2.4035729	
38	1.9708678	1.9770821	2.9534598	2.5441764	
39	1.9691556	1.9705898	2.6280668	1.9873375	
40	1.9680462	1.9682678	2.5728974	1.8529662	
41	1.9671208	1.9674017	2.5670697	1.8555287	
42	1.9659075	1.9695692	2.2906091	1.8882981	
43	1.9647518	1.9717726	2.0270172	1.9289338	
44	1.9638457	1.970817	2.0215813	1.9335874	
45	1.9611676	1.9679133	2.0147891	1.9384222	
50	1.9568413	1.9635261	2.0103062	1.9342534	
55	1.9525501	1.9591788	2.0063871	1.9301213	
60	1.9482825	1.9548632	2.0002164	1.9260255	
65	1.9440442	1.9505855	1.9880288	1.9219654	
70	1.939866	1.9463548	1.9833814	1.9179406	
75	1.9357244	1.9421612	1.9788491	1.9139505	
80	1.9316186	1.9380043	1.9743585	1.9099947	
85	1.9275484	1.9338835	1.969909	1.9060727	


precision, %
wave=450 nm
height, km	60	
0	1.0044433	
0.1	1.4338202	
0.2	1.4602261	
0.3	1.3029244	
0.4	1.3358096	
0.5	1.2677062	
0.6	1.2653757	
0.7	1.2754809	
0.8	1.3431634	
0.9	1.4449612	
1	1.6978439	
1.1	1.4694643	
1.2	1.4560595	
1.3	1.2788125	
1.4	1.3554089	
1.5	1.4257164	
1.6	1.3986135	
1.7	1.3457717	
1.8	1.3712367	
1.9	1.3432083	
2	1.2745032	
2.2	1.376517	
2.4	1.3525604	
2.6	1.3992042	
2.8	1.3083292	
3	1.5045168	
3.2	1.3286872	
3.3	1.3735364	
3.4	1.3697189	
3.6	1.6622333	
3.8	1.3943514	
4	1.3824231	
4.4	1.4452053	
4.5	1.4539751	
4.8	1.6392854	
5	1.7261008	
5.5	1.6070938	
6	1.6513138	
6.47	1.5084472	
8	1.5217942	
9	1.4117956	
10	1.3338863	
11	1.5333901	
12	1.6436444	
13	1.3329405	
14	1.2902344	
15	1.4252627	
16	1.4883169	
17	1.7309677	
18	1.6053874	
19	1.6196968	
20	1.6224284	
21	1.1870936	
22	1.1167658	
23	1.1060114	
24	1.0482301	
25	1.040032	
26	1.0377537	
27	1.0353875	
28	1.028301	
29	1.0142394	
30	1.0091911	
31	1.0038488	
32	0.99963219	
33	0.99451273	
34	0.99796855	
35	0.9975026	
36	0.99734715	
37	0.99554294	
38	0.99196245	
39	0.9932294	
40	0.99385272	
41	0.99396162	
42	0.99396576	
43	0.99429147	
44	0.99445013	
45	0.99471541	
50	0.99471431	
55	0.99472018	
60	0.99468108	
65	0.99462646	
70	0.99462948	
75	0.99463248	
80	0.99463544	
85	0.99463838	


ord=1
wave=450 nm
zenith, km	60	
Stoks:	    0.35010338	  -0.019341609	 0.00034404728	             0	
enhancement factor
0	26.332117	25.660198	147.59954	0	
0.1	2.0016503	2.0015889	2.00528	0	
0.2	2.0011011	2.0010701	2.0076416	0	
0.3	2.0010051	2.0009738	2.0075461	0	
0.4	2.0009107	2.0008795	2.0074506	0	
0.5	2.0008164	2.0007851	2.0073552	0	
0.6	2.0007221	2.0006908	2.0072598	0	
0.7	2.0006278	2.0005966	2.0071643	0	
0.8	2.0005335	2.0005023	2.0070689	0	
0.9	2.0004393	2.0004081	2.0069736	0	
1	2.0003451	2.0003138	2.0068782	0	
1.1	2.0002508	2.0002196	2.0067829	0	
1.2	2.0001566	2.0001254	2.0066875	0	
1.3	2.0000625	2.0000313	2.0065922	0	
1.4	1.9999683	1.9999371	2.0064969	0	
1.5	1.9998742	1.999843	2.0064017	0	
1.6	1.99978	1.9997489	2.0063064	0	
1.7	1.9996859	1.9996548	2.0062112	0	
1.8	1.9995919	1.9995607	2.006116	0	
1.9	1.9994978	1.9994666	2.0060208	0	
2	1.9993567	1.9993256	2.005878	0	
2.2	1.9991687	1.9991375	2.0056877	0	
2.4	1.9989807	1.9989496	2.0054975	0	
2.6	1.9987928	1.9987617	2.0053073	0	
2.8	1.998605	1.9985739	2.0051173	0	
3	1.9984172	1.9983861	2.0049273	0	
3.2	1.9982765	1.9982454	2.0047848	0	
3.3	1.9981827	1.9981516	2.0046899	0	
3.4	1.998042	1.9980109	2.0045475	0	
3.6	1.9978544	1.9978233	2.0043577	0	
3.8	1.9976669	1.9976359	2.004168	0	
4	1.9973859	1.9973548	2.0038835	0	
4.4	1.9971518	1.9971207	2.0036466	0	
4.5	1.9969646	1.9969335	2.0034572	0	
4.8	1.9967307	1.9966996	2.0032205	0	
5	1.9964034	1.9963724	2.0028893	0	
5.5	1.9959362	1.9959052	2.0024165	0	
6	1.9954835	1.9954525	2.0019584	0	
6.47	1.9945514	1.9945205	2.0010152	0	
8	1.9933746	1.9933437	1.9998243	0	
9	1.9924463	1.9924155	1.998885	0	
10	1.9915198	1.9914891	1.9979474	0	
11	1.990595	1.9905643	1.9970116	0	
12	1.9896719	1.9896413	1.9960776	0	
13	1.9887505	1.9887199	1.9951453	0	
14	1.9878308	1.9878003	1.9942147	0	
15	1.9869129	1.9868824	1.9932859	0	
16	1.9859966	1.9859662	1.9923588	0	
17	1.9850821	1.9850517	1.9914334	0	
18	1.9841692	1.9841389	1.9905098	0	
19	1.983258	1.9832278	1.9895879	0	
20	1.9823485	1.9823183	1.9886676	0	
21	1.9814407	1.9814106	1.9877491	0	
22	1.9805345	1.9805045	1.9868323	0	
23	1.9796301	1.9796	1.9859172	0	
24	1.9787272	1.9786972	1.9850038	0	
25	1.9778261	1.9777961	1.9840921	0	
26	1.9769266	1.9768967	1.983182	0	
27	1.9760287	1.9759988	1.9822736	0	
28	1.9751325	1.9751027	1.9813669	0	
29	1.9742379	1.9742081	1.9804619	0	
30	1.9733449	1.9733152	1.9795585	0	
31	1.9724536	1.9724239	1.9786568	0	
32	1.9715639	1.9715343	1.9777568	0	
33	1.9706758	1.9706462	1.9768583	0	
34	1.9697893	1.9697598	1.9759616	0	
35	1.9689045	1.968875	1.9750664	0	
36	1.9680212	1.9679918	1.9741729	0	
37	1.9671395	1.9671102	1.9732811	0	
38	1.9662595	1.9662302	1.9723908	0	
39	1.965381	1.9653518	1.9715022	0	
40	1.9645041	1.9644749	1.9706152	0	
41	1.9636288	1.9635997	1.9697298	0	
42	1.9627551	1.962726	1.968846	0	
43	1.9618829	1.9618539	1.9679638	0	
44	1.9610124	1.9609833	1.9670832	0	
45	1.9584115	1.9583827	1.9644525	0	
50	1.9541052	1.9540765	1.9600969	0	
55	1.949837	1.9498086	1.9557802	0	
60	1.9456066	1.9455784	1.9515018	0	
65	1.9414133	1.9413854	1.9472613	0	
70	1.9372567	1.937229	1.9430581	0	
75	1.9331362	1.9331087	1.9388916	0	
80	1.9290515	1.9290242	1.9347614	0	
85	1.9250018	1.9249748	1.930667	0	


precision, %
wave=450 nm
height, km	60	
0	0.064760414	
0.1	0.06128269	
0.2	0.06132377	
0.3	0.061323824	
0.4	0.061323827	
0.5	0.061323829	
0.6	0.061323831	
0.7	0.061323834	
0.8	0.061323836	
0.9	0.061323838	
1	0.061323841	
1.1	0.061323843	
1.2	0.061323845	
1.3	0.061323848	
1.4	0.06132385	
1.5	0.061323852	
1.6	0.061323854	
1.7	0.061323857	
1.8	0.061323859	
1.9	0.061323861	
2	0.061323865	
2.2	0.061323869	
2.4	0.061323874	
2.6	0.061323878	
2.8	0.061323883	
3	0.061323888	
3.2	0.061323891	
3.3	0.061323893	
3.4	0.061323897	
3.6	0.061323901	
3.8	0.061323906	
4	0.061323913	
4.4	0.061323919	
4.5	0.061323923	
4.8	0.061323929	
5	0.061323937	
5.5	0.061323948	
6	0.061323959	
6.47	0.061323982	
8	0.06132401	
9	0.061324033	
10	0.061324056	
11	0.061324078	
12	0.0613241	
13	0.061324123	
14	0.061324145	
15	0.061324167	
16	0.06132419	
17	0.061324212	
18	0.061324234	
19	0.061324256	
20	0.061324278	
21	0.0613243	
22	0.061324322	
23	0.061324344	
24	0.061324365	
25	0.061324387	
26	0.061324409	
27	0.061324431	
28	0.061324452	
29	0.061324474	
30	0.061324495	
31	0.061324517	
32	0.061324538	
33	0.061324559	
34	0.061324581	
35	0.061324602	
36	0.061324623	
37	0.061324644	
38	0.061324665	
39	0.061324687	
40	0.061324708	
41	0.061324729	
42	0.061324749	
43	0.06132477	
44	0.061324791	
45	0.061324853	
50	0.061324956	
55	0.061325058	
60	0.061325158	
65	0.061325258	
70	0.061325356	
75	0.061325453	
80	0.06132555	
85	0.061325645	


