RT Model MCC++	 O.Postylyakov	ver.72
MixedSimC<atmos::StoksC,MCSimC<atmos::StoksC,MCWMethodC<atmos::StoksC,SphericalGeomT>>,SSSimC<atmos::StoksC,MCSimC<atmos::StoksC,MSSMethodC<atmos::StoksC,SphericalGeomT,1000>>>>	ps::cLCG2C	Density: double	AMFs: Yes	ORDERS_ACCOUNT: ATM_COLLGS_ORDERS
photons passed	base/max expendeture	EPS-breakes	MaxCollgs-Breaks	MinPhWgt-Breaks	average colligions
20000	0.0251717/0.0324052	0	0	0	3.2178	
SpecialSamplingCollgs	ForceCollgSimul	EPS	ssEPS	MaxCollgs	MinPhWgt	BaseMod	
1	0	0.001	1e-12	500	1e-300	0	
Albedo	time	IY
0.05	0.0383167	{ 1927891371 283144739 ; 40014 40692 2147483563 2147483399 }	
 -6370.99	 -6370.99	 -5791.81	 -5212.63	 -4633.45	 -4054.27	 -3475.09	  -2895.9	 -2316.72	 -1737.54	 -1158.36	 -579.181	-9.09495e-13	  12.8571	  25.7143	  38.5714	  51.4286	  64.2857	  77.1429	       90	
        0	        0	0.0080361	 0.024108	 0.040179	 0.056251	 0.072322	 0.088394	  0.10447	  0.12054	  0.13661	  0.15268	  0.16875	0.0039284	0.0039364	0.0039443	0.0039522	0.0039601	 0.003968	 0.003976	
        0	        0	        0	        0	        0	        0	        0	        0	        0	        0	        0	        0	        0	        0	        0	        0	        0	        0	        0	        0	
        0	        0	        0	        0	        0	        0	        0	        0	        0	        0	        0	        0	        0	        0	        0	        0	        0	        0	        0	        0	

-------------------------------------------------
tet=84  fi=0
	60	
450	0.062212	

	60	
450	-0.15833	

	60	
450	0.53455	



ord=1
	60	
450	51.937	

	60	
450	2.3865	

	60	
450	0.010628	

enhancement factor
ord=0
wave=450 nm
zenith, km	60	
Stoks:	     3.9088859	  0.0061887982	 -0.0033999921	-0.00038765576	
enhancement factor
0	9.2826806	20.222916	15.580935	6.4742602	
0.1	8.1335657	30.330574	6.1413401	10.5034	
0.2	6.6706068	35.273027	4.5476781	3.1524576	
0.3	5.6632477	42.948771	8.7699294	4.7202355	
0.4	4.907429	45.214877	5.5469665	0.39069022	
0.5	4.3197813	39.612187	6.1740526	0.71464187	
0.6	3.8984836	41.983774	6.3364943	-1.4540769	
0.7	3.5492518	40.454208	1.6548258	-2.0490671	
0.8	3.3012959	44.664136	-1.6593749	-1.4043927	
0.9	3.1137288	41.768544	-0.61194068	-0.28814055	
1	2.9621891	41.409152	1.1321261	-0.88072957	
1.1	2.8483212	40.520586	6.1040595	-2.0069044	
1.2	2.7369939	37.533377	5.574509	-0.070732924	
1.3	2.6641622	37.269453	10.540705	0.8433939	
1.4	2.5980579	37.894009	10.078403	6.4152901	
1.5	2.5324665	35.459012	6.4558949	1.1705706	
1.6	2.477587	33.902128	10.384253	3.6928512	
1.7	2.4385963	32.705338	11.414934	2.7285856	
1.8	2.4036777	32.909891	8.0336393	3.3363904	
1.9	2.3820637	34.665466	8.0240414	4.5929697	
2	2.350867	35.855001	8.1314514	3.9036808	
2.2	2.3070153	32.318217	4.9260935	3.3898955	
2.4	2.28108	28.170735	3.9742147	4.9681829	
2.6	2.2636751	29.68092	9.8218772	4.3501556	
2.8	2.2520739	29.347257	7.8732543	3.4842692	
3	2.229336	28.427478	8.1121729	4.8371142	
3.2	2.2080992	27.426819	9.4670344	4.5889162	
3.3	2.2014228	27.411609	8.5764445	3.6874635	
3.4	2.2026396	30.382318	9.0365911	0.87112641	
3.6	2.1914354	31.922575	9.7844823	-1.1370785	
3.8	2.1880576	33.6017	7.7184779	-2.6321218	
4	2.1779965	32.633943	14.715554	3.8562313	
4.4	2.1586186	29.560892	10.241622	4.0303864	
4.5	2.1538559	30.219062	11.496434	3.9655096	
4.8	2.1519035	30.424571	15.633673	1.9132173	
5	2.1557968	25.901947	12.466399	0.66748799	
5.5	2.1614755	23.707878	17.587603	-0.26351702	
6	2.1567475	27.230134	16.505276	-0.083733356	
6.47	2.1268436	25.791346	17.646059	3.0959597	
8	2.1159528	23.96126	12.563797	-4.0453214	
9	2.118654	29.967876	3.5721719	-2.40901	
10	2.1021275	19.712922	16.239499	-5.9609191	
11	2.0772121	16.035762	11.507813	-2.9860415	
12	2.0648071	16.195129	6.5994073	-4.4067933	
13	2.0502056	14.47362	4.5515847	-2.0688308	
14	2.0413968	13.504962	4.4684565	-0.40552577	
15	2.0363397	14.707887	3.3848544	4.0805271	
16	2.0273349	11.678145	5.8441385	2.3794411	
17	2.0262047	13.071035	6.4459573	7.4891688	
18	2.0171129	10.194243	4.3717725	6.7722626	
19	2.0099988	8.7048371	4.0456831	6.2900164	
20	2.0035598	7.2219277	4.3042553	5.6096777	
21	1.995346	5.2871398	3.6491822	2.4859265	
22	1.9999153	5.0472284	-4.9589918	3.1046523	
23	1.9882119	4.5497368	2.6072835	2.1086382	
24	1.9844607	3.9971739	2.4729279	2.1412545	
25	1.9823167	3.6750162	2.3085338	2.2477838	
26	1.9802418	3.4062247	2.1723596	2.4197326	
27	1.9790332	3.2815956	2.1962652	2.4031387	
28	1.9778131	3.2699465	2.2239765	2.4311981	
29	1.975769	3.2118237	2.5237026	1.9586491	
30	1.9739538	2.938625	2.9454147	1.6608298	
31	1.9725452	2.6698944	3.1830938	1.492869	
32	1.9710991	2.4625677	3.254714	1.1396356	
33	1.9698424	2.3803049	3.0048541	1.1522522	
34	1.9688268	2.3637494	2.9689644	1.1163206	
35	1.9679451	2.3628526	2.9615407	1.1174566	
36	1.9670076	2.349716	2.9489982	1.1231139	
37	1.9658762	2.2764471	3.0457921	1.0587032	
38	1.9648426	2.2661929	2.9155784	1.0374152	
39	1.9637758	2.2458603	2.8580482	1.0305745	
40	1.9624884	2.0923554	2.4972047	1.5145939	
41	1.9612444	1.9551104	2.1833706	2.0045902	
42	1.960371	1.9544133	2.1824434	2.0036341	
43	1.9594995	1.9536898	2.1815014	2.0026979	
44	1.9586223	1.9524578	2.1758533	1.9996839	
45	1.9559226	1.9371066	2.1818933	2.0117575	
50	1.9512537	1.9075772	1.9479495	1.9372131	
55	1.9470066	1.9036833	1.943184	1.9328247	
60	1.9427984	1.8998726	1.9387499	1.9287309	
65	1.9386277	1.8961065	1.9340659	1.9246724	
70	1.9344932	1.892314	1.929961	1.9206488	
75	1.9303949	1.8885505	1.9259177	1.9166637	
80	1.9263315	1.884816	1.9218822	1.9127179	
85	1.922303	1.8811081	1.9178621	1.908796	


precision, %
wave=450 nm
height, km	60	
0	0.55392441	
0.1	0.55125711	
0.2	0.52752978	
0.3	0.57677958	
0.4	0.59099151	
0.5	0.63001804	
0.6	0.66391469	
0.7	0.64492326	
0.8	0.6328859	
0.9	0.67113364	
1	0.70533308	
1.1	0.75223891	
1.2	0.69138912	
1.3	0.70987456	
1.4	0.73660788	
1.5	0.68871373	
1.6	0.66591758	
1.7	0.69384081	
1.8	0.71071595	
1.9	0.70025771	
2	0.71372826	
2.2	0.68538979	
2.4	0.71732591	
2.6	0.75600785	
2.8	0.70382536	
3	0.65388897	
3.2	0.65564102	
3.3	0.6419492	
3.4	0.70038696	
3.6	0.66635882	
3.8	0.7780277	
4	0.69146814	
4.4	0.65388404	
4.5	0.65829031	
4.8	0.69893356	
5	0.69736552	
5.5	0.84895329	
6	0.85082293	
6.47	0.7044966	
8	0.74750225	
9	0.96899249	
10	0.82637962	
11	0.66353467	
12	0.66375973	
13	0.6216576	
14	0.60957312	
15	0.6630706	
16	0.63924728	
17	0.79590478	
18	0.70400899	
19	0.65623493	
20	0.6192508	
21	0.56523808	
22	0.64591542	
23	0.56055205	
24	0.55571156	
25	0.55341591	
26	0.55512494	
27	0.55418648	
28	0.55337923	
29	0.54968596	
30	0.54876384	
31	0.54829866	
32	0.54615752	
33	0.5442965	
34	0.54385828	
35	0.54374027	
36	0.54325543	
37	0.54379074	
38	0.54384298	
39	0.54324462	
40	0.54009384	
41	0.53765646	
42	0.53764588	
43	0.53763558	
44	0.53759978	
45	0.53737451	
50	0.53477067	
55	0.53476199	
60	0.53476127	
65	0.53476095	
70	0.53475774	
75	0.53475298	
80	0.53475178	
85	0.53475058	


ord=1
wave=450 nm
zenith, km	60	
Stoks:	     2.0301448	  -0.048449671	  0.0003743483	             0	
enhancement factor
0	9.4897832	9.4378813	11.599067	0	
0.1	8.5585197	8.6057647	11.474966	0	
0.2	6.875209	7.0077209	11.805376	0	
0.3	5.6885749	5.8614932	12.303869	0	
0.4	4.8366237	5.0290731	12.299385	0	
0.5	4.2144516	4.4154308	12.228021	0	
0.6	3.7528804	3.9573564	12.307618	0	
0.7	3.4058611	3.6077466	12.34748	0	
0.8	3.1412685	3.3396897	12.438073	0	
0.9	2.9371091	3.1315945	12.525576	0	
1	2.7776203	2.9682593	12.493215	0	
1.1	2.6515283	2.8383029	12.567687	0	
1.2	2.5507856	2.7335824	12.653741	0	
1.3	2.4694641	2.6479433	12.658214	0	
1.4	2.4013544	2.5410649	7.1953578	0	
1.5	2.3451358	2.4460634	1.7421712	0	
1.6	2.3001096	2.3968668	1.7707748	0	
1.7	2.2625846	2.3555075	1.8056908	0	
1.8	2.2310539	2.3204193	1.8356795	0	
1.9	2.204392	2.2901043	1.8026239	0	
2	2.1722661	2.2533892	1.8477839	0	
2.2	2.1385086	2.2139032	1.8723005	0	
2.4	2.1131342	2.1833529	1.8718597	0	
2.6	2.0936827	2.1591782	1.9042759	0	
2.8	2.0785222	2.1398588	1.9153812	0	
3	2.066501	2.1238422	1.9086474	0	
3.2	2.0589513	2.1137089	1.9186078	0	
3.3	2.0546236	2.1077696	1.927987	0	
3.4	2.0489892	2.0998157	1.9309529	0	
3.6	2.042514	2.0904312	1.9323224	0	
3.8	2.0371249	2.082339	1.933923	0	
4	2.0307487	2.0722462	1.9337496	0	
4.4	2.0261727	2.0648211	1.9295024	0	
4.5	2.0232957	2.0599186	1.9189135	0	
4.8	2.0200959	2.0542984	1.9188794	0	
5	2.0165576	2.0477015	1.9226554	0	
5.5	2.0124387	2.0396637	1.9301932	0	
6	2.0093079	2.0331152	1.9457439	0	
6.47	2.0045862	2.0229377	1.9587573	0	
8	1.9998593	2.0127117	1.9604832	0	
9	1.9970776	2.0066017	1.9630982	0	
10	1.9946846	2.0019438	1.9626957	0	
11	1.992589	1.9983056	1.9633343	0	
12	1.9907742	1.9951493	1.9640527	0	
13	1.9891297	1.9924851	1.9724165	0	
14	1.9876016	1.9901295	1.9648261	0	
15	1.9861645	1.9881102	1.9649263	0	
16	1.9848061	1.9863328	1.9644668	0	
17	1.9835069	1.9847323	1.9717721	0	
18	1.982263	1.9832644	1.9735572	0	
19	1.9810761	1.9818909	1.9726798	0	
20	1.9799426	1.9805948	1.9718034	0	
21	1.9788532	1.9793675	1.971272	0	
22	1.9778	1.9781953	1.9709229	0	
23	1.976776	1.9770647	1.9716688	0	
24	1.975777	1.975981	1.97078	0	
25	1.9747979	1.9749296	1.9698929	0	
26	1.9738355	1.9739063	1.9690073	0	
27	1.9728871	1.9729069	1.9681233	0	
28	1.9719503	1.9719266	1.9672409	0	
29	1.971023	1.9709618	1.9663601	0	
30	1.9701039	1.9700065	1.9655955	0	
31	1.9691922	1.9690661	1.964769	0	
32	1.9682866	1.9681382	1.9638918	0	
33	1.9673862	1.9672182	1.9630162	0	
34	1.9664902	1.966305	1.9621272	0	
35	1.9655981	1.9653983	1.9612124	0	
36	1.9647099	1.9644975	1.9603418	0	
37	1.9638251	1.963602	1.9594729	0	
38	1.9629433	1.9627111	1.9586055	0	
39	1.9620643	1.9618243	1.9577396	0	
40	1.9611878	1.9609412	1.9568753	0	
41	1.9603137	1.9600614	1.9560126	0	
42	1.9594418	1.9591847	1.9551514	0	
43	1.9585721	1.9583108	1.9542917	0	
44	1.9577044	1.9574395	1.9534336	0	
45	1.9551146	1.9548424	1.9508425	0	
50	1.9508294	1.9505494	1.946601	0	
55	1.946585	1.946302	1.9424267	0	
60	1.9423793	1.9420958	1.9382556	0	
65	1.9382111	1.9379284	1.9341209	0	
70	1.9340796	1.9337983	1.9300221	0	
75	1.9299841	1.9297046	1.9259587	0	
80	1.9259239	1.9256465	1.9219301	0	
85	1.9218987	1.9216233	1.9179361	0	


precision, %
wave=450 nm
height, km	60	
0	0.013751881	
0.1	0.011198002	
0.2	0.010226632	
0.3	0.0088948925	
0.4	0.0088505168	
0.5	0.0083847853	
0.6	0.0080210691	
0.7	0.0079617203	
0.8	0.0082169871	
0.9	0.008306454	
1	0.0085313339	
1.1	0.0086748308	
1.2	0.0087544535	
1.3	0.0089619187	
1.4	0.009178187	
1.5	0.0093095796	
1.6	0.0094430177	
1.7	0.0096231197	
1.8	0.0097945576	
1.9	0.0098926133	
2	0.0099926145	
2.2	0.010074364	
2.4	0.010124378	
2.6	0.010169639	
2.8	0.010223138	
3	0.010309661	
3.2	0.01033999	
3.3	0.010369466	
3.4	0.010389611	
3.6	0.010419207	
3.8	0.010452413	
4	0.010471158	
4.4	0.010479476	
4.5	0.010497755	
4.8	0.010511409	
5	0.010524529	
5.5	0.010556296	
6	0.010566105	
6.47	0.010573721	
8	0.010590253	
9	0.010596055	
10	0.010604192	
11	0.01061496	
12	0.010619203	
13	0.010618108	
14	0.010623743	
15	0.01062668	
16	0.010629012	
17	0.010626643	
18	0.01062713	
19	0.010628627	
20	0.010629848	
21	0.010630843	
22	0.010631653	
23	0.010632315	
24	0.010632853	
25	0.010633293	
26	0.010633653	
27	0.010633945	
28	0.010634185	
29	0.010634382	
30	0.010634544	
31	0.010634675	
32	0.010634782	
33	0.01063487	
34	0.010634942	
35	0.010635002	
36	0.010635049	
37	0.010635087	
38	0.010635118	
39	0.010635141	
40	0.01063516	
41	0.010635174	
42	0.010635185	
43	0.010635192	
44	0.010635197	
45	0.010635198	
50	0.010635185	
55	0.010635156	
60	0.01063512	
65	0.01063508	
70	0.010635039	
75	0.010634998	
80	0.010634957	
85	0.010634916	


-------------------------------------------------
tet=84  fi=90
	60	
450	0.022629494	

	60	
450	-24.943236	

	60	
450	0.91963082	



ord=1
	60	
450	28.808969	

	60	
450	-32.518857	

	60	
450	0.052616393	

enhancement factor
ord=0
wave=450 nm
zenith, km	60	
Stoks:	      1.421853	    0.35465616	  -0.070990029	 -0.0017650409	
enhancement factor
0	9.0591399	9.0183526	10.380482	10.710298	
0.1	7.5929007	7.816369	9.5631143	11.024149	
0.2	6.3624529	6.6845275	8.3061582	8.5954707	
0.3	5.5447064	5.8928246	7.5773984	9.643519	
0.4	4.9000238	5.3141107	6.9005513	8.820525	
0.5	4.38483	4.7220351	6.2546263	6.9077937	
0.6	4.0359602	4.3831104	5.5826445	5.7872169	
0.7	3.6963036	4.0430033	5.1583821	6.1939814	
0.8	3.4647085	3.8081521	4.5398087	5.9074539	
0.9	3.31526	3.6285287	4.208052	5.3291705	
1	3.1480103	3.4471717	4.3921007	5.0662411	
1.1	3.064858	3.341008	4.5558357	4.7031038	
1.2	2.9361172	3.1876538	4.182346	4.9727689	
1.3	2.875192	3.0864964	4.2574926	4.7259582	
1.4	2.8256703	3.0605957	3.9758121	5.5405961	
1.5	2.7744525	3.0083566	3.6084045	3.2654384	
1.6	2.6967217	2.8782254	3.9521325	4.8349828	
1.7	2.6512774	2.8332408	3.8211379	4.5056814	
1.8	2.617007	2.8076816	3.7994296	4.2546188	
1.9	2.5933285	2.7924306	3.7935605	4.8287968	
2	2.5696346	2.7646914	3.7215573	4.7453403	
2.2	2.5288623	2.6735875	3.4061082	4.0988918	
2.4	2.5046046	2.6149331	3.4298994	3.8872223	
2.6	2.4941063	2.6325653	3.7777641	3.8735739	
2.8	2.471778	2.5855285	3.5775224	3.4468384	
3	2.4543846	2.5450545	3.6063308	3.4938816	
3.2	2.4270143	2.5233986	3.4518868	3.2072104	
3.3	2.4246843	2.5274192	3.4116004	2.8362332	
3.4	2.4304246	2.5577746	3.4182032	2.9027931	
3.6	2.4311434	2.5911826	3.4790161	2.6283682	
3.8	2.4236658	2.5682506	3.2519857	1.8810928	
4	2.426715	2.5756424	3.481786	3.177241	
4.4	2.3869742	2.515495	3.3048704	3.3295652	
4.5	2.3794998	2.5089309	3.3524911	3.615137	
4.8	2.3849047	2.513467	3.4414805	2.3176944	
5	2.3869596	2.4806123	3.3570709	1.9325506	
5.5	2.39187	2.4635902	3.5503696	2.4807842	
6	2.3827986	2.4847868	3.4695967	2.1205885	
6.47	2.3172935	2.3929224	3.3633753	2.431875	
8	2.299543	2.3982007	3.1382447	1.1399058	
9	2.3190934	2.4673684	2.7513778	1.0682278	
10	2.2896387	2.2969553	2.9304593	0.83080119	
11	2.23077	2.2567919	2.7744529	1.1550887	
12	2.201062	2.2531892	2.6030262	1.2616681	
13	2.1657707	2.2180457	2.4845836	1.5025492	
14	2.1480099	2.199374	2.5179676	1.47	
15	2.1372803	2.1710107	2.4127706	2.4607912	
16	2.1130969	2.1188751	2.3592035	2.6619529	
17	2.1240506	2.1477348	2.4203181	3.2960817	
18	2.0947459	2.1087057	2.2841311	3.2458551	
19	2.0743519	2.0860719	2.2470636	3.1883231	
20	2.0567883	2.0618433	2.2231319	3.0097987	
21	2.0290566	2.0369741	2.1167148	2.4984066	
22	2.0301926	2.036575	1.9395821	2.2329612	
23	2.0113966	2.0275948	2.0393298	2.1721229	
24	2.0013755	2.0154993	2.016843	2.1150241	
25	1.9971224	2.0105276	2.0009479	2.1522129	
26	1.9932964	2.0049708	1.9743507	2.1410731	
27	1.9918202	2.0025308	1.9707828	2.1209814	
28	1.9898227	2.0013429	1.9689754	2.1267633	
29	1.9862771	1.9971092	1.9786701	2.035253	
30	1.9824303	1.9888539	2.0079328	1.9987437	
31	1.9796999	1.9826447	2.0264362	1.9866894	
32	1.9778055	1.9789206	2.0252571	1.9224189	
33	1.9760346	1.9769838	2.0184671	1.9275606	
34	1.974819	1.9756925	2.0143722	1.9162189	
35	1.9739336	1.9747783	2.0131947	1.916452	
36	1.9728064	1.9735107	2.0120652	1.9126506	
37	1.971369	1.9715864	2.0143735	1.9017776	
38	1.9701198	1.9704493	2.0086831	1.8971788	
39	1.9687744	1.9688411	2.0040114	1.8892352	
40	1.9671091	1.9665352	1.9936573	1.9392318	
41	1.9656587	1.9645693	1.9850777	1.9896762	
42	1.9647755	1.9636914	1.9841962	1.98872	
43	1.9638944	1.9628155	1.9833114	1.9877686	
44	1.9629763	1.9619068	1.9825482	1.9863311	
45	1.960027	1.9590857	1.9799692	1.9838537	
50	1.9546779	1.954431	1.9637766	1.9561944	
55	1.9504016	1.9501552	1.9594266	1.9518435	
60	1.9461669	1.9459208	1.9551097	1.9475967	
65	1.9419718	1.9417254	1.9507962	1.9433873	
70	1.9378107	1.9375653	1.9465679	1.9392148	
75	1.9336865	1.9334418	1.9423758	1.9350796	
80	1.9295971	1.929354	1.9382187	1.9309814	
85	1.9255428	1.9253015	1.9340963	1.9269165	


precision, %
wave=450 nm
height, km	60	
0	0.94633886	
0.1	0.99837866	
0.2	1.0123315	
0.3	1.0584394	
0.4	1.087204	
0.5	1.1494974	
0.6	1.2318804	
0.7	1.1160012	
0.8	1.1316296	
0.9	1.2862384	
1	1.1496577	
1.1	1.3123184	
1.2	1.1976622	
1.3	1.2122284	
1.4	1.2613788	
1.5	1.4129333	
1.6	1.1706137	
1.7	1.1297297	
1.8	1.1730118	
1.9	1.1523806	
2	1.1815578	
2.2	1.16983	
2.4	1.2400262	
2.6	1.5915941	
2.8	1.1932719	
3	1.1496543	
3.2	1.1791298	
3.3	1.2121528	
3.4	1.26425	
3.6	1.4334797	
3.8	1.4620761	
4	1.5311347	
4.4	1.4502224	
4.5	1.4497158	
4.8	1.6069939	
5	1.4598436	
5.5	1.6412629	
6	1.6662556	
6.47	1.4094095	
8	1.5415156	
9	2.2068669	
10	1.8215467	
11	1.5040308	
12	1.4377424	
13	1.3217696	
14	1.3917392	
15	1.5350337	
16	1.4587791	
17	2.5079529	
18	1.9367756	
19	1.6654061	
20	1.4820883	
21	1.030467	
22	1.1031716	
23	0.99501487	
24	0.96958267	
25	0.95877953	
26	0.95665555	
27	0.95511402	
28	0.95178174	
29	0.93807326	
30	0.92886413	
31	0.93164955	
32	0.93207002	
33	0.93044805	
34	0.93002822	
35	0.93004317	
36	0.92980371	
37	0.93157205	
38	0.93269755	
39	0.93294891	
40	0.92926388	
41	0.92611361	
42	0.92609134	
43	0.92606935	
44	0.92596808	
45	0.92530153	
50	0.920667	
55	0.92064911	
60	0.92064736	
65	0.92065138	
70	0.92064552	
75	0.92064039	
80	0.92063423	
85	0.9206278	


ord=1
wave=450 nm
zenith, km	60	
Stoks:	     0.4096212	    0.13320413	    0.22918266	             0	
enhancement factor
0	8.6402778	8.5043846	8.4893002	0	
0.1	6.8889088	6.8955728	6.8933921	0	
0.2	5.6444268	5.7111142	5.7139168	0	
0.3	4.7747151	4.8713154	4.87406	0	
0.4	4.1535039	4.2609993	4.262421	0	
0.5	3.7000732	3.8088695	3.8092387	0	
0.6	3.3625325	3.4680847	3.468414	0	
0.7	3.1089023	3.2087156	3.2083431	0	
0.8	2.9144369	3.0086423	3.0079788	0	
0.9	2.7639238	2.8530985	2.8521815	0	
1	2.6458145	2.730458	2.7292438	0	
1.1	2.551866	2.6319982	2.6308469	0	
1.2	2.4763559	2.5518159	2.5508809	0	
1.3	2.4147777	2.485982	2.485077	0	
1.4	2.3639555	2.4311861	2.4304887	0	
1.5	2.321901	2.3854984	2.38472	0	
1.6	2.2867002	2.3470472	2.3462738	0	
1.7	2.2571286	2.31438	2.313675	0	
1.8	2.2319346	2.2864335	2.285807	0	
1.9	2.2103709	2.2624722	2.2617152	0	
2	2.183919	2.2326239	2.2320185	0	
2.2	2.155619	2.200407	2.1998693	0	
2.4	2.1337936	2.1751786	2.1746532	0	
2.6	2.1165679	2.1550208	2.1545349	0	
2.8	2.1027684	2.1385485	2.1381129	0	
3	2.0914281	2.1249727	2.1244748	0	
3.2	2.0841262	2.1160686	2.115619	0	
3.3	2.0798229	2.1107744	2.110365	0	
3.4	2.0741032	2.1036375	2.1032606	0	
3.6	2.0673451	2.0951578	2.0948097	0	
3.8	2.0615291	2.0877525	2.0874299	0	
4	2.0542914	2.0783914	2.0780871	0	
4.4	2.0489431	2.071433	2.071138	0	
4.5	2.0453608	2.0666783	2.0663965	0	
4.8	2.0412863	2.0612324	2.0609728	0	
5	2.0364775	2.0547246	2.0544971	0	
5.5	2.0305849	2.0466915	2.0465069	0	
6	2.0258265	2.0401596	2.0399941	0	
6.47	2.0182717	2.0296646	2.0295595	0	
8	2.0106051	2.0190101	2.018943	0	
9	2.006009	2.0127089	2.0126349	0	
10	2.0022657	2.0076198	2.0075616	0	
11	1.9991545	2.0034767	2.0034335	0	
12	1.9964954	2.0000028	1.9999569	0	
13	1.9941808	1.9970316	1.9970072	0	
14	1.9921389	1.9944918	1.9944436	0	
15	1.9903218	1.9922594	1.992215	0	
16	1.9886753	1.9902827	1.9902429	0	
17	1.9871537	1.9885059	1.9884809	0	
18	1.9857404	1.9868816	1.9868632	0	
19	1.9844133	1.9853758	1.98536	0	
20	1.9831589	1.9839717	1.9839579	0	
21	1.9819679	1.9826569	1.9826449	0	
22	1.9808284	1.9814145	1.981404	0	
23	1.9797314	1.9802319	1.9802225	0	
24	1.9786696	1.9790989	1.9790905	0	
25	1.9776367	1.9780065	1.9779989	0	
26	1.9766286	1.976949	1.9769421	0	
27	1.9756414	1.9759209	1.9759145	0	
28	1.9746711	1.9749163	1.9749104	0	
29	1.9737136	1.9739305	1.9739244	0	
30	1.9727682	1.9729615	1.972955	0	
31	1.9718346	1.9720077	1.9720015	0	
32	1.97091	1.9710663	1.9710603	0	
33	1.9699925	1.9701343	1.9701285	0	
34	1.969081	1.9692104	1.9692048	0	
35	1.9681753	1.968294	1.9682886	0	
36	1.9672747	1.9673845	1.9673792	0	
37	1.9663787	1.9664809	1.9664757	0	
38	1.9654868	1.9655825	1.9655774	0	
39	1.9645985	1.9646888	1.9646838	0	
40	1.9637136	1.9637992	1.9637942	0	
41	1.9628316	1.9629132	1.9629083	0	
42	1.9619524	1.9620305	1.9620256	0	
43	1.9610757	1.9611509	1.9611461	0	
44	1.9602015	1.9602741	1.9602693	0	
45	1.9575945	1.9576617	1.957657	0	
50	1.9532833	1.9533442	1.9533396	0	
55	1.9490162	1.9490736	1.9490691	0	
60	1.9447894	1.9448449	1.9448405	0	
65	1.9406012	1.9406555	1.9406511	0	
70	1.9364503	1.9365038	1.9364994	0	
75	1.9323359	1.9323888	1.9323844	0	
80	1.9282573	1.9283096	1.9283053	0	
85	1.9242138	1.9242657	1.9242615	0	


precision, %
wave=450 nm
height, km	60	
0	0.074732076	
0.1	0.068766693	
0.2	0.061533591	
0.3	0.052316334	
0.4	0.050853064	
0.5	0.047122188	
0.6	0.044176274	
0.7	0.043047263	
0.8	0.043718245	
0.9	0.043590548	
1	0.044242356	
1.1	0.044547791	
1.2	0.044589667	
1.3	0.045323243	
1.4	0.04611504	
1.5	0.046517449	
1.6	0.046997722	
1.7	0.047731628	
1.8	0.04844441	
1.9	0.048820037	
2	0.049188789	
2.2	0.04946943	
2.4	0.049636132	
2.6	0.049807014	
2.8	0.050035276	
3	0.050436682	
3.2	0.050578048	
3.3	0.050719417	
3.4	0.050819711	
3.6	0.050970904	
3.8	0.05114162	
4	0.051254897	
4.4	0.051315894	
4.5	0.051421916	
4.8	0.051510196	
5	0.051605888	
5.5	0.051804284	
6	0.05189445	
6.47	0.052007455	
8	0.052164742	
9	0.052241893	
10	0.052316971	
11	0.052395309	
12	0.052438723	
13	0.052453154	
14	0.052493701	
15	0.052518082	
16	0.05253715	
17	0.05253394	
18	0.05254148	
19	0.052552515	
20	0.052561682	
21	0.052569221	
22	0.052575448	
23	0.0525806	
24	0.052584864	
25	0.052588406	
26	0.052591339	
27	0.05259376	
28	0.052595778	
29	0.052597501	
30	0.052598945	
31	0.052600119	
32	0.052601098	
33	0.052601931	
34	0.052602646	
35	0.052603252	
36	0.052603763	
37	0.052604195	
38	0.052604561	
39	0.052604871	
40	0.052605136	
41	0.052605364	
42	0.05260556	
43	0.052605728	
44	0.052605874	
45	0.052606184	
50	0.052606553	
55	0.052606765	
60	0.0526069	
65	0.052606995	
70	0.05260707	
75	0.052607133	
80	0.052607191	
85	0.052607245	


-------------------------------------------------
tet=84  fi=180
	60	
450	0.022425749	

	60	
450	10.469006	

	60	
450	0.91616549	



ord=1
	60	
450	29.741522	

	60	
450	13.201054	

	60	
450	0.051380257	

enhancement factor
ord=0
wave=450 nm
zenith, km	60	
Stoks:	     1.4090514	   -0.14751367	  0.0020053345	 0.00015574881	
enhancement factor
0	9.0588358	7.5437545	1.3711986	11.640902	
0.1	7.6544905	5.0760782	18.947898	-1.1764947	
0.2	6.4377524	3.7290542	12.37166	7.0043323	
0.3	5.5702054	2.8610938	6.5206595	0.56083171	
0.4	4.9441837	2.3425338	3.5927504	5.0695262	
0.5	4.4691298	2.0015003	8.5778894	17.336099	
0.6	4.1390165	1.5892213	21.525598	30.317214	
0.7	3.7887037	1.4101541	11.754645	20.419605	
0.8	3.5404137	1.2601499	17.870716	29.464784	
0.9	3.3819561	1.2721759	14.730052	11.968356	
1	3.2301728	1.2059895	7.220666	8.5451056	
1.1	3.128761	1.2209809	-3.4308858	5.6289619	
1.2	3.0044686	1.2615934	-0.035492169	8.1494219	
1.3	2.9278953	1.2573084	1.9642906	9.1573118	
1.4	2.8635066	1.1833357	-2.368918	2.1041543	
1.5	2.8294395	1.1899115	11.471374	22.648165	
1.6	2.7365919	1.3414243	-10.695793	1.3847459	
1.7	2.7124188	1.3074261	-1.6739213	5.5717767	
1.8	2.669388	1.2687516	-5.3259372	9.9668577	
1.9	2.6395253	1.2395177	-0.60558714	6.591147	
2	2.595586	1.2054804	-2.3244513	5.0536622	
2.2	2.5405743	1.3124415	1.215482	3.5739531	
2.4	2.5194638	1.4116284	0.54796924	5.4184669	
2.6	2.5158073	1.2868192	-12.230285	3.9498793	
2.8	2.4889885	1.3388303	-3.6964756	9.5961918	
3	2.4704895	1.3951102	-8.533087	10.448069	
3.2	2.442863	1.4175033	-6.5045536	8.0826494	
3.3	2.440232	1.4156122	-6.3265481	7.2927148	
3.4	2.4526766	1.3005591	-4.725422	9.4529174	
3.6	2.426187	1.3131298	-10.502784	-2.4122725	
3.8	2.4052409	1.3308223	-7.8363542	4.9601094	
4	2.4111217	1.3332624	-11.556173	-0.8451563	
4.4	2.3761369	1.3633801	-5.4211123	-2.113238	
4.5	2.3718669	1.3464764	-9.7870706	-5.5007525	
4.8	2.3678768	1.3523557	-10.2007	2.8389634	
5	2.3887404	1.4976628	-7.5616864	11.324193	
5.5	2.4082105	1.6122573	-6.8539712	15.29534	
6	2.3686286	1.5792444	-7.3944107	8.6752622	
6.47	2.3202352	1.4842188	-19.117819	-0.78733035	
8	2.3024206	1.5744033	-3.2481689	9.8539011	
9	2.3429598	1.2024427	0.46705006	25.558806	
10	2.282045	1.4987977	-12.390948	17.193012	
11	2.2260733	1.6133288	-8.9040407	13.997697	
12	2.2031409	1.6354148	-5.4855531	11.875964	
13	2.1640427	1.6707195	-6.6121714	9.811697	
14	2.1415391	1.7368805	-4.2271932	9.3548488	
15	2.1244926	1.7833365	0.86485482	4.0491602	
16	2.1082389	1.7992099	2.2678682	6.0606526	
17	2.1031531	1.8094766	9.4436589	9.4855689	
18	2.079047	1.8664485	8.5268194	8.4520746	
19	2.0626173	1.8757967	6.5431193	4.9457771	
20	2.0482873	1.8950333	4.6257177	2.1839232	
21	2.0293391	1.8924653	1.0830957	1.5943228	
22	2.0460634	1.8941025	17.936401	2.1280263	
23	2.0112864	1.903697	3.4176736	3.8843624	
24	2.0032708	1.9214645	3.0618499	3.3684915	
25	1.9993876	1.9277579	3.0252031	2.8755032	
26	1.9954368	1.9333638	3.1978576	2.7462562	
27	1.993961	1.935639	3.1530661	2.7645612	
28	1.9923441	1.9362491	3.0657459	2.7525627	
29	1.9894644	1.933518	2.6815633	2.8275845	
30	1.9860561	1.9437112	1.7826168	2.5155829	
31	1.9833763	1.9558549	1.142815	2.6086702	
32	1.9810109	1.9624801	0.92899204	3.3440445	
33	1.9791277	1.9657154	1.1007588	3.3380144	
34	1.9777557	1.9654583	1.1602366	3.4385065	
35	1.9768311	1.9646263	1.1504274	3.4377794	
36	1.9757503	1.9650615	1.1154658	3.4391904	
37	1.9744696	1.9651368	1.0115992	3.3814565	
38	1.9732708	1.9645974	1.1097028	3.3735809	
39	1.9719158	1.9638311	1.0329762	3.3219709	
40	1.9701965	1.9672323	1.4323368	2.4769152	
41	1.9685413	1.9704639	1.7913116	1.601582	
42	1.9676515	1.9695533	1.7907206	1.6029136	
43	1.966764	1.9686464	1.7901588	1.6041584	
44	1.9658533	1.967959	1.7857418	1.6162888	
45	1.9629758	1.9653189	1.8064824	1.7045453	
50	1.9579647	1.9610068	2.0055957	1.9419979	
55	1.9536615	1.9566802	2.0012182	1.9381588	
60	1.9493992	1.9523908	1.9969779	1.9340239	
65	1.9451761	1.9481396	1.9932531	1.9299247	
70	1.9409893	1.9439284	1.9886846	1.925861	
75	1.9368398	1.9397543	1.984118	1.9218187	
80	1.9327255	1.9356168	1.9796136	1.9177931	
85	1.9286465	1.9315154	1.9751938	1.9138331	


precision, %
wave=450 nm
height, km	60	
0	0.97392151	
0.1	1.0889657	
0.2	1.0843015	
0.3	1.075759	
0.4	1.1134209	
0.5	1.1606023	
0.6	1.3028724	
0.7	1.2628608	
0.8	1.209832	
0.9	1.2812093	
1	1.2693746	
1.1	1.4130502	
1.2	1.2982684	
1.3	1.2814408	
1.4	1.251821	
1.5	1.6000727	
1.6	1.2297834	
1.7	1.232473	
1.8	1.2832857	
1.9	1.2533942	
2	1.2057665	
2.2	1.1219401	
2.4	1.1943282	
2.6	1.4067794	
2.8	1.1241418	
3	1.0914941	
3.2	1.1492143	
3.3	1.2057824	
3.4	1.3411073	
3.6	1.2235664	
3.8	1.2278091	
4	1.3412949	
4.4	1.2756247	
4.5	1.3406922	
4.8	1.2930025	
5	1.4175621	
5.5	1.9419717	
6	1.6340529	
6.47	1.5795323	
8	1.5912399	
9	2.4078902	
10	1.6770513	
11	1.3957198	
12	1.4364232	
13	1.2211322	
14	1.2226745	
15	1.2483026	
16	1.276521	
17	1.5679163	
18	1.3410379	
19	1.2319394	
20	1.1447664	
21	1.0211035	
22	1.3854802	
23	0.98740444	
24	0.97187338	
25	0.96447561	
26	0.96283288	
27	0.96108645	
28	0.95626087	
29	0.95083307	
30	0.93764623	
31	0.9317061	
32	0.93299906	
33	0.93370295	
34	0.93120317	
35	0.93101124	
36	0.93104149	
37	0.93055652	
38	0.93080555	
39	0.92964212	
40	0.92304766	
41	0.91813252	
42	0.91812205	
43	0.91811178	
44	0.91801877	
45	0.91755454	
50	0.91577187	
55	0.91576899	
60	0.91577301	
65	0.91577842	
70	0.91578	
75	0.91578089	
80	0.91578254	
85	0.91578451	


ord=1
wave=450 nm
zenith, km	60	
Stoks:	    0.41907333	  -0.055322097	 0.00023743221	             0	
enhancement factor
0	8.6642059	8.4860379	11.92274	0	
0.1	6.9525807	6.9777292	11.680034	0	
0.2	5.7317711	5.8413514	12.207446	0	
0.3	4.8753077	5.0162775	12.997498	0	
0.4	4.2602242	4.4086456	12.998102	0	
0.5	3.8084537	3.9538767	12.893719	0	
0.6	3.4699425	3.6092156	13.025329	0	
0.7	3.2139011	3.3419758	13.094724	0	
0.8	3.0165853	3.1346685	13.243318	0	
0.9	2.8633115	2.9723855	13.386792	0	
1	2.742548	2.8438437	13.343681	0	
1.1	2.6458617	2.7400999	13.466374	0	
1.2	2.5675153	2.6550245	13.606755	0	
1.3	2.5031005	2.5841781	13.620781	0	
1.4	2.4494989	2.525106	13.636626	0	
1.5	2.40476	2.4747245	13.554023	0	
1.6	2.3670188	2.4317439	13.584662	0	
1.7	2.3350588	2.3950157	13.625061	0	
1.8	2.2916825	2.3790213	3.1153063	0	
1.9	2.266007	2.3531951	1.7207623	0	
2	2.2366697	2.3186306	1.7899875	0	
2.2	2.2049119	2.2805562	1.827539	0	
2.4	2.1800086	2.2500927	1.8269275	0	
2.6	2.1600278	2.2251805	1.876261	0	
2.8	2.1437448	2.2045813	1.8932462	0	
3	2.1301562	2.1870008	1.8831273	0	
3.2	2.1212959	2.1755536	1.8981902	0	
3.3	2.116013	2.168678	1.9123214	0	
3.4	2.1089021	2.1592725	1.9168577	0	
3.6	2.1004127	2.1479443	1.919002	0	
3.8	2.0929945	2.1379007	1.9214564	0	
4	2.0835782	2.1249144	1.9213283	0	
4.4	2.0765573	2.1151789	1.9151753	0	
4.5	2.0717562	2.1084636	1.8995591	0	
4.8	2.066249	2.1006716	1.8996163	0	
5	2.0596331	2.0912	1.9053075	0	
5.5	2.0514299	2.0793689	1.9166374	0	
6	2.0447105	2.0695118	1.9394227	0	
6.47	2.0339454	2.0537393	1.9586456	0	
8	2.0230255	2.0377361	1.9578143	0	
9	2.0165137	2.0281817	1.9600303	0	
10	2.0112414	2.0206343	1.9598931	0	
11	2.006907	2.0145737	1.9612155	0	
12	2.0032712	2.0095086	1.9625414	0	
13	2.0001775	2.0053088	1.9741516	0	
14	1.9975145	2.0017339	1.9644911	0	
15	1.9951727	1.998681	1.9781804	0	
16	1.9931254	1.9960932	1.978312	0	
17	1.991281	1.9938278	1.9877904	0	
18	1.9896018	1.9918069	1.9902525	0	
19	1.988052	1.9899705	1.9893308	0	
20	1.9866117	1.9882893	1.9884108	0	
21	1.9852672	1.9867453	1.9874925	0	
22	1.9840002	1.9853121	1.9865759	0	
23	1.9827969	1.9839704	1.985661	0	
24	1.9816466	1.9827047	1.9847478	0	
25	1.9805395	1.9815011	1.9838363	0	
26	1.9794693	1.9803506	1.9829265	0	
27	1.9784303	1.9792449	1.9820184	0	
28	1.9774161	1.9781747	1.9811119	0	
29	1.976422	1.9771331	1.9802071	0	
30	1.9754456	1.9761168	1.979304	0	
31	1.9744849	1.9751228	1.9784026	0	
32	1.9735371	1.9741471	1.9775028	0	
33	1.9725992	1.9731852	1.9766046	0	
34	1.9716697	1.972235	1.9757081	0	
35	1.9707481	1.9712955	1.9748133	0	
36	1.9698336	1.9703659	1.9739201	0	
37	1.9689252	1.9694446	1.9730285	0	
38	1.9680222	1.9685305	1.9721385	0	
39	1.9671239	1.9676228	1.9712502	0	
40	1.9662299	1.9667206	1.9703635	0	
41	1.9653396	1.9658232	1.9694784	0	
42	1.9644527	1.9649301	1.9685949	0	
43	1.9635689	1.9640408	1.967713	0	
44	1.962688	1.9631552	1.9668327	0	
45	1.9600634	1.9605198	1.9641874	0	
50	1.955726	1.9561692	1.959825	0	
55	1.951436	1.9518708	1.9555104	0	
60	1.9471882	1.947617	1.9512342	0	
65	1.9429799	1.943404	1.9469915	0	
70	1.9388096	1.9392296	1.9427868	0	
75	1.9346762	1.9350925	1.9386225	0	
80	1.9305789	1.9309917	1.9344945	0	
85	1.9265171	1.9269266	1.9304022	0	


precision, %
wave=450 nm
height, km	60	
0	0.072739058	
0.1	0.066440239	
0.2	0.059049791	
0.3	0.049900004	
0.4	0.048264837	
0.5	0.044563978	
0.6	0.041673409	
0.7	0.040543712	
0.8	0.041131304	
0.9	0.040992215	
1	0.041595198	
1.1	0.041890033	
1.2	0.041949866	
1.3	0.042655517	
1.4	0.043424079	
1.5	0.043832816	
1.6	0.044315861	
1.7	0.045034904	
1.8	0.046050898	
1.9	0.046482915	
2	0.046884791	
2.2	0.047220097	
2.4	0.047443292	
2.6	0.04766411	
2.8	0.0479338	
3	0.048361936	
3.2	0.048530245	
3.3	0.048685628	
3.4	0.048812893	
3.6	0.048997287	
3.8	0.049196255	
4	0.049355986	
4.4	0.049455069	
4.5	0.049584678	
4.8	0.049703148	
5	0.049837923	
5.5	0.050081897	
6	0.050217022	
6.47	0.050406785	
8	0.050639665	
9	0.050763631	
10	0.050874715	
11	0.050980623	
12	0.051047854	
13	0.051083304	
14	0.051137769	
15	0.051174775	
16	0.05120355	
17	0.051210583	
18	0.051225228	
19	0.051241636	
20	0.051255289	
21	0.051266531	
22	0.051275829	
23	0.051283533	
24	0.051289918	
25	0.051295234	
26	0.051299643	
27	0.051303291	
28	0.051306341	
29	0.051308915	
30	0.051311074	
31	0.05131287	
32	0.051314375	
33	0.051315665	
34	0.051316779	
35	0.051317731	
36	0.051318542	
37	0.051319235	
38	0.051319829	
39	0.051320342	
40	0.051320787	
41	0.051321176	
42	0.051321518	
43	0.05132182	
44	0.051322088	
45	0.051322703	
50	0.051323504	
55	0.05132407	
60	0.051324519	
65	0.051324908	
70	0.051325264	
75	0.0513256	
80	0.051325925	
85	0.051326244	


