RT Model MCC++	 O.Postylyakov	ver.72
MixedSimC<atmos::StoksC,MCSimC<atmos::StoksC,MCWMethodC<atmos::StoksC,SphericalGeomT>>,SSSimC<atmos::StoksC,MCSimC<atmos::StoksC,MSSMethodC<atmos::StoksC,SphericalGeomT,1000>>>>	ps::cLCG2C	Density: double	AMFs: Yes	ORDERS_ACCOUNT: ATM_COLLGS_ORDERS
photons passed	base/max expendeture	EPS-breakes	MaxCollgs-Breaks	MinPhWgt-Breaks	average colligions
20100	0.0321555/0.0393954	0	0	0	3.15786	
SpecialSamplingCollgs	ForceCollgSimul	EPS	ssEPS	MaxCollgs	MinPhWgt	BaseMod	
1	0	0.001	1e-12	500	1e-300	0	
Albedo	time	IY
0.05	0.0395833	{ 29458805 386739100 ; 40014 40692 2147483563 2147483399 }	
 -6370.99	 -6370.99	 -5791.81	 -5212.63	 -4633.45	 -4054.27	 -3475.09	  -2895.9	 -2316.72	 -1737.54	 -1158.36	 -579.181	-9.09495e-13	  12.8571	  25.7143	  38.5714	  51.4286	  64.2857	  77.1429	       90	
        0	        0	0.0080361	 0.024108	 0.040179	 0.056251	 0.072322	 0.088394	  0.10447	  0.12054	  0.13661	  0.15268	  0.16875	0.0039284	0.0039364	0.0039443	0.0039522	0.0039601	 0.003968	 0.003976	
        0	        0	        0	        0	        0	        0	        0	        0	        0	        0	        0	        0	        0	        0	        0	        0	        0	        0	        0	        0	
        0	        0	        0	        0	        0	        0	        0	        0	        0	        0	        0	        0	        0	        0	        0	        0	        0	        0	        0	        0	

-------------------------------------------------
tet=89.6  fi=0
	60	
450	0.041471	

	60	
450	0.91018	

	60	
450	0.67229	



ord=1
	60	
450	46.243	

	60	
450	4.1295	

	60	
450	0.019903	

enhancement factor
ord=0
wave=450 nm
zenith, km	60	
Stoks:	     2.6057262	  -0.023716876	 -0.0031668506	-0.00043799209	
enhancement factor
0	31.596216	33.056749	23.554665	21.728489	
0.1	3.0326814	-10.602331	5.5955301	4.1899088	
0.2	2.6723865	-9.4638248	4.5615221	3.2397249	
0.3	2.5505492	-8.9268148	4.0678338	3.807543	
0.4	2.4867885	-8.5048182	5.551388	2.7949833	
0.5	2.4211973	-7.8345461	7.1082853	1.5691511	
0.6	2.3716093	-6.7589077	6.9235062	0.28427894	
0.7	2.3432174	-6.5430247	5.4467617	-0.20243306	
0.8	2.3230933	-6.6012024	6.1713182	1.0078056	
0.9	2.3001629	-6.364564	7.397003	0.5599131	
1	2.2893486	-6.6660995	8.025617	0.18826124	
1.1	2.2556376	-5.1598705	3.4391944	2.7391144	
1.2	2.2540227	-5.1803796	4.4981172	2.5707211	
1.3	2.2415033	-5.2023134	4.2746353	3.6991217	
1.4	2.2319212	-4.7835671	3.4158601	2.2463795	
1.5	2.2218558	-4.5420857	3.8381869	3.5231151	
1.6	2.2079705	-4.2400134	4.5562246	2.719994	
1.7	2.2007401	-3.9460947	9.6537118	3.2334769	
1.8	2.1873451	-3.4610209	6.4589062	2.7455124	
1.9	2.1887334	-3.5446104	5.4725487	0.87206946	
2	2.1850307	-3.7050636	5.814981	3.6529786	
2.2	2.1688013	-3.4426463	10.117763	0.4102907	
2.4	2.1553996	-3.0089314	9.4281704	2.7325602	
2.6	2.154835	-3.0787768	10.282911	3.7203668	
2.8	2.1523857	-2.6372691	7.6661615	4.5988878	
3	2.1535304	-2.3843579	6.4617904	3.1448224	
3.2	2.1558312	-1.8627245	2.7177869	1.9040041	
3.3	2.1464743	-1.9672906	1.9275737	2.009491	
3.4	2.1450803	-2.5070031	5.0781315	2.2117264	
3.6	2.1464668	-2.7300526	4.9535563	2.5907728	
3.8	2.1387198	-2.2750733	3.6731216	0.67761537	
4	2.1511933	-2.2382158	4.6087163	-1.3215414	
4.4	2.1418633	-2.1872941	5.4290585	2.3941193	
4.5	2.1388282	-2.4471918	6.7562186	2.1037582	
4.8	2.1423762	-2.7093335	4.3037029	2.5233403	
5	2.1340727	-2.4520225	3.2374442	3.4635507	
5.5	2.1253181	-1.5641998	5.9489635	2.732749	
6	2.121511	-1.7142213	6.0776619	1.6004729	
6.47	2.1315026	-2.2397953	5.226033	3.0743932	
8	2.1067906	-0.50141449	1.6473843	3.6866488	
9	2.1005611	-0.70129691	-5.3021983	5.2313631	
10	2.0834889	-0.42275754	-4.3947048	3.5050673	
11	2.0854001	0.042665829	-11.512479	6.3398921	
12	2.072708	0.340203	-11.269661	5.1774448	
13	2.0544442	0.66084451	-7.1763395	4.9499064	
14	2.0438201	0.7570868	-3.8945252	4.2513819	
15	2.0431701	0.57020467	-1.5886865	3.7057347	
16	2.0428747	1.1178407	-2.6287055	4.428251	
17	2.0299226	1.4242989	-1.1851261	3.579943	
18	2.0246543	1.6160659	2.8644742	5.1118656	
19	2.0180055	1.321446	0.93260016	2.7006146	
20	2.015145	1.2338326	1.1050868	2.1413677	
21	2.009415	1.6616161	1.3306438	1.700127	
22	2.0020098	1.8043943	1.7500317	1.7235081	
23	1.9973065	1.812384	1.6063364	1.8110205	
24	1.9931722	1.8147261	1.6048894	1.9927186	
25	2.0165111	0.44691313	19.813956	-3.0297732	
26	2.0008204	1.0309242	12.546743	-0.84633787	
27	1.9866352	1.4680609	7.5267189	0.62817588	
28	1.9815928	1.6567996	5.0136476	1.3234985	
29	1.976687	1.864726	2.5779815	1.9559977	
30	1.9753337	1.8862649	2.6953528	1.7726181	
31	1.9734907	1.9288038	2.5391638	1.7534019	
32	1.9711583	1.9901978	2.3795958	1.7440906	
33	1.969399	1.993063	2.2614572	1.9066742	
34	1.9680009	1.9699732	2.0570873	1.9312971	
35	1.9671237	1.9722538	2.0525347	1.9313341	
36	1.9660337	1.9797996	2.0692345	1.9678099	
37	1.9651374	1.9787675	2.0712768	1.9666739	
38	1.9642436	1.9777238	2.0709913	1.9643102	
39	1.9633405	1.9768898	2.0712472	1.9616678	
40	1.9624114	1.9765751	2.0674542	1.9592793	
41	1.9615168	1.9758078	2.0647811	1.9585827	
42	1.9606415	1.9748568	2.0631798	1.9576153	
43	1.9596465	1.9705187	2.0374801	1.9504347	
44	1.9586745	1.9684363	2.012595	1.9521082	
45	1.9560457	1.9659052	2.0002876	1.9530032	
50	1.9516717	1.9613829	1.9960789	1.9484558	
55	1.9474216	1.9570436	1.9918269	1.9442299	
60	1.9432057	1.9527305	1.9869049	1.9400411	
65	1.9390223	1.9484603	1.9797393	1.935889	
70	1.9348844	1.9442488	1.9752582	1.931773	
75	1.9307825	1.9400739	1.9708448	1.9276927	
80	1.9267159	1.9359354	1.9664708	1.9236476	
85	1.9226844	1.9318328	1.9621358	1.9196372	


precision, %
wave=450 nm
height, km	60	
0	0.61587268	
0.1	0.99580222	
0.2	0.97002001	
0.3	0.96287647	
0.4	0.98059725	
0.5	0.93594727	
0.6	0.88202488	
0.7	0.91222299	
0.8	0.90011321	
0.9	0.96548735	
1	1.0431024	
1.1	0.87549622	
1.2	0.94551775	
1.3	0.93537261	
1.4	0.91402588	
1.5	0.89566127	
1.6	0.87757138	
1.7	0.844436	
1.8	0.81550877	
1.9	0.83161919	
2	0.84367062	
2.2	0.83682474	
2.4	0.78824702	
2.6	0.8061049	
2.8	0.79766788	
3	0.81979694	
3.2	0.88968701	
3.3	0.89631661	
3.4	0.82555097	
3.6	0.82363986	
3.8	0.82249298	
4	0.86990967	
4.4	0.8498647	
4.5	0.84905771	
4.8	0.95550535	
5	0.93151303	
5.5	0.92626791	
6	0.86875524	
6.47	0.94363236	
8	0.88949415	
9	0.95042234	
10	0.87019223	
11	1.1302215	
12	1.2580717	
13	1.065314	
14	0.98444054	
15	0.99340295	
16	1.0726882	
17	0.95952895	
18	0.92256582	
19	0.88241687	
20	0.89774902	
21	0.83673503	
22	0.80202883	
23	0.78472654	
24	0.77570209	
25	1.5667137	
26	1.0826708	
27	0.77373699	
28	0.70048636	
29	0.67028599	
30	0.67246899	
31	0.67183019	
32	0.67264899	
33	0.67366309	
34	0.67343642	
35	0.67332858	
36	0.67373097	
37	0.67377209	
38	0.67374935	
39	0.67375425	
40	0.67387008	
41	0.67387591	
42	0.67386458	
43	0.67289881	
44	0.67211353	
45	0.67184634	
50	0.67196543	
55	0.67197805	
60	0.67198832	
65	0.67200505	
70	0.67200613	
75	0.67200714	
80	0.67200815	
85	0.67200915	


ord=1
wave=450 nm
zenith, km	60	
Stoks:	     1.2049541	  -0.049758226	-3.2092515e-06	             0	
enhancement factor
0	35.530782	35.779637	117.25046	0	
0.1	2.2179705	2.2220938	18.435676	0	
0.2	2.00224	2.0023959	2.4158838	0	
0.3	1.9980217	1.998057	2.5416796	0	
0.4	1.9977542	1.9977384	1.9884189	0	
0.5	1.9976496	1.9976332	1.9894287	0	
0.6	1.9975547	1.9975383	1.9917899	0	
0.7	1.9974609	1.9974444	1.9916971	0	
0.8	1.9973671	1.9973506	1.9916044	0	
0.9	1.9972734	1.9972569	1.9915117	0	
1	1.9971797	1.9971632	1.991419	0	
1.1	1.9970861	1.9970696	1.9913263	0	
1.2	1.9969924	1.9969759	1.9912336	0	
1.3	1.9968988	1.9968823	1.991141	0	
1.4	1.9968052	1.9967887	1.9910484	0	
1.5	1.9967116	1.9966951	1.9909557	0	
1.6	1.996618	1.9966015	1.9908631	0	
1.7	1.9965244	1.996508	1.9907706	0	
1.8	1.9964309	1.9964144	1.990678	0	
1.9	1.9963374	1.9963209	1.9905855	0	
2	1.9961971	1.9961807	1.9904467	0	
2.2	1.9960102	1.9959937	1.9902617	0	
2.4	1.9958233	1.9958068	1.9900768	0	
2.6	1.9956365	1.99562	1.989892	0	
2.8	1.9954497	1.9954333	1.9897072	0	
3	1.9952631	1.9952467	1.9895225	0	
3.2	1.9951231	1.9951067	1.989384	0	
3.3	1.9950298	1.9950134	1.9892917	0	
3.4	1.99489	1.9948735	1.9891533	0	
3.6	1.9947035	1.9946871	1.9889688	0	
3.8	1.9945171	1.9945007	1.9887844	0	
4	1.9942377	1.9942213	1.9885079	0	
4.4	1.9940049	1.9939885	1.9882775	0	
4.5	1.9938188	1.9938024	1.9880934	0	
4.8	1.9935862	1.9935698	1.9878633	0	
5	1.9932608	1.9932445	1.9875413	0	
5.5	1.9927964	1.99278	1.9870817	0	
6	1.9923462	1.9923299	1.9866363	0	
6.47	1.9914195	1.9914032	1.9857193	0	
8	1.9902495	1.9902332	1.9845615	0	
9	1.9893265	1.9893103	1.9836482	0	
10	1.9884053	1.9883891	1.9827366	0	
11	1.9874858	1.9874696	1.9818267	0	
12	1.986568	1.9865518	1.9809185	0	
13	1.9856519	1.9856358	1.9800119	0	
14	1.9847375	1.9847214	1.979107	0	
15	1.9838248	1.9838087	1.9782038	0	
16	1.9829138	1.9828977	1.9773022	0	
17	1.9820044	1.9819884	1.9764023	0	
18	1.9810968	1.9810807	1.975504	0	
19	1.9801908	1.9801748	1.9746074	0	
20	1.9792864	1.9792705	1.9737125	0	
21	1.9783838	1.9783678	1.9728191	0	
22	1.9774827	1.9774668	1.9719274	0	
23	1.9765834	1.9765675	1.9710373	0	
24	1.9756857	1.9756698	1.9701488	0	
25	1.9747896	1.9747738	1.969262	0	
26	1.9738951	1.9738794	1.9683768	0	
27	1.9730023	1.9729866	1.9674931	0	
28	1.9721112	1.9720954	1.9666111	0	
29	1.9712216	1.9712059	1.9657307	0	
30	1.9703337	1.970318	1.9648518	0	
31	1.9694474	1.9694317	1.9639746	0	
32	1.9685627	1.968547	1.9630989	0	
33	1.9676795	1.9676639	1.9622248	0	
34	1.966798	1.9667825	1.9613523	0	
35	1.9659181	1.9659026	1.9604814	0	
36	1.9650398	1.9650243	1.959612	0	
37	1.9641631	1.9641476	1.9587442	0	
38	1.9632879	1.9632725	1.9578779	0	
39	1.9624144	1.9623989	1.9570132	0	
40	1.9615424	1.9615269	1.9561501	0	
41	1.9606719	1.9606565	1.9552885	0	
42	1.9598031	1.9597877	1.9544284	0	
43	1.9589358	1.9589204	1.9535699	0	
44	1.95807	1.9580547	1.9527129	0	
45	1.9554836	1.9554683	1.9501525	0	
50	1.951201	1.9511858	1.9459129	0	
55	1.9469563	1.9469413	1.9417107	0	
60	1.9427489	1.9427341	1.9375452	0	
65	1.9385785	1.9385637	1.9334161	0	
70	1.9344444	1.9344297	1.9293227	0	
75	1.9303461	1.9303316	1.9252647	0	
80	1.9262833	1.9262688	1.9212415	0	
85	1.9222553	1.922241	1.9172527	0	


precision, %
wave=450 nm
height, km	60	
0	0.01393082	
0.1	0.020643932	
0.2	0.019875243	
0.3	0.019912093	
0.4	0.019915199	
0.5	0.019915306	
0.6	0.019915315	
0.7	0.019915315	
0.8	0.019915314	
0.9	0.019915312	
1	0.019915311	
1.1	0.019915309	
1.2	0.019915308	
1.3	0.019915306	
1.4	0.019915305	
1.5	0.019915303	
1.6	0.019915302	
1.7	0.0199153	
1.8	0.019915299	
1.9	0.019915297	
2	0.019915295	
2.2	0.019915292	
2.4	0.019915289	
2.6	0.019915286	
2.8	0.019915283	
3	0.01991528	
3.2	0.019915278	
3.3	0.019915276	
3.4	0.019915274	
3.6	0.019915271	
3.8	0.019915268	
4	0.019915263	
4.4	0.01991526	
4.5	0.019915257	
4.8	0.019915253	
5	0.019915248	
5.5	0.01991524	
6	0.019915233	
6.47	0.019915218	
8	0.019915199	
9	0.019915184	
10	0.01991517	
11	0.019915155	
12	0.01991514	
13	0.019915126	
14	0.019915111	
15	0.019915096	
16	0.019915082	
17	0.019915067	
18	0.019915053	
19	0.019915038	
20	0.019915024	
21	0.019915009	
22	0.019914995	
23	0.019914981	
24	0.019914966	
25	0.019914952	
26	0.019914938	
27	0.019914924	
28	0.01991491	
29	0.019914895	
30	0.019914881	
31	0.019914867	
32	0.019914853	
33	0.019914839	
34	0.019914825	
35	0.019914811	
36	0.019914797	
37	0.019914783	
38	0.01991477	
39	0.019914756	
40	0.019914742	
41	0.019914728	
42	0.019914714	
43	0.019914701	
44	0.019914687	
45	0.019914646	
50	0.019914579	
55	0.019914512	
60	0.019914446	
65	0.019914381	
70	0.019914316	
75	0.019914253	
80	0.019914189	
85	0.019914127	


-------------------------------------------------
tet=89.6  fi=90
	60	
450	0.017683906	

	60	
450	-23.022221	

	60	
450	0.99762277	



ord=1
	60	
450	28.857149	

	60	
450	-31.367751	

	60	
450	0.0747334	

enhancement factor
ord=0
wave=450 nm
zenith, km	60	
Stoks:	     1.1111126	     0.2558028	  -0.061916994	 -0.0001302522	
enhancement factor
0	27.746556	27.711821	32.109944	176.12689	
0.1	3.3181795	3.8325286	7.1107293	87.00802	
0.2	2.9465273	3.3956091	5.8554741	65.551926	
0.3	2.8037016	3.2710434	5.0941574	54.390988	
0.4	2.7451389	3.1996694	4.8222386	41.181898	
0.5	2.6714455	3.0687833	4.658199	43.286151	
0.6	2.6000906	2.9160957	4.4488216	31.694724	
0.7	2.5730017	2.8756823	4.1855401	29.647626	
0.8	2.5300383	2.8499542	4.0314484	34.002655	
0.9	2.4974056	2.7857981	3.9229312	22.686756	
1	2.4654908	2.718847	3.7319138	16.272098	
1.1	2.4383957	2.6559107	3.5835711	28.140835	
1.2	2.4570065	2.669198	3.6406245	29.163082	
1.3	2.4161511	2.611657	3.414204	27.244425	
1.4	2.3985831	2.5826133	3.4625353	28.214077	
1.5	2.3906942	2.558998	3.4252451	25.28943	
1.6	2.3927894	2.5479461	3.4010119	27.922084	
1.7	2.3770257	2.5110671	3.3707456	18.917596	
1.8	2.3663203	2.4996439	3.2194446	12.918825	
1.9	2.3774977	2.5084926	3.0651862	5.2201312	
2	2.3504821	2.4725335	3.0976977	14.997732	
2.2	2.3464578	2.4726584	3.2567437	-0.58394116	
2.4	2.3228749	2.4023503	3.198468	14.753513	
2.6	2.3214085	2.4234721	3.19352	11.459203	
2.8	2.3154688	2.3989182	3.0483692	13.187015	
3	2.3161574	2.3999931	3.0762425	9.2123186	
3.2	2.3213957	2.3718737	2.9810845	8.2159944	
3.3	2.3079675	2.364723	2.9014186	10.640255	
3.4	2.3132608	2.3881983	3.0302268	7.4903772	
3.6	2.3164583	2.410191	2.9978506	11.012916	
3.8	2.3073332	2.3899099	2.9202658	2.8213136	
4	2.3390092	2.42324	3.1914207	1.469547	
4.4	2.3298489	2.4286926	3.1697755	2.9123115	
4.5	2.3255191	2.4308665	3.1560748	2.7257779	
4.8	2.3292053	2.4196217	2.9838062	5.2372273	
5	2.3171805	2.402153	2.8069303	9.9904038	
5.5	2.2999914	2.3253718	2.9429259	10.123861	
6	2.3018126	2.3108387	2.9872596	7.1173045	
6.47	2.3024561	2.3376683	3.1098669	1.346584	
8	2.2438044	2.2302632	2.8120875	-1.6988871	
9	2.2200168	2.2525051	2.4409468	10.299984	
10	2.1759494	2.2062819	2.4365882	-2.9425216	
11	2.1664166	2.1951715	2.2529507	4.4387312	
12	2.1430622	2.1882911	2.3111896	1.4196652	
13	2.1127262	2.143449	2.1900924	3.2689621	
14	2.0949918	2.1193604	2.2484878	3.7226737	
15	2.1050165	2.1261857	2.3321582	3.1766319	
16	2.0937425	2.0777058	2.587743	-1.4034748	
17	2.07103	2.0689973	2.4359756	0.78166142	
18	2.0792823	2.0380622	2.6955311	13.066651	
19	2.0531801	2.0587069	2.3661565	-1.7546812	
20	2.0494951	2.0551073	2.3413629	-0.65029723	
21	2.0497607	2.0598581	2.2674093	-2.5169384	
22	2.0331441	2.0417647	2.2442948	-1.5782461	
23	2.0221944	2.029355	2.2082237	-0.17136389	
24	2.0125971	2.0238742	2.1561949	1.1124148	
25	2.0774092	2.1558275	3.2246352	-17.874793	
26	2.0416504	2.0881378	2.7282206	-9.1196109	
27	2.0120868	2.0325254	2.3325179	-2.9477727	
28	1.9998589	2.01261	2.1763841	-0.26652358	
29	1.9878296	1.99073	2.0244651	2.2357185	
30	1.9853667	1.9882725	2.0317177	1.6353313	
31	1.9823081	1.9826529	2.0142217	1.5257359	
32	1.9780326	1.9754424	1.994748	1.5539248	
33	1.9742978	1.9716165	1.9915931	1.9421441	
34	1.9713153	1.9696266	1.9857581	1.9430658	
35	1.9703888	1.9687972	1.9850244	1.9196203	
36	1.9689571	1.9679618	1.9817177	1.9088437	
37	1.9679789	1.9672421	1.9811464	1.9001263	
38	1.967043	1.9663879	1.9803305	1.8926761	
39	1.9660946	1.9654899	1.9794209	1.8821639	
40	1.9651573	1.9645294	1.9777948	1.8657916	
41	1.9642524	1.9636528	1.9768069	1.8646318	
42	1.96337	1.9627817	1.9758663	1.8639869	
43	1.9623627	1.9619087	1.9728505	1.8996873	
44	1.9613337	1.9609505	1.9699727	1.9439847	
45	1.9586584	1.9582891	1.9665391	1.9625281	
50	1.9542864	1.9538566	1.96135	1.9782547	
55	1.9500135	1.9495909	1.9570376	1.9737875	
60	1.9457754	1.9453644	1.9527197	1.9693608	
65	1.9415732	1.941176	1.948372	1.9649739	
70	1.937415	1.9370209	1.944159	1.9606264	
75	1.933293	1.932902	1.9399834	1.9563177	
80	1.9292067	1.9288187	1.9358442	1.9520471	
85	1.9251556	1.9247706	1.9317409	1.9478143	


precision, %
wave=450 nm
height, km	60	
0	1.0296139	
0.1	1.4002279	
0.2	1.3536668	
0.3	1.4232414	
0.4	1.4401878	
0.5	1.377841	
0.6	1.2971274	
0.7	1.3408716	
0.8	1.3077692	
0.9	1.4015785	
1	1.3442809	
1.1	1.2446174	
1.2	1.4674314	
1.3	1.2683192	
1.4	1.2945508	
1.5	1.3481819	
1.6	1.5008201	
1.7	1.3582457	
1.8	1.3681363	
1.9	1.4811114	
2	1.3003491	
2.2	1.6561653	
2.4	1.3903103	
2.6	1.3519641	
2.8	1.3010966	
3	1.349837	
3.2	1.3753462	
3.3	1.3697786	
3.4	1.34166	
3.6	1.3414375	
3.8	1.3454939	
4	1.4364971	
4.4	1.5260509	
4.5	1.543621	
4.8	1.6835933	
5	1.6723726	
5.5	1.6739811	
6	1.6762665	
6.47	1.621054	
8	1.496372	
9	1.4657263	
10	1.2892564	
11	1.4837997	
12	1.5777547	
13	1.371384	
14	1.2998141	
15	1.6590286	
16	1.561685	
17	1.3417286	
18	1.5935026	
19	1.2504994	
20	1.3108495	
21	1.4074692	
22	1.2518613	
23	1.1702849	
24	1.125127	
25	3.7240543	
26	2.3675501	
27	1.4260904	
28	1.1431002	
29	1.0173991	
30	1.0209693	
31	1.0161287	
32	1.0089331	
33	1.0021736	
34	1.0007592	
35	1.0005205	
36	0.99827946	
37	0.99853884	
38	0.99865119	
39	0.99883824	
40	0.99902848	
41	0.99913191	
42	0.99913706	
43	0.99794466	
44	0.99755777	
45	0.99763755	
50	0.99770539	
55	0.99771813	
60	0.99772908	
65	0.99775491	
70	0.99775394	
75	0.99775285	
80	0.99775177	
85	0.99775071	


ord=1
wave=450 nm
zenith, km	60	
Stoks:	    0.32063542	    0.10057612	     0.1743304	             0	
enhancement factor
0	25.970026	25.989423	25.999015	0	
0.1	2.143044	2.1469078	2.1469301	0	
0.2	2.0025041	2.0026983	2.0026885	0	
0.3	1.999802	1.9998078	1.9998037	0	
0.4	1.9996004	1.9996029	1.9996026	0	
0.5	1.9994996	1.9995012	1.999501	0	
0.6	1.9994048	1.9994064	1.9994062	0	
0.7	1.9993107	1.9993123	1.999312	0	
0.8	1.9992166	1.9992182	1.999218	0	
0.9	1.9991226	1.9991242	1.999124	0	
1	1.9990286	1.9990302	1.99903	0	
1.1	1.9989346	1.9989362	1.998936	0	
1.2	1.9988407	1.9988423	1.998842	0	
1.3	1.9987467	1.9987483	1.998748	0	
1.4	1.9986528	1.9986544	1.9986541	0	
1.5	1.9985589	1.9985605	1.9985602	0	
1.6	1.998465	1.9984666	1.9984663	0	
1.7	1.9983711	1.9983727	1.9983724	0	
1.8	1.9982772	1.9982788	1.9982786	0	
1.9	1.9981834	1.998185	1.9981847	0	
2	1.9980427	1.9980442	1.998044	0	
2.2	1.9978551	1.9978567	1.9978564	0	
2.4	1.9976676	1.9976692	1.9976689	0	
2.6	1.9974801	1.9974817	1.9974815	0	
2.8	1.9972928	1.9972943	1.9972941	0	
3	1.9971055	1.997107	1.9971068	0	
3.2	1.996965	1.9969666	1.9969664	0	
3.3	1.9968714	1.996873	1.9968728	0	
3.4	1.9967311	1.9967326	1.9967324	0	
3.6	1.996544	1.9965456	1.9965453	0	
3.8	1.996357	1.9963585	1.9963583	0	
4	1.9960766	1.9960782	1.9960779	0	
4.4	1.995843	1.9958446	1.9958443	0	
4.5	1.9956563	1.9956578	1.9956576	0	
4.8	1.9954229	1.9954245	1.9954242	0	
5	1.9950964	1.995098	1.9950978	0	
5.5	1.9946304	1.9946319	1.9946317	0	
6	1.9941787	1.9941803	1.99418	0	
6.47	1.9932489	1.9932505	1.9932502	0	
8	1.9920749	1.9920764	1.9920762	0	
9	1.9911488	1.9911504	1.9911502	0	
10	1.9902245	1.9902261	1.9902258	0	
11	1.9893019	1.9893035	1.9893032	0	
12	1.988381	1.9883826	1.9883823	0	
13	1.9874619	1.9874634	1.9874632	0	
14	1.9865444	1.9865459	1.9865457	0	
15	1.9856286	1.9856302	1.9856299	0	
16	1.9847145	1.9847161	1.9847158	0	
17	1.9838022	1.9838037	1.9838035	0	
18	1.9828915	1.982893	1.9828928	0	
19	1.9819824	1.981984	1.9819837	0	
20	1.9810751	1.9810766	1.9810764	0	
21	1.9801694	1.9801709	1.9801707	0	
22	1.9792654	1.9792669	1.9792667	0	
23	1.978363	1.9783646	1.9783643	0	
24	1.9774623	1.9774639	1.9774636	0	
25	1.9765633	1.9765648	1.9765646	0	
26	1.9756659	1.9756674	1.9756672	0	
27	1.9747701	1.9747717	1.9747714	0	
28	1.973876	1.9738775	1.9738773	0	
29	1.9729835	1.972985	1.9729848	0	
30	1.9720927	1.9720942	1.9720939	0	
31	1.9712034	1.9712049	1.9712047	0	
32	1.9703158	1.9703173	1.9703171	0	
33	1.9694298	1.9694313	1.969431	0	
34	1.9685454	1.9685469	1.9685466	0	
35	1.9676626	1.9676641	1.9676638	0	
36	1.9667814	1.9667829	1.9667826	0	
37	1.9659018	1.9659033	1.965903	0	
38	1.9650238	1.9650252	1.965025	0	
39	1.9641473	1.9641488	1.9641486	0	
40	1.9632725	1.963274	1.9632737	0	
41	1.9623992	1.9624007	1.9624005	0	
42	1.9615275	1.961529	1.9615287	0	
43	1.9606574	1.9606588	1.9606586	0	
44	1.9597888	1.9597903	1.95979	0	
45	1.957194	1.9571954	1.9571952	0	
50	1.9528975	1.9528989	1.9528987	0	
55	1.9486391	1.9486406	1.9486403	0	
60	1.9444183	1.9444197	1.9444195	0	
65	1.9402345	1.940236	1.9402357	0	
70	1.9360873	1.9360887	1.9360885	0	
75	1.9319761	1.9319775	1.9319773	0	
80	1.9279004	1.9279018	1.9279016	0	
85	1.9238598	1.9238612	1.923861	0	


precision, %
wave=450 nm
height, km	60	
0	0.071337422	
0.1	0.080029157	
0.2	0.07464116	
0.3	0.074723494	
0.4	0.074732569	
0.5	0.074732822	
0.6	0.074732846	
0.7	0.07473285	
0.8	0.07473285	
0.9	0.07473285	
1	0.074732851	
1.1	0.074732851	
1.2	0.074732851	
1.3	0.074732851	
1.4	0.074732851	
1.5	0.074732851	
1.6	0.074732851	
1.7	0.074732851	
1.8	0.074732851	
1.9	0.074732851	
2	0.074732851	
2.2	0.074732851	
2.4	0.074732852	
2.6	0.074732852	
2.8	0.074732852	
3	0.074732852	
3.2	0.074732852	
3.3	0.074732852	
3.4	0.074732852	
3.6	0.074732852	
3.8	0.074732853	
4	0.074732853	
4.4	0.074732853	
4.5	0.074732853	
4.8	0.074732853	
5	0.074732853	
5.5	0.074732854	
6	0.074732854	
6.47	0.074732855	
8	0.074732856	
9	0.074732856	
10	0.074732857	
11	0.074732858	
12	0.074732858	
13	0.074732859	
14	0.07473286	
15	0.07473286	
16	0.074732861	
17	0.074732862	
18	0.074732862	
19	0.074732863	
20	0.074732864	
21	0.074732864	
22	0.074732865	
23	0.074732866	
24	0.074732866	
25	0.074732867	
26	0.074732868	
27	0.074732868	
28	0.074732869	
29	0.07473287	
30	0.07473287	
31	0.074732871	
32	0.074732871	
33	0.074732872	
34	0.074732873	
35	0.074732873	
36	0.074732874	
37	0.074732875	
38	0.074732875	
39	0.074732876	
40	0.074732877	
41	0.074732877	
42	0.074732878	
43	0.074732878	
44	0.074732879	
45	0.074732881	
50	0.074732884	
55	0.074732887	
60	0.07473289	
65	0.074732893	
70	0.074732896	
75	0.074732899	
80	0.074732902	
85	0.074732905	


-------------------------------------------------
tet=89.6  fi=180
	60	
450	0.018143558	

	60	
450	7.6215625	

	60	
450	0.9948999	



ord=1
	60	
450	30.841678	

	60	
450	5.8893787	

	60	
450	0.068095853	

enhancement factor
ord=0
wave=450 nm
zenith, km	60	
Stoks:	     1.1399934	  -0.086885309	 -0.0035532521	 0.00025456057	
enhancement factor
0	27.629937	24.199681	-23.926367	8.3919931	
0.1	3.2119235	-0.29396675	5.3404209	-3.7925502	
0.2	2.876489	-0.11681922	2.3195198	-2.6618774	
0.3	2.731236	-0.1299307	0.11725922	-1.3348853	
0.4	2.6627215	0.04341568	3.896262	1.5078981	
0.5	2.5858785	0.19714103	6.2271815	5.7425204	
0.6	2.5371824	0.39445117	8.0989938	1.820519	
0.7	2.5094008	0.34171077	7.0097512	3.2502547	
0.8	2.4932976	0.30555929	4.8807916	2.0947926	
0.9	2.4784227	0.54415187	3.7857755	1.7924435	
1	2.4809942	0.3989264	4.2695198	14.232729	
1.1	2.4460004	0.63055797	3.4720946	5.5193258	
1.2	2.4482668	0.66611628	2.9625017	2.4541033	
1.3	2.4107677	0.75243968	1.9964763	2.4465899	
1.4	2.3918057	0.81279113	3.5974243	4.9407366	
1.5	2.3791844	0.87239417	4.5556121	4.5695584	
1.6	2.3700665	0.89236756	5.9297606	-1.3826396	
1.7	2.3503509	0.97970163	5.2505214	2.4715357	
1.8	2.3400343	1.0076326	3.232278	4.3588	
1.9	2.3466342	0.9423903	3.1507261	4.8699844	
2	2.3405565	0.92065279	0.38474563	5.4069771	
2.2	2.3112951	1.0608883	2.8697746	6.4019769	
2.4	2.2994008	1.1556725	4.4474452	5.8510906	
2.6	2.2900498	1.1069129	4.0218041	4.6453062	
2.8	2.2938912	1.1183239	0.99965075	6.8021722	
3	2.3067312	1.1634018	2.3725955	8.0628437	
3.2	2.3183639	1.4102269	-0.022553744	8.0617845	
3.3	2.3050186	1.3676523	-0.89376982	6.5265022	
3.4	2.303369	1.2866063	1.3467433	5.7603472	
3.6	2.3008885	1.2131309	2.1261347	6.1456959	
3.8	2.2959463	1.2934456	1.5705521	9.2087158	
4	2.3301903	1.2592845	4.1898909	8.2854215	
4.4	2.3172539	1.2078774	4.0764593	9.1153686	
4.5	2.2988306	1.1728258	6.2259865	8.6206344	
4.8	2.3005913	1.1793773	4.9386798	9.0680198	
5	2.2921735	1.2476874	3.9504803	5.9690338	
5.5	2.2771267	1.4524401	5.0578205	4.281381	
6	2.2775066	1.4956053	5.964253	2.2671841	
6.47	2.3041289	1.3020379	8.1853779	-0.38491455	
8	2.2542774	1.6875553	5.0793642	0.70314645	
9	2.2386207	1.5834573	-5.1757523	-2.9579428	
10	2.1850407	1.6409638	-0.19259286	-1.239529	
11	2.1744097	1.7949867	-4.1258254	-5.8182012	
12	2.1524806	1.8326736	-4.9612428	0.35472626	
13	2.1222328	1.8505995	-2.3760552	1.3778966	
14	2.1045974	1.8167589	-1.2668821	2.969339	
15	2.1122914	1.7378677	-1.2902503	2.0848054	
16	2.1111466	1.9217258	5.3127281	3.7629319	
17	2.0848111	1.9662625	2.2478546	4.4089043	
18	2.0903728	2.0185478	9.3432357	-4.2253821	
19	2.0632325	1.9141443	4.4775607	4.0390278	
20	2.0598389	1.9047613	4.5977652	3.5839119	
21	2.0501531	1.9319227	3.8538416	2.1542321	
22	2.0355501	1.9563312	3.4898514	2.7363343	
23	2.0264523	1.9650053	3.355526	3.0279744	
24	2.0168689	1.9669126	2.7441562	2.5435506	
25	2.0965416	1.401812	25.71118	15.946598	
26	2.0520346	1.6397917	15.99606	9.895728	
27	2.0148563	1.8135483	8.8652467	5.4496497	
28	2.0006506	1.8856598	5.5210041	3.5817868	
29	1.9868507	1.9641537	2.4139686	1.7484776	
30	1.9847742	1.9622835	2.6790746	1.8515717	
31	1.9819838	1.9693892	2.5226485	1.8104367	
32	1.9783809	1.9785398	2.2989589	1.7098651	
33	1.9760497	1.979779	2.1829643	1.7897479	
34	1.9741226	1.9808083	2.1146446	1.9292233	
35	1.9732687	1.980645	2.1038698	1.9468034	
36	1.9716705	1.9784073	2.0163895	1.9879332	
37	1.9707546	1.9773509	2.0173309	1.9894848	
38	1.9698492	1.9764098	2.0167376	1.9900696	
39	1.9689338	1.9754619	2.0179697	1.9888128	
40	1.9679796	1.9744473	2.0234561	1.9798037	
41	1.9670522	1.9735633	2.021049	1.9786374	
42	1.9661592	1.9726515	2.0196464	1.9781474	
43	1.9650909	1.9710122	2.0151506	1.9929961	
44	1.9640451	1.9696361	1.9925543	1.9864643	
45	1.9613632	1.9668516	1.9759626	1.9756385	
50	1.9569604	1.9620903	1.9690664	1.9738026	
55	1.9526681	1.9577548	1.964893	1.9693468	
60	1.9483957	1.953449	1.9601642	1.9649318	
65	1.9441511	1.9491809	1.9538203	1.9605568	
70	1.9399717	1.9449619	1.9495447	1.9562214	
75	1.9358289	1.9407797	1.9453251	1.951925	
80	1.9317222	1.9366341	1.9411425	1.947667	
85	1.9276508	1.9325244	1.9369963	1.9434468	


precision, %
wave=450 nm
height, km	60	
0	0.99993624	
0.1	1.394695	
0.2	1.3459825	
0.3	1.4342025	
0.4	1.3548185	
0.5	1.3430688	
0.6	1.3125212	
0.7	1.3465971	
0.8	1.36994	
0.9	1.5141109	
1	1.9046981	
1.1	1.4973785	
1.2	1.5130445	
1.3	1.3895723	
1.4	1.337465	
1.5	1.3674158	
1.6	1.4540843	
1.7	1.3754351	
1.8	1.3541783	
1.9	1.3272973	
2	1.3599277	
2.2	1.3290118	
2.4	1.366157	
2.6	1.2568333	
2.8	1.2923134	
3	1.3859702	
3.2	1.4667984	
3.3	1.4626795	
3.4	1.3577723	
3.6	1.3524164	
3.8	1.3649238	
4	1.5032304	
4.4	1.5523608	
4.5	1.4845431	
4.8	1.6587631	
5	1.6380612	
5.5	1.6542115	
6	1.6641516	
6.47	1.8522415	
8	1.701758	
9	1.9274507	
10	1.4156644	
11	1.6935426	
12	1.8930746	
13	1.6469979	
14	1.5394712	
15	1.6562834	
16	1.7972644	
17	1.569642	
18	1.7769011	
19	1.4398422	
20	1.5128599	
21	1.3814642	
22	1.2896964	
23	1.2506157	
24	1.215577	
25	4.4612719	
26	2.7973326	
27	1.5829288	
28	1.1931515	
29	1.0051684	
30	1.0059756	
31	1.0015703	
32	1.0008251	
33	1.000283	
34	0.99986876	
35	0.99926857	
36	0.996842	
37	0.99690271	
38	0.9969344	
39	0.99697148	
40	0.99696833	
41	0.99712954	
42	0.99716672	
43	0.99670059	
44	0.99639858	
45	0.99631051	
50	0.99619886	
55	0.99619422	
60	0.9961171	
65	0.99603098	
70	0.99602114	
75	0.99601118	
80	0.99600139	
85	0.99599174	


ord=1
wave=450 nm
zenith, km	60	
Stoks:	     0.3515931	  -0.020706649	 0.00039772696	             0	
enhancement factor
0	26.193386	25.555946	128.42684	0	
0.1	2.1655765	2.1157668	10.06496	0	
0.2	2.0038383	2.0040015	2.0074408	0	
0.3	2.0011439	2.0011352	2.0045347	0	
0.4	2.0009425	2.0009177	2.0067322	0	
0.5	2.0008414	2.0008155	2.0066369	0	
0.6	2.0007464	2.0007204	2.0065416	0	
0.7	2.000652	2.000626	2.0064463	0	
0.8	2.0005577	2.0005317	2.006351	0	
0.9	2.0004635	2.0004375	2.0062558	0	
1	2.0003692	2.0003432	2.0061606	0	
1.1	2.000275	2.000249	2.0060653	0	
1.2	2.0001808	2.0001548	2.0059701	0	
1.3	2.0000866	2.0000606	2.0058749	0	
1.4	1.9999925	1.9999665	2.0057798	0	
1.5	1.9998983	1.9998723	2.0056846	0	
1.6	1.9998042	1.9997782	2.0055895	0	
1.7	1.9997101	1.9996841	2.0054944	0	
1.8	1.999616	1.99959	2.0053993	0	
1.9	1.9995219	1.999496	2.0053042	0	
2	1.9993809	1.9993549	2.0051616	0	
2.2	1.9991928	1.9991668	2.0049716	0	
2.4	1.9990048	1.9989789	2.0047816	0	
2.6	1.9988169	1.998791	2.0045917	0	
2.8	1.9986291	1.9986032	2.0044019	0	
3	1.9984413	1.9984154	2.0042122	0	
3.2	1.9983006	1.9982747	2.0040699	0	
3.3	1.9982067	1.9981808	2.0039751	0	
3.4	1.998066	1.9980401	2.0038329	0	
3.6	1.9978785	1.9978526	2.0036433	0	
3.8	1.997691	1.9976651	2.0034539	0	
4	1.9974099	1.9973841	2.0031698	0	
4.4	1.9971758	1.9971499	2.0029332	0	
4.5	1.9969886	1.9969627	2.002744	0	
4.8	1.9967547	1.9967288	2.0025076	0	
5	1.9964274	1.9964016	2.0021768	0	
5.5	1.9959602	1.9959344	2.0017047	0	
6	1.9955074	1.9954816	2.0012471	0	
6.47	1.9945753	1.9945496	2.0003052	0	
8	1.9933984	1.9933728	1.9991158	0	
9	1.9924701	1.9924445	1.9981777	0	
10	1.9915436	1.991518	1.9972414	0	
11	1.9906187	1.9905932	1.9963068	0	
12	1.9896956	1.9896701	1.9953739	0	
13	1.9887742	1.9887487	1.9944428	0	
14	1.9878545	1.987829	1.9935135	0	
15	1.9869365	1.9869111	1.9925858	0	
16	1.9860202	1.9859948	1.9916599	0	
17	1.9851056	1.9850803	1.9907358	0	
18	1.9841927	1.9841674	1.9898133	0	
19	1.9832815	1.9832563	1.9888926	0	
20	1.9823719	1.9823468	1.9879735	0	
21	1.9814641	1.9814389	1.9870562	0	
22	1.9805579	1.9805328	1.9861406	0	
23	1.9796533	1.9796283	1.9852266	0	
24	1.9787505	1.9787255	1.9843144	0	
25	1.9778493	1.9778243	1.9834038	0	
26	1.9769497	1.9769248	1.9824949	0	
27	1.9760518	1.9760269	1.9815877	0	
28	1.9751555	1.9751307	1.9806821	0	
29	1.9742609	1.9742361	1.9797782	0	
30	1.9733679	1.9733432	1.978876	0	
31	1.9724765	1.9724518	1.9779754	0	
32	1.9715868	1.9715621	1.9770765	0	
33	1.9706987	1.9706741	1.9761792	0	
34	1.9698122	1.9697876	1.9752836	0	
35	1.9689273	1.9689027	1.9743896	0	
36	1.968044	1.9680195	1.9734972	0	
37	1.9671623	1.9671378	1.9726065	0	
38	1.9662822	1.9662578	1.9717174	0	
39	1.9654037	1.9653793	1.9708298	0	
40	1.9645267	1.9645024	1.9699439	0	
41	1.9636514	1.9636271	1.9690597	0	
42	1.9627776	1.9627534	1.968177	0	
43	1.9619055	1.9618812	1.9672959	0	
44	1.9610348	1.9610107	1.9664164	0	
45	1.9584339	1.9584098	1.963789	0	
50	1.9541273	1.9541035	1.9594388	0	
55	1.949859	1.9498354	1.9551274	0	
60	1.9456284	1.9456049	1.9508543	0	
65	1.941435	1.9414117	1.946619	0	
70	1.9372782	1.9372551	1.9424209	0	
75	1.9331576	1.9331346	1.9382595	0	
80	1.9290726	1.9290499	1.9341343	0	
85	1.9250228	1.9250003	1.9300448	0	


precision, %
wave=450 nm
height, km	60	
0	0.064240295	
0.1	0.071988054	
0.2	0.067987064	
0.3	0.068062338	
0.4	0.068070497	
0.5	0.068070731	
0.6	0.068070757	
0.7	0.068070763	
0.8	0.068070767	
0.9	0.06807077	
1	0.068070773	
1.1	0.068070777	
1.2	0.06807078	
1.3	0.068070783	
1.4	0.068070786	
1.5	0.068070789	
1.6	0.068070792	
1.7	0.068070795	
1.8	0.068070799	
1.9	0.068070802	
2	0.068070806	
2.2	0.068070813	
2.4	0.068070819	
2.6	0.068070825	
2.8	0.068070832	
3	0.068070838	
3.2	0.068070843	
3.3	0.068070846	
3.4	0.06807085	
3.6	0.068070857	
3.8	0.068070863	
4	0.068070872	
4.4	0.06807088	
4.5	0.068070886	
4.8	0.068070894	
5	0.068070905	
5.5	0.068070921	
6	0.068070936	
6.47	0.068070967	
8	0.068071006	
9	0.068071037	
10	0.068071068	
11	0.068071099	
12	0.06807113	
13	0.06807116	
14	0.068071191	
15	0.068071221	
16	0.068071252	
17	0.068071282	
18	0.068071312	
19	0.068071343	
20	0.068071373	
21	0.068071403	
22	0.068071433	
23	0.068071463	
24	0.068071493	
25	0.068071522	
26	0.068071552	
27	0.068071582	
28	0.068071611	
29	0.068071641	
30	0.068071671	
31	0.0680717	
32	0.068071729	
33	0.068071759	
34	0.068071788	
35	0.068071817	
36	0.068071846	
37	0.068071875	
38	0.068071904	
39	0.068071933	
40	0.068071962	
41	0.06807199	
42	0.068072019	
43	0.068072048	
44	0.068072076	
45	0.068072161	
50	0.068072302	
55	0.068072442	
60	0.068072579	
65	0.068072716	
70	0.06807285	
75	0.068072984	
80	0.068073116	
85	0.068073246	


