RT Model MCC++	 O.Postylyakov	ver.72
MixedSimC<atmos::StoksC,MCSimC<atmos::StoksC,MCWMethodC<atmos::StoksC,SphericalGeomT>>,SSSimC<atmos::StoksC,MCSimC<atmos::StoksC,MSSMethodC<atmos::StoksC,SphericalGeomT,1000>>>>	ps::cLCG2C	Density: double	AMFs: Yes	ORDERS_ACCOUNT: ATM_COLLGS_ORDERS
photons passed	base/max expendeture	EPS-breakes	MaxCollgs-Breaks	MinPhWgt-Breaks	average colligions
23200	0.0337969/0.0463812	0	0	0	3.23569	
SpecialSamplingCollgs	ForceCollgSimul	EPS	ssEPS	MaxCollgs	MinPhWgt	BaseMod	
1	0	0.001	1e-12	500	1e-300	0	
Albedo	time	IY
0.05	0.0467333	{ 1524774371 1601030206 ; 40014 40692 2147483563 2147483399 }	
 -6370.99	 -6370.99	 -5791.81	 -5212.63	 -4633.45	 -4054.27	 -3475.09	  -2895.9	 -2316.72	 -1737.54	 -1158.36	 -579.181	-9.09495e-13	  12.8571	  25.7143	  38.5714	  51.4286	  64.2857	  77.1429	       90	
        0	        0	0.0080361	 0.024108	 0.040179	 0.056251	 0.072322	 0.088394	  0.10447	  0.12054	  0.13661	  0.15268	  0.16875	0.0039284	0.0039364	0.0039443	0.0039522	0.0039601	 0.003968	 0.003976	
        0	        0	        0	        0	        0	        0	        0	        0	        0	        0	        0	        0	        0	        0	        0	        0	        0	        0	        0	        0	
        0	        0	        0	        0	        0	        0	        0	        0	        0	        0	        0	        0	        0	        0	        0	        0	        0	        0	        0	        0	

-------------------------------------------------
tet=88  fi=0
	60	
450	0.047428	

	60	
450	0.71989	

	60	
450	0.64079	



ord=1
	60	
450	46.599	

	60	
450	3.5762	

	60	
450	0.01526	

enhancement factor
ord=0
wave=450 nm
zenith, km	60	
Stoks:	     2.9799909	  -0.021452595	-0.00077268191	-0.00011471383	
enhancement factor
0	21.362254	16.275651	33.462619	-22.736434	
0.1	9.6004622	-5.0328294	5.8259992	6.0256021	
0.2	5.1429074	-10.170947	28.439123	-6.2631413	
0.3	3.556845	-10.134377	20.258685	-8.1964344	
0.4	2.9316221	-9.993067	4.3554851	-7.4801954	
0.5	2.6362454	-8.339962	0.056907934	-4.2790541	
0.6	2.4952882	-7.3244008	-7.2697299	1.7947931	
0.7	2.4161012	-7.7263783	4.8332917	-3.4084764	
0.8	2.3637684	-7.5884898	1.5447712	-5.8856444	
0.9	2.329539	-7.2370986	2.5224332	-7.5505273	
1	2.3182386	-7.5994443	7.0543145	-8.7244604	
1.1	2.2897789	-7.3468788	0.86567585	-11.329756	
1.2	2.266252	-6.1937013	-6.837587	-4.7729403	
1.3	2.2476746	-6.0494891	7.6055459	-4.3133742	
1.4	2.2388946	-5.9494526	6.9371745	-8.799974	
1.5	2.2363267	-6.4453224	19.667155	-0.84440277	
1.6	2.2321268	-6.4361123	10.475438	-3.2562378	
1.7	2.2216508	-6.0084178	16.501019	-3.7352266	
1.8	2.2145268	-5.8688171	11.370767	1.1177956	
1.9	2.2019326	-5.1639116	9.7754935	-3.5193811	
2	2.1938735	-4.9199498	37.832148	-11.431221	
2.2	2.1859995	-4.0706988	46.743719	-2.8619267	
2.4	2.179854	-4.9817556	38.869561	-2.2649319	
2.6	2.1819807	-4.1405995	31.660266	-8.1566336	
2.8	2.175633	-3.6089105	32.094094	7.9385446	
3	2.1758119	-4.373863	37.171121	10.414929	
3.2	2.1664071	-4.2479811	39.267033	14.214505	
3.3	2.1563083	-3.9751209	21.616488	14.563094	
3.4	2.1503012	-3.3479546	19.356413	17.01673	
3.6	2.1485221	-2.9042527	26.373115	12.980122	
3.8	2.140221	-2.7105336	26.221244	8.3459771	
4	2.1332456	-2.0455243	27.584305	2.5318501	
4.4	2.1410169	-2.6111707	53.645847	-10.10946	
4.5	2.1399299	-2.0938973	36.37978	-8.1499988	
4.8	2.1370696	-1.9670955	12.17385	-5.9938037	
5	2.1343007	-1.9430349	-7.2094275	2.6252738	
5.5	2.1289846	-2.1524432	-9.6127359	9.6877657	
6	2.1311138	-2.4501449	-6.2081862	16.883228	
6.47	2.1308955	-2.9585609	-15.677518	18.726186	
8	2.110434	-1.7457254	-27.41152	13.431348	
9	2.1017629	-1.7474002	-5.96315	5.2082645	
10	2.0979961	-2.3943184	-19.119469	2.8962872	
11	2.0785418	-0.88930627	-9.9078391	5.3623637	
12	2.0699284	-0.32862971	0.47182926	-2.3530777	
13	2.0582535	-0.84536628	-18.852235	7.5529865	
14	2.0526809	-0.072966082	-38.561514	-5.0011965	
15	2.03511	-0.023111339	-28.269179	-2.6727902	
16	2.0281926	0.51839833	-25.045399	9.3766338	
17	2.0154427	1.1928443	-8.3993811	2.6988762	
18	2.011875	1.6496031	-1.9803114	-0.29318634	
19	2.010495	1.7772979	-12.911508	-2.247237	
20	2.0003103	1.7998373	-4.0123834	-0.46549099	
21	1.9944531	1.8149713	-2.6118859	0.15677534	
22	1.990613	1.7938182	-1.1266558	0.57399337	
23	1.9879674	1.796303	0.34446364	0.90470196	
24	1.9843715	1.8008046	1.5336235	1.8871869	
25	1.9826015	1.7792271	0.20935367	2.7574452	
26	1.9799639	1.8614863	-0.34674651	2.5565347	
27	1.9780137	1.9518402	-0.84794776	2.4638136	
28	1.9765498	1.9230284	-1.0632577	1.9060974	
29	1.9753907	1.9209464	-1.2933983	1.8721946	
30	1.9743802	1.9213134	-1.2661485	1.8689243	
31	1.972616	1.9061316	-1.1515531	2.0052531	
32	1.9714061	1.9344919	-0.70925956	2.2390634	
33	1.9705582	1.935818	-0.66415947	2.2369624	
34	1.9696503	1.936145	-0.62906796	2.2327273	
35	1.9685516	1.9513674	-0.30170545	1.9670955	
36	1.9674129	1.9710062	-0.28494208	1.7230881	
37	1.9656736	2.0115611	1.337551	1.5611878	
38	1.9643977	1.9963213	1.6469481	1.5921741	
39	1.963507	1.9960032	1.5982108	1.5771272	
40	1.9626244	1.9951426	1.5828106	1.5755223	
41	1.9617349	1.9943103	1.5693225	1.5742787	
42	1.9608088	1.9933249	1.620673	1.599291	
43	1.9596562	1.9867004	1.8458435	1.8024508	
44	1.9586149	1.9726834	1.8292538	1.9750955	
45	1.9559931	1.9680571	1.9182804	1.9987348	
50	1.9516571	1.9617273	1.947405	1.9839422	
55	1.9473901	1.9559059	1.9922773	1.9373656	
60	1.9431543	1.9537041	1.9810043	1.9627762	
65	1.9389803	1.9495621	1.9740212	1.9602043	
70	1.934844	1.9454599	1.9685125	1.9562488	
75	1.9307443	1.941468	1.9623464	1.9525461	
80	1.9266782	1.9373179	1.9580646	1.948311	
85	1.922647	1.9332037	1.9538202	1.944113	


precision, %
wave=450 nm
height, km	60	
0	0.58330657	
0.1	0.68188943	
0.2	0.7120289	
0.3	0.73140673	
0.4	0.75594503	
0.5	0.79882306	
0.6	0.77258839	
0.7	0.76518982	
0.8	0.79661827	
0.9	0.77198369	
1	0.85859941	
1.1	0.8358201	
1.2	0.80577319	
1.3	0.78097678	
1.4	0.81410089	
1.5	0.88656036	
1.6	0.87721241	
1.7	0.85397154	
1.8	0.84364558	
1.9	0.82597383	
2	0.81307687	
2.2	0.84624912	
2.4	0.81826798	
2.6	0.82523587	
2.8	0.84276106	
3	0.84559203	
3.2	0.85074721	
3.3	0.83061109	
3.4	0.80498262	
3.6	0.77950345	
3.8	0.74950225	
4	0.76107293	
4.4	0.91292357	
4.5	0.83580137	
4.8	0.83649897	
5	0.82606772	
5.5	0.79434807	
6	0.84602095	
6.47	0.82536123	
8	0.82143995	
9	0.86352288	
10	0.91123989	
11	0.80293926	
12	0.82270057	
13	0.78712334	
14	0.84156557	
15	0.76182311	
16	0.78433301	
17	0.70186569	
18	0.71484045	
19	0.7632376	
20	0.70703036	
21	0.69008304	
22	0.68372024	
23	0.68090612	
24	0.65919813	
25	0.65520888	
26	0.64785498	
27	0.64590342	
28	0.64393899	
29	0.64434657	
30	0.64394402	
31	0.64023974	
32	0.64064297	
33	0.6407185	
34	0.64079161	
35	0.64015334	
36	0.64021532	
37	0.64091917	
38	0.64093403	
39	0.64082812	
40	0.64085521	
41	0.64088855	
42	0.64088021	
43	0.64087918	
44	0.64064464	
45	0.64068606	
50	0.64076181	
55	0.64074427	
60	0.64087279	
65	0.64087538	
70	0.64087128	
75	0.640865	
80	0.64086451	
85	0.64086403	


ord=1
wave=450 nm
zenith, km	60	
Stoks:	     1.3886311	  -0.049660838	-0.00025515207	             0	
enhancement factor
0	23.458529	23.471894	24.184174	0	
0.1	10.048633	10.127541	18.954839	0	
0.2	4.9269677	4.9670216	18.723318	0	
0.3	3.151702	3.1622436	18.300909	0	
0.4	2.4875753	2.4836593	16.015037	0	
0.5	2.2067116	2.2159514	2.34758	0	
0.6	2.0955147	2.1008445	2.1280874	0	
0.7	2.0458274	2.0488574	2.0270931	0	
0.8	2.0224333	2.0243309	2.0010005	0	
0.9	2.0108625	2.0120542	2.0009912	0	
1	2.0048544	2.005629	1.9997474	0	
1.1	2.0015793	2.0021113	1.9957718	0	
1.2	1.9997049	2.0000632	1.9917554	0	
1.3	1.9985869	1.9988473	1.9917752	0	
1.4	1.9978818	1.9980734	1.9921812	0	
1.5	1.9974111	1.9975444	1.9943747	0	
1.6	1.9970798	1.9971773	1.995515	0	
1.7	1.9968317	1.9968977	1.9979432	0	
1.8	1.9966362	1.9966863	1.9978194	0	
1.9	1.9964736	1.9965119	1.9976963	0	
2	1.9962691	1.9962952	1.9975133	0	
2.2	1.9960312	1.9960458	1.9955554	0	
2.4	1.9958168	1.9958217	1.9941796	0	
2.6	1.9956142	1.9956121	1.9933544	0	
2.8	1.9954181	1.9954132	1.9931685	0	
3	1.9952256	1.9952186	1.9929826	0	
3.2	1.9950826	1.9950743	1.9928433	0	
3.3	1.9949878	1.9949789	1.9927504	0	
3.4	1.9948461	1.9948363	1.9926111	0	
3.6	1.9946578	1.9946472	1.9924255	0	
3.8	1.9944702	1.9944588	1.9922399	0	
4	1.9941895	1.9941773	1.9919616	0	
4.4	1.9939559	1.9939432	1.9917298	0	
4.5	1.9937694	1.9937563	1.9915445	0	
4.8	1.9935364	1.9935229	1.9913129	0	
5	1.9932106	1.9931968	1.9909889	0	
5.5	1.9927457	1.9927314	1.9905264	0	
6	1.9922954	1.9922808	1.9900782	0	
6.47	1.9913685	1.9913534	1.9891554	0	
8	1.9901982	1.9901829	1.9879903	0	
9	1.9892753	1.9892598	1.9870712	0	
10	1.9883541	1.9883385	1.9861538	0	
11	1.9874346	1.987419	1.9852384	0	
12	1.9865169	1.9865013	1.9843249	0	
13	1.9856008	1.9855852	1.9834126	0	
14	1.9846865	1.9846709	1.9825021	0	
15	1.9837739	1.9837582	1.9815933	0	
16	1.9828629	1.9828473	1.980686	0	
17	1.9819536	1.981938	1.9797804	0	
18	1.981046	1.9810305	1.9788765	0	
19	1.9801401	1.9801246	1.9779742	0	
20	1.9792359	1.9792203	1.9770736	0	
21	1.9783333	1.9783178	1.9761747	0	
22	1.9774324	1.9774169	1.9752773	0	
23	1.9765331	1.9765176	1.9743817	0	
24	1.9756354	1.97562	1.9734876	0	
25	1.9747394	1.974724	1.9725952	0	
26	1.9738451	1.9738297	1.9717044	0	
27	1.9729524	1.972937	1.9708153	0	
28	1.9720613	1.9720459	1.9699277	0	
29	1.9711718	1.9711565	1.9690418	0	
30	1.970284	1.9702687	1.9681575	0	
31	1.9693977	1.9693824	1.9672747	0	
32	1.9685131	1.9684978	1.9663936	0	
33	1.9676301	1.9676148	1.9655141	0	
34	1.9667486	1.9667334	1.9646362	0	
35	1.9658688	1.9658536	1.9637598	0	
36	1.9649906	1.9649754	1.9628851	0	
37	1.9641139	1.9640988	1.9620119	0	
38	1.9632389	1.9632238	1.9611403	0	
39	1.9623654	1.9623503	1.9602702	0	
40	1.9614934	1.9614784	1.9594017	0	
41	1.9606231	1.9606081	1.9585348	0	
42	1.9597543	1.9597393	1.9576694	0	
43	1.9588871	1.9588721	1.9568056	0	
44	1.9580214	1.9580065	1.9559433	0	
45	1.9554352	1.9554203	1.9533673	0	
50	1.951153	1.9511382	1.9491017	0	
55	1.9469087	1.946894	1.9448739	0	
60	1.9427017	1.9426872	1.9406832	0	
65	1.9385316	1.9385172	1.9365292	0	
70	1.9343979	1.9343836	1.9324113	0	
75	1.9303	1.9302858	1.928329	0	
80	1.9262375	1.9262234	1.9242819	0	
85	1.9222099	1.9221959	1.9202694	0	


precision, %
wave=450 nm
height, km	60	
0	0.013418248	
0.1	0.012940432	
0.2	0.013320413	
0.3	0.013605604	
0.4	0.013855751	
0.5	0.014328532	
0.6	0.014706829	
0.7	0.014933228	
0.8	0.015081254	
0.9	0.015131605	
1	0.015206765	
1.1	0.015230918	
1.2	0.015249504	
1.3	0.015258278	
1.4	0.015261873	
1.5	0.015259955	
1.6	0.015261139	
1.7	0.015261114	
1.8	0.015261932	
1.9	0.015262499	
2	0.015263046	
2.2	0.015264219	
2.4	0.01526662	
2.6	0.01526859	
2.8	0.015268659	
3	0.015268702	
3.2	0.015268724	
3.3	0.015268735	
3.4	0.015268747	
3.6	0.015268759	
3.8	0.015268766	
4	0.015268773	
4.4	0.015268777	
4.5	0.015268778	
4.8	0.015268778	
5	0.015268778	
5.5	0.015268776	
6	0.015268772	
6.47	0.015268764	
8	0.015268752	
9	0.015268742	
10	0.015268732	
11	0.015268721	
12	0.015268711	
13	0.0152687	
14	0.01526869	
15	0.015268679	
16	0.015268669	
17	0.015268658	
18	0.015268647	
19	0.015268637	
20	0.015268626	
21	0.015268616	
22	0.015268605	
23	0.015268595	
24	0.015268584	
25	0.015268574	
26	0.015268564	
27	0.015268553	
28	0.015268543	
29	0.015268533	
30	0.015268522	
31	0.015268512	
32	0.015268502	
33	0.015268491	
34	0.015268481	
35	0.015268471	
36	0.015268461	
37	0.015268451	
38	0.01526844	
39	0.01526843	
40	0.01526842	
41	0.01526841	
42	0.0152684	
43	0.01526839	
44	0.01526838	
45	0.01526835	
50	0.015268301	
55	0.015268252	
60	0.015268204	
65	0.015268156	
70	0.015268109	
75	0.015268062	
80	0.015268016	
85	0.01526797	


-------------------------------------------------
tet=88  fi=90
	60	
450	0.0190587	

	60	
450	-23.59767	

	60	
450	0.87548957	



ord=1
	60	
450	28.367546	

	60	
450	-31.647067	

	60	
450	0.062317683	

enhancement factor
ord=0
wave=450 nm
zenith, km	60	
Stoks:	     1.1974934	    0.28258054	  -0.069070229	-0.00050825165	
enhancement factor
0	19.409811	19.827469	22.068565	39.996772	
0.1	8.9192183	9.5801474	12.460655	36.760224	
0.2	5.1014329	5.6492295	8.2187029	27.182391	
0.3	3.6920876	4.1250784	6.1729626	18.657927	
0.4	3.1329559	3.5535093	5.0451682	13.070059	
0.5	2.8447276	3.1746495	4.6818673	12.005802	
0.6	2.6935053	2.9864267	4.4006182	12.318597	
0.7	2.6165698	2.8767256	4.2728095	10.163418	
0.8	2.5803618	2.8425966	4.1852343	8.7107294	
0.9	2.5481168	2.7645576	3.9849378	9.382959	
1	2.5296505	2.7443048	3.9158191	8.4252318	
1.1	2.4894469	2.7160196	3.646897	8.7889083	
1.2	2.4690292	2.6627067	3.5722273	6.6528422	
1.3	2.4478554	2.6505179	3.5042741	6.6247621	
1.4	2.4356129	2.620473	3.4988719	7.1247054	
1.5	2.4373465	2.6282044	3.5940204	6.6375239	
1.6	2.4481779	2.641157	3.4835663	6.4918022	
1.7	2.4317511	2.6017482	3.5059357	6.4999041	
1.8	2.417771	2.5680475	3.3570451	6.4386161	
1.9	2.3946775	2.5260159	3.3189437	5.198733	
2	2.4046481	2.5285642	3.5407521	2.3874007	
2.2	2.3856919	2.4693656	3.5622534	2.3253806	
2.4	2.3663682	2.4912279	3.3748596	3.2517733	
2.6	2.3777456	2.4481713	3.3645882	1.0346963	
2.8	2.3568974	2.4223409	3.2868669	2.3801572	
3	2.3803383	2.4704128	3.401379	1.2666808	
3.2	2.3608798	2.4544809	3.3737548	3.0936859	
3.3	2.333633	2.4250989	3.1109782	4.0073842	
3.4	2.3297277	2.3982846	3.0610739	4.8018583	
3.6	2.3402031	2.3972399	3.1518888	3.0269274	
3.8	2.3237467	2.3855102	3.1531455	2.5297298	
4	2.2974691	2.3405401	3.1087519	2.2667296	
4.4	2.3155941	2.3703101	3.2670076	0.52409785	
4.5	2.3121218	2.3362961	3.2660783	-0.27959929	
4.8	2.3078359	2.3455715	3.0965447	0.2544131	
5	2.299221	2.3655126	2.8674365	2.846307	
5.5	2.293333	2.3985334	3.0096937	3.5694658	
6	2.3197653	2.4279143	2.9241278	6.6642196	
6.47	2.2999802	2.3673606	2.8275464	3.9656974	
8	2.2556531	2.2958423	2.5284394	2.7509813	
9	2.2535502	2.2809347	2.7272661	1.9080701	
10	2.2392248	2.3408249	2.4888323	-0.83653083	
11	2.1907217	2.2456564	2.5372384	1.1252844	
12	2.1674269	2.2223166	2.5486597	0.24828685	
13	2.1600286	2.2322802	2.3324447	4.0738729	
14	2.1333833	2.2133328	2.1070398	2.8721796	
15	2.1002647	2.1633449	2.1278539	2.1891197	
16	2.0791943	2.1116331	2.1299489	4.2482188	
17	2.053246	2.0604052	2.0912092	3.0007901	
18	2.0444484	2.0386154	2.1513428	2.0223097	
19	2.0382839	2.0366183	2.1569238	2.1794022	
20	2.0229806	2.0193316	2.1197265	1.9916014	
21	2.0123284	2.008884	2.0765619	1.7845727	
22	2.0060719	2.0035936	2.0493264	1.663541	
23	2.0010949	1.9991252	2.0406174	1.6921232	
24	1.9957015	1.9924328	2.0335121	2.1064216	
25	1.9926775	1.9930433	2.0195948	2.2333403	
26	1.9883427	1.9869702	2.0119645	2.1597513	
27	1.9848642	1.9819792	2.0043693	2.0972634	
28	1.9821682	1.9834503	2.0011949	1.9507879	
29	1.9807158	1.9818815	1.9934781	1.9625316	
30	1.9794857	1.980273	1.9906985	1.9794433	
31	1.9772755	1.979006	1.9775662	1.9349382	
32	1.9754437	1.9759688	1.9789304	2.0055679	
33	1.9746318	1.975207	1.9782677	2.0002615	
34	1.973713	1.9743371	1.9775297	1.9930848	
35	1.9724425	1.9730195	1.9767624	1.9776934	
36	1.9710944	1.9710939	1.9734465	1.9376008	
37	1.9692737	1.9683888	1.9760875	1.9299896	
38	1.9681081	1.966677	1.9722601	1.9467116	
39	1.9671703	1.965667	1.9710423	1.9470413	
40	1.9662741	1.9647886	1.970057	1.9461617	
41	1.9653682	1.9639196	1.9690878	1.9449436	
42	1.9643702	1.9630309	1.9690579	1.9491279	
43	1.9628563	1.9619678	1.9716191	1.97811	
44	1.9617331	1.9607382	1.9690754	1.9827075	
45	1.9590779	1.958139	1.9663935	1.9892361	
50	1.9546128	1.9538901	1.9615631	1.9830319	
55	1.950276	1.9498411	1.9577823	1.9645723	
60	1.9459567	1.9455159	1.9529863	1.9585147	
65	1.9417605	1.9413189	1.9486576	1.9541137	
70	1.9376023	1.9371659	1.9444597	1.9497532	
75	1.9334811	1.933051	1.9403093	1.9453688	
80	1.9293933	1.9289665	1.9361675	1.9411849	
85	1.9253408	1.9249172	1.9320617	1.9370374	


precision, %
wave=450 nm
height, km	60	
0	0.8883368	
0.1	1.1423037	
0.2	1.2334054	
0.3	1.1399039	
0.4	1.2081482	
0.5	1.1650278	
0.6	1.1771385	
0.7	1.1473502	
0.8	1.2375828	
0.9	1.1799756	
1	1.1953536	
1.1	1.159677	
1.2	1.186431	
1.3	1.2034183	
1.4	1.2335136	
1.5	1.4021705	
1.6	1.424095	
1.7	1.4389867	
1.8	1.3482143	
1.9	1.2065615	
2	1.2929788	
2.2	1.3630497	
2.4	1.2312653	
2.6	1.3767288	
2.8	1.280833	
3	1.3883898	
3.2	1.3944347	
3.3	1.3143063	
3.4	1.2707137	
3.6	1.3997445	
3.8	1.2378434	
4	1.1915757	
4.4	1.494975	
4.5	1.3339377	
4.8	1.3070693	
5	1.2592564	
5.5	1.2309893	
6	1.5915604	
6.47	1.3179272	
8	1.4055591	
9	1.6635915	
10	1.5849802	
11	1.2458348	
12	1.2043371	
13	1.3497625	
14	1.3526155	
15	1.2106999	
16	1.1459979	
17	0.97759104	
18	0.98676056	
19	1.004267	
20	0.9561691	
21	0.92985069	
22	0.92413903	
23	0.92236852	
24	0.89560964	
25	0.89320573	
26	0.87755152	
27	0.87097557	
28	0.8703463	
29	0.86988688	
30	0.86979104	
31	0.8685193	
32	0.87053601	
33	0.87036696	
34	0.87032634	
35	0.86975087	
36	0.87034838	
37	0.87144943	
38	0.87279707	
39	0.8724317	
40	0.87244586	
41	0.87251238	
42	0.87277427	
43	0.8745727	
44	0.87462687	
45	0.87468939	
50	0.87459492	
55	0.87458095	
60	0.87506202	
65	0.87507985	
70	0.87508387	
75	0.87508888	
80	0.87509124	
85	0.87509358	


ord=1
wave=450 nm
zenith, km	60	
Stoks:	     0.3396995	    0.10750493	    0.18651303	             0	
enhancement factor
0	18.19218	18.102993	18.095439	0	
0.1	7.4399519	7.5201204	7.5291218	0	
0.2	3.9620453	4.0207383	4.0243894	0	
0.3	2.7650928	2.7983412	2.7986665	0	
0.4	2.3188773	2.3378977	2.3369477	0	
0.5	2.1410317	2.1518828	2.1511405	0	
0.6	2.0660848	2.0717728	2.0715244	0	
0.7	2.0324687	2.0355247	2.0354528	0	
0.8	2.01655	2.0182117	2.0182454	0	
0.9	2.008643	2.0096114	2.00964	0	
1	2.0045123	2.0051063	2.0051251	0	
1.1	2.0022281	2.0026058	2.0026274	0	
1.2	2.0008849	2.0011556	2.0011709	0	
1.3	2.0000816	2.0002554	2.0002726	0	
1.4	1.9995589	1.999673	1.9996894	0	
1.5	1.9991932	1.9992793	1.9992869	0	
1.6	1.9989278	1.9989909	1.9989951	0	
1.7	1.998719	1.9987721	1.9987686	0	
1.8	1.9985506	1.9985908	1.9985876	0	
1.9	1.9984055	1.9984366	1.9984336	0	
2	1.9982163	1.9982382	1.9982354	0	
2.2	1.9979878	1.998005	1.9980039	0	
2.4	1.9977769	1.9977931	1.997792	0	
2.6	1.9975757	1.9975915	1.99759	0	
2.8	1.9973805	1.9973943	1.9973928	0	
3	1.9971881	1.9972006	1.9971991	0	
3.2	1.9970449	1.9970566	1.9970552	0	
3.3	1.9969499	1.9969612	1.9969597	0	
3.4	1.9968078	1.9968186	1.9968172	0	
3.6	1.996619	1.9966292	1.9966277	0	
3.8	1.9964306	1.9964404	1.996439	0	
4	1.9961488	1.9961581	1.9961567	0	
4.4	1.9959144	1.9959233	1.9959219	0	
4.5	1.9957271	1.9957359	1.9957344	0	
4.8	1.9954932	1.9955017	1.9955003	0	
5	1.9951661	1.9951744	1.995173	0	
5.5	1.9946994	1.9947075	1.9947061	0	
6	1.9942473	1.9942552	1.9942538	0	
6.47	1.9933169	1.9933245	1.9933231	0	
8	1.9921424	1.9921497	1.9921483	0	
9	1.991216	1.9912233	1.9912219	0	
10	1.9902915	1.9902987	1.9902973	0	
11	1.9893687	1.9893758	1.9893744	0	
12	1.9884476	1.9884547	1.9884533	0	
13	1.9875283	1.9875353	1.9875339	0	
14	1.9866107	1.9866177	1.9866163	0	
15	1.9856948	1.9857018	1.9857004	0	
16	1.9847805	1.9847875	1.9847862	0	
17	1.983868	1.983875	1.9838736	0	
18	1.9829572	1.9829642	1.9829628	0	
19	1.9820481	1.982055	1.9820536	0	
20	1.9811406	1.9811475	1.9811461	0	
21	1.9802348	1.9802417	1.9802403	0	
22	1.9793307	1.9793376	1.9793362	0	
23	1.9784282	1.9784351	1.9784337	0	
24	1.9775274	1.9775343	1.9775329	0	
25	1.9766282	1.9766351	1.9766337	0	
26	1.9757307	1.9757376	1.9757362	0	
27	1.9748349	1.9748417	1.9748403	0	
28	1.9739406	1.9739474	1.9739461	0	
29	1.973048	1.9730548	1.9730535	0	
30	1.9721571	1.9721638	1.9721625	0	
31	1.9712677	1.9712745	1.9712731	0	
32	1.97038	1.9703867	1.9703854	0	
33	1.9694939	1.9695006	1.9694993	0	
34	1.9686093	1.9686161	1.9686148	0	
35	1.9677264	1.9677332	1.9677318	0	
36	1.9668451	1.9668519	1.9668505	0	
37	1.9659654	1.9659721	1.9659708	0	
38	1.9650873	1.965094	1.9650927	0	
39	1.9642108	1.9642175	1.9642161	0	
40	1.9633358	1.9633425	1.9633412	0	
41	1.9624624	1.9624691	1.9624678	0	
42	1.9615906	1.9615973	1.961596	0	
43	1.9607204	1.960727	1.9607257	0	
44	1.9598517	1.9598583	1.959857	0	
45	1.9572566	1.9572632	1.9572619	0	
50	1.9529596	1.9529661	1.9529648	0	
55	1.9487007	1.9487072	1.9487059	0	
60	1.9444794	1.9444858	1.9444846	0	
65	1.9402952	1.9403015	1.9403003	0	
70	1.9361474	1.9361538	1.9361525	0	
75	1.9320358	1.932042	1.9320408	0	
80	1.9279596	1.9279659	1.9279646	0	
85	1.9239186	1.9239247	1.9239235	0	


precision, %
wave=450 nm
height, km	60	
0	0.070572812	
0.1	0.071132945	
0.2	0.067303309	
0.3	0.06308391	
0.4	0.060585756	
0.5	0.060277297	
0.6	0.06091843	
0.7	0.061401066	
0.8	0.061788468	
0.9	0.061886606	
1	0.062134052	
1.1	0.062202188	
1.2	0.062261125	
1.3	0.062287028	
1.4	0.062296129	
1.5	0.062285568	
1.6	0.062288426	
1.7	0.062287248	
1.8	0.062289729	
1.9	0.062291478	
2	0.06229321	
2.2	0.062297563	
2.4	0.062306832	
2.6	0.06231447	
2.8	0.062314714	
3	0.062314873	
3.2	0.062314958	
3.3	0.062315003	
3.4	0.062315056	
3.6	0.062315111	
3.8	0.062315152	
4	0.062315196	
4.4	0.062315224	
4.5	0.06231524	
4.8	0.062315257	
5	0.062315275	
5.5	0.062315294	
6	0.062315308	
6.47	0.062315326	
8	0.062315342	
9	0.062315351	
10	0.062315358	
11	0.062315363	
12	0.062315368	
13	0.062315372	
14	0.062315376	
15	0.06231538	
16	0.062315383	
17	0.062315386	
18	0.06231539	
19	0.062315393	
20	0.062315396	
21	0.062315399	
22	0.062315402	
23	0.062315405	
24	0.062315408	
25	0.06231541	
26	0.062315413	
27	0.062315416	
28	0.062315419	
29	0.062315422	
30	0.062315424	
31	0.062315427	
32	0.06231543	
33	0.062315433	
34	0.062315435	
35	0.062315438	
36	0.062315441	
37	0.062315444	
38	0.062315446	
39	0.062315449	
40	0.062315452	
41	0.062315454	
42	0.062315457	
43	0.06231546	
44	0.062315462	
45	0.06231547	
50	0.062315483	
55	0.062315496	
60	0.062315509	
65	0.062315522	
70	0.062315535	
75	0.062315547	
80	0.062315559	
85	0.062315571	


-------------------------------------------------
tet=88  fi=180
	60	
450	0.019590737	

	60	
450	8.1744935	

	60	
450	0.99622522	



ord=1
	60	
450	29.543258	

	60	
450	7.8341684	

	60	
450	0.058155843	

enhancement factor
ord=0
wave=450 nm
zenith, km	60	
Stoks:	     1.2309223	   -0.10062166	 -0.0005993209	 0.00021996715	
enhancement factor
0	19.305661	15.381606	13.972695	20.743889	
0.1	8.8037065	4.7288337	-37.264976	5.4596237	
0.2	4.9791144	1.4930889	-2.2280353	0.89136878	
0.3	3.6294762	0.53958148	-19.683009	0.3824471	
0.4	3.0882949	0.25577293	-36.20359	7.6794018	
0.5	2.7963541	0.55824745	-21.494173	8.1646362	
0.6	2.6539571	0.63987355	-20.493434	6.7930793	
0.7	2.5866661	0.64461368	10.621956	4.723938	
0.8	2.549879	0.52505413	10.928414	8.0443334	
0.9	2.533536	0.68216954	0.25197765	2.5358107	
1	2.525731	0.61891918	2.3674748	6.9624973	
1.1	2.4968354	0.56690045	-7.8707697	9.5097249	
1.2	2.4788209	0.7528445	-5.7060901	8.5141842	
1.3	2.4500951	0.76500263	-1.1644802	9.2649633	
1.4	2.4281518	0.8088397	11.725825	12.456917	
1.5	2.4114159	0.76833558	10.041593	8.4417863	
1.6	2.4217252	0.70475596	11.632692	4.5265239	
1.7	2.4100473	0.78273085	21.571223	5.3914177	
1.8	2.4039128	0.85573533	6.9683089	5.5867096	
1.9	2.3883861	0.94839547	7.7592502	6.5513074	
2	2.381192	1.0095194	31.461364	5.4873014	
2.2	2.3537584	1.1910355	32.309948	2.9107314	
2.4	2.3404654	1.1044182	26.975942	5.2205557	
2.6	2.3493991	1.2956098	27.374233	4.6917499	
2.8	2.3296348	1.3220461	24.695836	4.8854084	
3	2.3446925	1.1906588	26.679724	5.2723496	
3.2	2.327764	1.2290153	26.860834	3.9606471	
3.3	2.3011261	1.2890367	8.5046753	4.9596935	
3.4	2.3086949	1.3094463	7.796971	2.8929328	
3.6	2.3260425	1.2512928	8.8749166	4.7834065	
3.8	2.3160289	1.2065859	12.153074	3.2389487	
4	2.3027951	1.4046024	30.003419	6.3613827	
4.4	2.3271722	1.3247788	86.507141	14.231249	
4.5	2.3206875	1.4747642	53.274296	12.737537	
4.8	2.313132	1.501637	41.08951	10.621031	
5	2.3015735	1.5505171	10.488646	7.7489846	
5.5	2.2987548	1.3737896	12.663446	3.7352502	
6	2.3138485	1.2473046	12.431455	-2.4986942	
6.47	2.3071685	1.343981	2.484347	1.1101704	
8	2.2663644	1.4823336	-14.86086	4.5303168	
9	2.2457873	1.6578349	-30.312765	4.1326629	
10	2.2365558	1.3858772	-39.778455	11.099835	
11	2.1942201	1.5613759	-3.1134221	4.0566978	
12	2.1763704	1.6818965	9.4375123	7.0382092	
13	2.1557141	1.5709807	-8.9660125	-0.89000893	
14	2.1497329	1.6841174	-50.744883	5.9714294	
15	2.1062959	1.6357837	-13.404853	2.9057567	
16	2.0916206	1.7385068	-22.460034	-1.7881992	
17	2.0591969	1.8786187	-4.3781431	1.7162141	
18	2.0572028	1.9695233	1.0951513	2.4544712	
19	2.0620474	2.0019706	-15.005718	2.9468739	
20	2.0352578	1.9832945	-2.5565762	2.0415982	
21	2.0209663	1.9724683	-0.48990951	2.3080694	
22	2.0120953	1.962963	2.0392193	2.2017394	
23	2.0065594	1.9653273	1.8603442	2.3827172	
24	1.9991395	1.9598596	1.9801823	2.0583719	
25	1.9970116	1.9573837	1.2741595	1.94022	
26	1.9929331	1.9705742	0.81464703	2.0039429	
27	1.9897261	1.982799	0.012756977	2.2504397	
28	1.9873297	1.973924	-0.61974108	2.5947887	
29	1.9854322	1.9730413	-1.1767539	2.6544903	
30	1.9840244	1.9747945	-1.3520079	2.6362733	
31	1.9814412	1.974141	-1.5828256	2.5655076	
32	1.9800699	1.9757187	-1.4793716	2.4573079	
33	1.979218	1.975437	-1.406426	2.4420463	
34	1.9782534	1.9744805	-1.3979748	2.4636719	
35	1.9769307	1.9741417	-1.4670995	2.500063	
36	1.975662	1.9742346	-1.6009553	2.5189886	
37	1.9732574	1.9785136	-0.14454827	2.4861641	
38	1.9716887	1.9760324	0.20227724	2.4066945	
39	1.9707508	1.9757063	0.18932786	2.392953	
40	1.9698508	1.974814	0.18115014	2.3915605	
41	1.9689288	1.9739086	0.17278547	2.3903894	
42	1.9678149	1.9728574	0.4874432	2.3256946	
43	1.9657254	1.9706918	1.9783747	1.9754596	
44	1.9642615	1.9697379	1.815752	1.9437081	
45	1.9615659	1.9671484	1.9036571	1.9240528	
50	1.9570932	1.9629649	1.9067453	1.925331	
55	1.9527357	1.9579997	1.9690425	1.9544715	
60	1.9484376	1.9537512	1.883326	1.9691067	
65	1.9442225	1.949494	1.8720448	1.9658399	
70	1.9400443	1.9452752	1.8683095	1.961485	
75	1.9359035	1.9410949	1.8644778	1.9571722	
80	1.9317965	1.9369471	1.8609973	1.9528894	
85	1.9277249	1.9328352	1.8575431	1.9486446	


precision, %
wave=450 nm
height, km	60	
0	0.97866123	
0.1	1.205306	
0.2	1.2244907	
0.3	1.1880533	
0.4	1.2090769	
0.5	1.2154143	
0.6	1.2059363	
0.7	1.2271976	
0.8	1.2924587	
0.9	1.4725046	
1	1.3883865	
1.1	1.3492914	
1.2	1.3583918	
1.3	1.2996185	
1.4	1.3139553	
1.5	1.3352697	
1.6	1.3503761	
1.7	1.3574286	
1.8	1.3533197	
1.9	1.3422653	
2	1.3275933	
2.2	1.3109146	
2.4	1.2994273	
2.6	1.4850491	
2.8	1.2991847	
3	1.3973441	
3.2	1.3886694	
3.3	1.2390903	
3.4	1.2465374	
3.6	1.3275016	
3.8	1.247961	
4	1.2597829	
4.4	2.0524794	
4.5	1.6291846	
4.8	1.4966043	
5	1.3599377	
5.5	1.3629541	
6	1.5283027	
6.47	1.4784106	
8	1.6450315	
9	1.5354187	
10	1.5953879	
11	1.3538818	
12	1.5000334	
13	1.4841044	
14	1.7593871	
15	1.3979008	
16	1.5620432	
17	1.1264506	
18	1.1982356	
19	1.4278232	
20	1.1629766	
21	1.1095072	
22	1.0942178	
23	1.0879855	
24	1.0293587	
25	1.0271776	
26	1.0122835	
27	1.004685	
28	1.0032269	
29	1.0050545	
30	1.0048184	
31	1.0007253	
32	1.0018512	
33	1.0016506	
34	1.0016476	
35	1.0004324	
36	1.0002274	
37	1.0014426	
38	1.0014139	
39	1.001088	
40	1.001072	
41	1.0011379	
42	1.0002945	
43	0.99688053	
44	0.99573105	
45	0.99570055	
50	0.99584482	
55	0.99580835	
60	0.99592507	
65	0.99592299	
70	0.99592213	
75	0.99591965	
80	0.99592134	
85	0.99592302	


ord=1
wave=450 nm
zenith, km	60	
Stoks:	    0.36365455	   -0.02848931	 0.00023857546	             0	
enhancement factor
0	18.224069	18.051348	40.781889	0	
0.1	7.5212844	7.5431906	46.224245	0	
0.2	4.0482877	4.0039588	45.759271	0	
0.3	2.8480867	2.7472487	45.525113	0	
0.4	2.3979743	2.2653146	45.530777	0	
0.5	2.149296	2.1596879	3.6449676	0	
0.6	2.0696416	2.07978	1.8718833	0	
0.7	2.035157	2.0408386	1.9768289	0	
0.8	2.0187515	2.0222571	2.0036624	0	
0.9	2.0105774	2.0127589	2.0035205	0	
1	2.0062931	2.0077013	2.004578	0	
1.1	2.0039129	2.0048783	2.0084412	0	
1.2	2.0025072	2.0031702	2.0123543	0	
1.3	2.0016599	2.002143	2.0121432	0	
1.4	2.0011069	2.0014667	2.0115422	0	
1.5	2.0007206	2.0009811	2.0091335	0	
1.6	2.0004403	2.000639	2.0078008	0	
1.7	2.0002212	2.0003677	2.0051772	0	
1.8	2.0000449	2.0001637	2.0051117	0	
1.9	1.9998939	1.9999925	2.0050456	0	
2	1.9996984	1.9997762	2.0049448	0	
2.2	1.9994644	1.9995239	2.0064932	0	
2.4	1.99925	1.9992944	2.0074647	0	
2.6	1.9990462	1.9990798	2.0078961	0	
2.8	1.998849	1.9988778	2.0077054	0	
3	1.998655	1.9986803	2.0075148	0	
3.2	1.9985108	1.9985342	2.0073719	0	
3.3	1.9984152	1.9984375	2.0072767	0	
3.4	1.9982723	1.9982932	2.0071338	0	
3.6	1.9980825	1.9981019	2.0069434	0	
3.8	1.9978933	1.9979115	2.006753	0	
4	1.9976103	1.9976272	2.0064682	0	
4.4	1.9973749	1.9973907	2.0062497	0	
4.5	1.9971869	1.9972022	2.0060594	0	
4.8	1.9969522	1.9969669	2.0058216	0	
5	1.996624	1.996638	2.0054888	0	
5.5	1.9961558	1.9961691	2.0050138	0	
6	1.9957023	1.9957151	2.0045535	0	
6.47	1.9947692	1.9947812	2.0036058	0	
8	1.9935913	1.9936027	2.0024093	0	
9	1.9926624	1.9926735	2.0014656	0	
10	1.9917353	1.9917462	2.0005236	0	
11	1.99081	1.9908208	1.9995834	0	
12	1.9898864	1.9898971	1.9986449	0	
13	1.9889646	1.9889752	1.9977083	0	
14	1.9880445	1.9880551	1.9967733	0	
15	1.9871262	1.9871367	1.9958401	0	
16	1.9862095	1.98622	1.9949087	0	
17	1.9852946	1.985305	1.993979	0	
18	1.9843813	1.9843917	1.993051	0	
19	1.9834698	1.9834802	1.9921248	0	
20	1.9825599	1.9825703	1.9912003	0	
21	1.9816517	1.981662	1.9902775	0	
22	1.9807452	1.9807555	1.9893564	0	
23	1.9798404	1.9798506	1.9884371	0	
24	1.9789372	1.9789474	1.9875194	0	
25	1.9780357	1.9780459	1.9866034	0	
26	1.9771358	1.977146	1.9856891	0	
27	1.9762376	1.9762477	1.9847765	0	
28	1.975341	1.9753511	1.9838657	0	
29	1.974446	1.9744562	1.9829564	0	
30	1.9735527	1.9735629	1.9820489	0	
31	1.9726611	1.9726712	1.981143	0	
32	1.971771	1.9717811	1.9802388	0	
33	1.9708826	1.9708926	1.9793363	0	
34	1.9699958	1.9700058	1.9784354	0	
35	1.9691105	1.9691206	1.9775361	0	
36	1.9682269	1.968237	1.9766385	0	
37	1.9673449	1.967355	1.9757425	0	
38	1.9664645	1.9664745	1.9748482	0	
39	1.9655857	1.9655957	1.9739555	0	
40	1.9647085	1.9647185	1.9730645	0	
41	1.9638329	1.9638428	1.972175	0	
42	1.9629588	1.9629687	1.9712872	0	
43	1.9620863	1.9620962	1.970401	0	
44	1.9612154	1.9612253	1.9695164	0	
45	1.9586136	1.9586234	1.9668737	0	
50	1.9543056	1.9543153	1.9624984	0	
55	1.9500358	1.9500455	1.9581622	0	
60	1.9458038	1.9458134	1.9538646	0	
65	1.9416089	1.9416184	1.9496052	0	
70	1.9374507	1.9374602	1.9453832	0	
75	1.9333287	1.9333381	1.9411984	0	
80	1.9292424	1.9292517	1.93705	0	
85	1.9251913	1.9252006	1.9329376	0	


precision, %
wave=450 nm
height, km	60	
0	0.065661862	
0.1	0.065444307	
0.2	0.061164859	
0.3	0.056936323	
0.4	0.054574188	
0.5	0.056004696	
0.6	0.056754271	
0.7	0.057238146	
0.8	0.057617483	
0.9	0.0577203	
1	0.057953698	
1.1	0.058020437	
1.2	0.058076834	
1.3	0.058102166	
1.4	0.05811164	
1.5	0.058102904	
1.6	0.058106076	
1.7	0.058105427	
1.8	0.058107958	
1.9	0.058109749	
2	0.058111532	
2.2	0.05811563	
2.4	0.058124014	
2.6	0.058130895	
2.8	0.058131172	
3	0.058131356	
3.2	0.058131458	
3.3	0.058131513	
3.4	0.058131579	
3.6	0.05813165	
3.8	0.058131704	
4	0.058131766	
4.4	0.058131808	
4.5	0.058131835	
4.8	0.058131863	
5	0.058131896	
5.5	0.058131934	
6	0.058131965	
6.47	0.058132016	
8	0.058132071	
9	0.058132109	
10	0.058132144	
11	0.058132177	
12	0.058132209	
13	0.05813224	
14	0.058132271	
15	0.058132301	
16	0.058132331	
17	0.058132361	
18	0.05813239	
19	0.05813242	
20	0.058132449	
21	0.058132478	
22	0.058132507	
23	0.058132536	
24	0.058132564	
25	0.058132593	
26	0.058132622	
27	0.05813265	
28	0.058132678	
29	0.058132707	
30	0.058132735	
31	0.058132763	
32	0.058132791	
33	0.058132819	
34	0.058132847	
35	0.058132875	
36	0.058132903	
37	0.058132931	
38	0.058132958	
39	0.058132986	
40	0.058133013	
41	0.058133041	
42	0.058133068	
43	0.058133096	
44	0.058133123	
45	0.058133205	
50	0.058133339	
55	0.058133473	
60	0.058133604	
65	0.058133735	
70	0.058133863	
75	0.058133991	
80	0.058134117	
85	0.058134242	


