RT Model MCC++	 O.Postylyakov	ver.72
MixedSimC<atmos::StoksC,MCSimC<atmos::StoksC,MCWMethodC<atmos::StoksC,SphericalGeomT>>,SSSimC<atmos::StoksC,MCSimC<atmos::StoksC,MSSMethodC<atmos::StoksC,SphericalGeomT,1000>>>>	ps::cLCG2C	Density: double	AMFs: Yes	ORDERS_ACCOUNT: ATM_COLLGS_ORDERS
photons passed	base/max expendeture	EPS-breakes	MaxCollgs-Breaks	MinPhWgt-Breaks	average colligions
23500	0.0343984/0.0439454	0	0	0	3.1766	
SpecialSamplingCollgs	ForceCollgSimul	EPS	ssEPS	MaxCollgs	MinPhWgt	BaseMod	
1	0	0.001	1e-12	500	1e-300	0	
Albedo	time	IY
0.05	0.0457	{ 1038931079 2073160075 ; 40014 40692 2147483563 2147483399 }	
 -6370.99	 -6370.99	 -5791.81	 -5212.63	 -4633.45	 -4054.27	 -3475.09	  -2895.9	 -2316.72	 -1737.54	 -1158.36	 -579.181	-9.09495e-13	  12.8571	  25.7143	  38.5714	  51.4286	  64.2857	  77.1429	       90	
        0	        0	0.0080361	 0.024108	 0.040179	 0.056251	 0.072322	 0.088394	  0.10447	  0.12054	  0.13661	  0.15268	  0.16875	0.0039284	0.0039364	0.0039443	0.0039522	0.0039601	 0.003968	 0.003976	
        0	        0	        0	        0	        0	        0	        0	        0	        0	        0	        0	        0	        0	        0	        0	        0	        0	        0	        0	        0	
        0	        0	        0	        0	        0	        0	        0	        0	        0	        0	        0	        0	        0	        0	        0	        0	        0	        0	        0	        0	

-------------------------------------------------
tet=89.3  fi=0
	60	
450	0.043098	

	60	
450	1.2276	

	60	
450	0.66626	



ord=1
	60	
450	46.785	

	60	
450	4.5261	

	60	
450	0.016941	

enhancement factor
ord=0
wave=450 nm
zenith, km	60	
Stoks:	     2.7079422	  -0.033243556	 -0.0015941806	-0.00030048646	
enhancement factor
0	30.762642	37.993483	129.46095	12.602302	
0.1	4.0839957	-6.3476361	13.011731	1.4878738	
0.2	2.7511994	-6.5692958	2.722937	1.5477027	
0.3	2.5699669	-5.8925342	1.0141949	2.8995958	
0.4	2.4862112	-5.4358031	7.3882738	2.0716848	
0.5	2.4260559	-4.9461107	6.375574	2.2782807	
0.6	2.3699727	-4.2826019	4.4437701	0.77247397	
0.7	2.3453696	-4.0899373	10.120282	1.1961004	
0.8	2.3213992	-3.9753997	9.5095087	2.3008026	
0.9	2.3048746	-3.9066298	6.700192	0.46938206	
1	2.2897183	-4.1720424	16.251513	-0.61680213	
1.1	2.2618115	-3.1377392	9.1595737	3.2887661	
1.2	2.2556367	-2.7722982	9.9905724	3.8166063	
1.3	2.2536727	-3.2876973	11.111563	1.4535529	
1.4	2.2373113	-2.9529339	11.081723	-0.54584481	
1.5	2.2276982	-2.6798392	3.7099802	0.48956117	
1.6	2.2210548	-2.5437406	8.8635524	1.6118996	
1.7	2.2073502	-2.179886	11.391288	1.7372954	
1.8	2.202003	-2.2417823	16.759165	-0.30638565	
1.9	2.1988647	-1.86134	12.654583	0.27490959	
2	2.2005307	-2.1863265	15.876966	2.7734774	
2.2	2.1829499	-2.001955	15.789349	-0.19809578	
2.4	2.1709704	-1.652235	14.305177	2.0425809	
2.6	2.1638759	-1.5192494	16.040123	4.705371	
2.8	2.1594543	-1.4382143	15.059044	6.1643832	
3	2.1621603	-1.0395975	16.071112	4.0375074	
3.2	2.1595094	-0.88158082	11.71304	3.4547364	
3.3	2.1526884	-0.59572649	7.8660382	1.4260572	
3.4	2.1461543	-0.72890531	2.0994907	2.8938081	
3.6	2.143296	-1.0187796	2.4145358	2.9937215	
3.8	2.141026	-0.73539216	-0.98864017	0.66490572	
4	2.1488223	-0.31244003	-0.99343096	0.21755192	
4.4	2.1585831	-0.79596092	-4.1450815	-6.0836058	
4.5	2.1540449	-0.71651368	8.9317725	-2.3205256	
4.8	2.1366052	-0.78541025	9.6405417	-2.3401687	
5	2.1342767	-0.94485857	10.570101	1.676053	
5.5	2.1346027	-1.0541818	9.5973315	-3.5144034	
6	2.1457548	-0.24624417	-5.3159719	-4.2702161	
6.47	2.1331652	-1.0317415	4.7847605	-1.9184824	
8	2.1095022	0.001464268	-4.238469	3.355274	
9	2.0830217	0.18176161	-10.169185	4.2815967	
10	2.0872697	0.16079132	-17.373887	4.9390739	
11	2.0720815	0.37210169	-13.147652	9.1283539	
12	2.0643113	0.21124718	-15.224519	8.4266891	
13	2.0524476	0.51580716	-9.6156117	11.721448	
14	2.0379509	0.82158161	-7.0867263	8.619109	
15	2.0327559	0.88183406	-5.7576199	1.751513	
16	2.033296	1.4432023	-12.310727	1.3137211	
17	2.0172307	1.5205562	2.9360706	4.7947456	
18	2.0097456	1.4572589	0.0024513863	1.6842783	
19	2.003449	1.5887745	0.15172261	1.8540924	
20	2.0067796	1.2884487	5.4154758	1.3335049	
21	1.9964674	1.5741215	4.7022582	1.8176622	
22	1.9909038	1.6672883	3.3717875	1.9990991	
23	1.9881734	1.6969634	2.890803	1.5677428	
24	1.9852791	1.7602243	3.3228392	1.7468209	
25	1.9826886	1.8049886	3.6020322	1.5469609	
26	1.9809612	1.8193271	3.6919985	1.5952543	
27	1.979202	1.8464696	3.2824638	1.847437	
28	1.9774743	1.8918728	3.0143667	1.9188241	
29	1.9754177	1.9269301	2.1540572	2.4452618	
30	1.9736852	1.9494917	1.9132169	2.2763055	
31	1.9723144	1.9395234	1.6483397	2.1449721	
32	1.9712264	1.9407439	1.7712442	2.1094636	
33	1.9701898	1.9383276	1.8783688	2.055343	
34	1.9689123	1.9331886	1.9752304	2.0953286	
35	1.9675087	1.9472498	2.0313182	2.15665	
36	1.9666782	1.9493075	2.0174391	2.161209	
37	1.9657875	1.9488764	2.0187176	2.1594203	
38	1.9647643	1.9480171	2.0179579	2.1543776	
39	1.9638834	1.9469763	2.0241623	2.1525792	
40	1.9627146	1.9531698	2.2711021	2.0966784	
41	1.9614389	1.9746963	2.1955039	1.9534273	
42	1.9605408	1.9746138	2.1698014	1.9510891	
43	1.959472	1.9651713	2.0132569	1.9755308	
44	1.9585836	1.9636843	1.9983091	1.9742579	
45	1.9559837	1.9616121	1.9950325	1.9668378	
50	1.9516837	1.9579071	1.9900333	1.9570856	
55	1.9474329	1.9536088	1.9860624	1.9528832	
60	1.9432177	1.9493325	1.9810274	1.9486247	
65	1.9390402	1.94509	1.975115	1.9444408	
70	1.9349146	1.9409375	1.967501	1.9408777	
75	1.9308125	1.9367885	1.96314	1.9367261	
80	1.9267458	1.9326755	1.958818	1.9326107	
85	1.9227141	1.9285981	1.9545342	1.9285308	


precision, %
wave=450 nm
height, km	60	
0	0.54470207	
0.1	0.80065764	
0.2	0.8519691	
0.3	0.89776646	
0.4	0.90399756	
0.5	0.90171252	
0.6	0.81788555	
0.7	0.89144962	
0.8	0.87723267	
0.9	0.94489525	
1	0.93850332	
1.1	0.8622372	
1.2	0.85379373	
1.3	0.89961583	
1.4	0.8810672	
1.5	0.87153192	
1.6	0.86775992	
1.7	0.82204158	
1.8	0.80774949	
1.9	0.81717098	
2	0.8177338	
2.2	0.80694343	
2.4	0.77570771	
2.6	0.79532689	
2.8	0.77811784	
3	0.7985949	
3.2	0.82376383	
3.3	0.80075891	
3.4	0.80487206	
3.6	0.7828477	
3.8	0.78676916	
4	0.797665	
4.4	0.8560281	
4.5	0.81563243	
4.8	0.7990646	
5	0.84368979	
5.5	0.8991068	
6	1.152588	
6.47	0.90673142	
8	0.8603172	
9	0.82158121	
10	0.93753899	
11	0.81526698	
12	0.85423202	
13	0.7991397	
14	0.74076573	
15	0.7881325	
16	0.96776623	
17	0.72443228	
18	0.70523178	
19	0.69370287	
20	0.77813704	
21	0.6847002	
22	0.67240905	
23	0.67334884	
24	0.67216469	
25	0.67246553	
26	0.67079862	
27	0.66904268	
28	0.66734033	
29	0.66813843	
30	0.66877795	
31	0.66795378	
32	0.66735445	
33	0.66631627	
34	0.66579738	
35	0.6669909	
36	0.66735436	
37	0.66733761	
38	0.66693173	
39	0.66693253	
40	0.66665729	
41	0.66718391	
42	0.66723341	
43	0.66652287	
44	0.6664722	
45	0.66650168	
50	0.66653986	
55	0.66654658	
60	0.66655332	
65	0.66656172	
70	0.66659626	
75	0.6665943	
80	0.66659236	
85	0.66659044	


ord=1
wave=450 nm
zenith, km	60	
Stoks:	     1.2669064	  -0.057341472	 -0.0024637221	             0	
enhancement factor
0	34.87394	38.559145	64.95134	0	
0.1	3.4823704	3.3403081	1.8955993	0	
0.2	2.0976522	2.0931696	1.8212626	0	
0.3	2.0071118	2.0062291	1.9963556	0	
0.4	1.9988671	1.9986099	1.9956653	0	
0.5	1.9977927	1.99759	1.9964702	0	
0.6	1.9975496	1.9973556	1.9960128	0	
0.7	1.9974287	1.9972362	1.9959193	0	
0.8	1.997329	1.997137	1.9958259	0	
0.9	1.9972339	1.9970419	1.9957324	0	
1	1.9971398	1.9969478	1.995639	0	
1.1	1.997046	1.9968541	1.9955456	0	
1.2	1.9969523	1.9967604	1.9954522	0	
1.3	1.9968586	1.9966668	1.9953588	0	
1.4	1.996765	1.9965732	1.9952654	0	
1.5	1.9966714	1.9964797	1.9951721	0	
1.6	1.9965778	1.9963861	1.9950788	0	
1.7	1.9964843	1.9962926	1.9949855	0	
1.8	1.9963908	1.9961991	1.9948922	0	
1.9	1.9962972	1.9961056	1.9947989	0	
2	1.996157	1.9959654	1.9946591	0	
2.2	1.9959701	1.9957786	1.9944726	0	
2.4	1.9957832	1.9955918	1.9942863	0	
2.6	1.9955964	1.995405	1.9941	0	
2.8	1.9954097	1.9952184	1.9939138	0	
3	1.995223	1.9950318	1.9937277	0	
3.2	1.9950831	1.9948919	1.9935881	0	
3.3	1.9949898	1.9947987	1.9934951	0	
3.4	1.9948499	1.9946588	1.9933556	0	
3.6	1.9946635	1.9944725	1.9931697	0	
3.8	1.9944771	1.9942861	1.9929838	0	
4	1.9941977	1.9940068	1.9927052	0	
4.4	1.9939649	1.9937742	1.992473	0	
4.5	1.9937788	1.9935881	1.9922875	0	
4.8	1.9935463	1.9933557	1.9920555	0	
5	1.9932209	1.9930304	1.9917311	0	
5.5	1.9927565	1.9925661	1.9912679	0	
6	1.9923064	1.9921162	1.990819	0	
6.47	1.9913798	1.9911899	1.989895	0	
8	1.9902098	1.9900203	1.9887282	0	
9	1.9892869	1.9890978	1.9878078	0	
10	1.9883658	1.9881769	1.9868892	0	
11	1.9874463	1.9872578	1.9859723	0	
12	1.9865286	1.9863404	1.985057	0	
13	1.9856126	1.9854247	1.9841435	0	
14	1.9846982	1.9845107	1.9832317	0	
15	1.9837856	1.9835983	1.9823215	0	
16	1.9828746	1.9826877	1.981413	0	
17	1.9819653	1.9817787	1.9805062	0	
18	1.9810577	1.9808714	1.979601	0	
19	1.9801518	1.9799658	1.9786976	0	
20	1.9792475	1.9790619	1.9777957	0	
21	1.9783449	1.9781596	1.9768956	0	
22	1.977444	1.9772589	1.9759971	0	
23	1.9765447	1.97636	1.9751002	0	
24	1.975647	1.9754626	1.9742049	0	
25	1.974751	1.9745669	1.9733113	0	
26	1.9738566	1.9736728	1.9724194	0	
27	1.9729639	1.9727804	1.971529	0	
28	1.9720728	1.9718896	1.9706403	0	
29	1.9711833	1.9710004	1.9697532	0	
30	1.9702954	1.9701129	1.9688677	0	
31	1.9694092	1.9692269	1.9679838	0	
32	1.9685245	1.9683426	1.9671016	0	
33	1.9676415	1.9674598	1.9662209	0	
34	1.9667601	1.9665787	1.9653418	0	
35	1.9658802	1.9656991	1.9644643	0	
36	1.965002	1.9648212	1.9635884	0	
37	1.9641253	1.9639448	1.962714	0	
38	1.9632502	1.96307	1.9618413	0	
39	1.9623767	1.9621968	1.9609701	0	
40	1.9615047	1.9613252	1.9601004	0	
41	1.9606344	1.9604551	1.9592324	0	
42	1.9597656	1.9595866	1.9583659	0	
43	1.9588983	1.9587196	1.9575009	0	
44	1.9580326	1.9578542	1.9566375	0	
45	1.9554464	1.9552688	1.9540581	0	
50	1.9511641	1.950988	1.949787	0	
55	1.9469197	1.946745	1.9455537	0	
60	1.9427126	1.9425394	1.9413576	0	
65	1.9385425	1.9383706	1.9371982	0	
70	1.9344087	1.9342381	1.9330751	0	
75	1.9303107	1.9301415	1.9289876	0	
80	1.9262481	1.9260802	1.9249354	0	
85	1.9222204	1.9220538	1.9209179	0	


precision, %
wave=450 nm
height, km	60	
0	0.013234121	
0.1	0.020492915	
0.2	0.016398167	
0.3	0.016867859	
0.4	0.016926872	
0.5	0.01694359	
0.6	0.01695011	
0.7	0.01695034	
0.8	0.016950389	
0.9	0.016950401	
1	0.016950403	
1.1	0.016950403	
1.2	0.016950402	
1.3	0.016950401	
1.4	0.0169504	
1.5	0.016950399	
1.6	0.016950398	
1.7	0.016950397	
1.8	0.016950396	
1.9	0.016950394	
2	0.016950393	
2.2	0.01695039	
2.4	0.016950388	
2.6	0.016950386	
2.8	0.016950383	
3	0.016950381	
3.2	0.016950379	
3.3	0.016950378	
3.4	0.016950376	
3.6	0.016950374	
3.8	0.016950372	
4	0.016950368	
4.4	0.016950365	
4.5	0.016950363	
4.8	0.01695036	
5	0.016950356	
5.5	0.01695035	
6	0.016950345	
6.47	0.016950333	
8	0.016950318	
9	0.016950307	
10	0.016950295	
11	0.016950284	
12	0.016950273	
13	0.016950261	
14	0.01695025	
15	0.016950238	
16	0.016950227	
17	0.016950216	
18	0.016950205	
19	0.016950193	
20	0.016950182	
21	0.016950171	
22	0.01695016	
23	0.016950149	
24	0.016950138	
25	0.016950126	
26	0.016950115	
27	0.016950104	
28	0.016950093	
29	0.016950082	
30	0.016950071	
31	0.01695006	
32	0.01695005	
33	0.016950039	
34	0.016950028	
35	0.016950017	
36	0.016950006	
37	0.016949995	
38	0.016949985	
39	0.016949974	
40	0.016949963	
41	0.016949953	
42	0.016949942	
43	0.016949931	
44	0.016949921	
45	0.016949889	
50	0.016949837	
55	0.016949785	
60	0.016949733	
65	0.016949683	
70	0.016949633	
75	0.016949583	
80	0.016949534	
85	0.016949486	


-------------------------------------------------
tet=89.3  fi=90
	60	
450	0.017890058	

	60	
450	-23.356753	

	60	
450	0.98061552	



ord=1
	60	
450	28.815856	

	60	
450	-31.4424	

	60	
450	0.066191795	

enhancement factor
ord=0
wave=450 nm
zenith, km	60	
Stoks:	     1.1240655	     0.2625452	  -0.061220728	-0.00024637824	
enhancement factor
0	26.804735	27.19069	31.004026	105.34405	
0.1	4.2432083	4.7612518	8.2858463	55.235118	
0.2	3.0440811	3.5125685	5.9597481	35.218059	
0.3	2.8307475	3.2889762	5.1354287	29.826118	
0.4	2.7390941	3.174931	4.8248449	22.677727	
0.5	2.6722564	3.0672584	4.6121115	22.354818	
0.6	2.6099048	2.9425605	4.3418534	19.914501	
0.7	2.5771966	2.855402	4.2311712	15.134734	
0.8	2.5570092	2.804001	4.0944983	16.423474	
0.9	2.5088563	2.7801204	3.989154	14.749845	
1	2.4879667	2.7543347	3.8484886	10.214154	
1.1	2.458645	2.6976386	3.6707544	14.566083	
1.2	2.4567546	2.651105	3.6600354	13.683696	
1.3	2.4478352	2.6453351	3.5493087	11.351558	
1.4	2.4163295	2.6190414	3.5521013	12.267429	
1.5	2.4026856	2.5806705	3.4883418	14.068736	
1.6	2.3981105	2.548	3.4540274	10.53917	
1.7	2.3941079	2.5272952	3.3383165	10.495624	
1.8	2.3962429	2.5516696	3.3567064	6.552483	
1.9	2.3897954	2.501017	3.2103523	4.0190813	
2	2.3761103	2.5118271	3.3650148	6.165939	
2.2	2.3683664	2.4946142	3.2630816	1.0527483	
2.4	2.3360494	2.4270533	3.1605198	7.1401589	
2.6	2.3351599	2.4271364	3.1701119	6.8833288	
2.8	2.336347	2.4015449	3.0554181	7.5731511	
3	2.3472364	2.4014147	3.1917235	2.6883565	
3.2	2.3349452	2.3884678	3.1170555	2.525573	
3.3	2.3217845	2.3582279	2.9756042	3.1293043	
3.4	2.3159222	2.3563169	2.8706114	5.5844665	
3.6	2.3150835	2.3767149	2.8637126	4.8506691	
3.8	2.3101288	2.3722127	2.8273714	3.5698652	
4	2.3270604	2.3726792	3.0119103	0.50651111	
4.4	2.3496063	2.4143661	2.9782508	-1.0874594	
4.5	2.3551363	2.4214218	3.1456739	-3.0994559	
4.8	2.3142109	2.37301	3.0227243	-1.1314338	
5	2.313303	2.3928415	2.9737797	4.5589858	
5.5	2.3145503	2.3813546	3.0709815	0.75406163	
6	2.3191005	2.3513314	2.966229	2.2962954	
6.47	2.3013438	2.358834	3.041444	-0.14877618	
8	2.2451855	2.2771232	2.740337	-0.11805424	
9	2.1892308	2.2252177	2.4484512	3.0682431	
10	2.1909966	2.2496613	2.3302527	7.9920975	
11	2.1617563	2.1988536	2.2659875	7.53678	
12	2.1519984	2.2149624	2.2073565	5.8293081	
13	2.1227505	2.1656601	2.1740602	8.2713078	
14	2.0983268	2.1262088	2.073261	6.2937273	
15	2.1113416	2.1384417	1.8774334	-2.517374	
16	2.0815626	2.0917104	2.1705411	-1.2530714	
17	2.0670534	2.0418097	2.4204835	8.5438737	
18	2.0493509	2.0263201	2.1762624	4.3335335	
19	2.0359553	2.0193676	2.1512874	3.475897	
20	2.0389005	2.0628846	2.2414345	2.1258721	
21	2.0210595	2.0344993	2.1892396	2.3786246	
22	2.0112438	2.0181895	2.1401791	2.7086327	
23	2.0076733	2.0053536	2.0954425	2.967324	
24	2.002008	1.9978626	2.0923238	2.9060887	
25	1.9979452	1.9930035	2.0757098	2.2048893	
26	1.9953447	1.9912062	2.0698445	2.0502679	
27	1.9904163	1.9915549	2.058483	1.6824111	
28	1.9875804	1.9844388	2.0509624	1.7667694	
29	1.9828642	1.9809356	2.0113103	2.4418108	
30	1.9788576	1.9766948	1.9905366	2.2978643	
31	1.9767959	1.9763505	1.9795581	2.1404793	
32	1.9753277	1.9753767	1.9788094	2.0488097	
33	1.9743334	1.9743595	1.9774324	2.0385849	
34	1.972784	1.9732135	1.9752269	2.0879845	
35	1.9709798	1.9712367	1.9767581	2.1448276	
36	1.9700811	1.9704071	1.9762317	2.1335694	
37	1.9691544	1.9694934	1.9754291	2.1310231	
38	1.9681324	1.9684162	1.9733325	2.1377556	
39	1.9672244	1.9675428	1.9725226	2.1366937	
40	1.9660185	1.9659631	1.972239	2.0965178	
41	1.9641262	1.9631831	1.9717721	1.9843249	
42	1.963141	1.9623277	1.9715117	1.9844925	
43	1.9621344	1.9616285	1.9692048	1.9964842	
44	1.9612452	1.9607536	1.9681518	1.992904	
45	1.9586242	1.9581365	1.9654121	1.9860482	
50	1.9542935	1.9538119	1.9609305	1.9768366	
55	1.9500205	1.9495459	1.9566179	1.9724143	
60	1.9457829	1.9453194	1.9523086	1.9679934	
65	1.9415855	1.9411332	1.9480185	1.9635917	
70	1.9374421	1.9370114	1.9440398	1.9589059	
75	1.93332	1.9328925	1.9398654	1.9546054	
80	1.9292335	1.9288093	1.9357273	1.950343	
85	1.9251822	1.9247613	1.9316251	1.9461182	


precision, %
wave=450 nm
height, km	60	
0	1.0275091	
0.1	1.34488	
0.2	1.3187833	
0.3	1.4030228	
0.4	1.3926067	
0.5	1.358568	
0.6	1.2739643	
0.7	1.3473423	
0.8	1.5084677	
0.9	1.2916587	
1	1.2547198	
1.1	1.2754353	
1.2	1.2856722	
1.3	1.2715283	
1.4	1.2287592	
1.5	1.2695223	
1.6	1.320492	
1.7	1.3844025	
1.8	1.3991148	
1.9	1.3912105	
2	1.1938413	
2.2	1.4475758	
2.4	1.1975793	
2.6	1.2666876	
2.8	1.2762374	
3	1.301033	
3.2	1.2971533	
3.3	1.2402258	
3.4	1.2404315	
3.6	1.2304213	
3.8	1.2417997	
4	1.3033294	
4.4	1.4348147	
4.5	1.5093262	
4.8	1.3885528	
5	1.5247965	
5.5	1.5557417	
6	1.5536432	
6.47	1.4706552	
8	1.3436206	
9	1.2655131	
10	1.4489626	
11	1.2431247	
12	1.3752508	
13	1.2655699	
14	1.1872076	
15	1.7383644	
16	1.3743389	
17	1.2565005	
18	1.2031338	
19	1.1203359	
20	1.2490474	
21	1.0750897	
22	1.0497938	
23	1.0787751	
24	1.0738646	
25	1.0692989	
26	1.0583041	
27	1.0243729	
28	1.0107881	
29	0.99339392	
30	0.98646044	
31	0.98327205	
32	0.98296317	
33	0.98285373	
34	0.98296263	
35	0.98270124	
36	0.98243051	
37	0.98243138	
38	0.98189942	
39	0.98169775	
40	0.9819143	
41	0.98043812	
42	0.98060367	
43	0.98011783	
44	0.98007977	
45	0.98013251	
50	0.98020564	
55	0.9802171	
60	0.98021615	
65	0.98021817	
70	0.98027342	
75	0.9802752	
80	0.98027697	
85	0.98027872	


ord=1
wave=450 nm
zenith, km	60	
Stoks:	    0.32390909	    0.10184479	    0.17648986	             0	
enhancement factor
0	25.108683	25.097342	25.109975	0	
0.1	3.0004985	3.0213744	3.0208607	0	
0.2	2.0656674	2.0679004	2.0681295	0	
0.3	2.005936	2.0061764	2.0062421	0	
0.4	2.000381	2.0004231	2.0004439	0	
0.5	1.9996351	1.9996446	1.9996405	0	
0.6	1.9994394	1.9994448	1.9994443	0	
0.7	1.9993275	1.9993308	1.9993303	0	
0.8	1.9992296	1.9992324	1.9992318	0	
0.9	1.9991346	1.9991372	1.9991367	0	
1	1.9990403	1.9990429	1.9990424	0	
1.1	1.9989462	1.9989488	1.9989483	0	
1.2	1.9988522	1.9988548	1.9988543	0	
1.3	1.9987583	1.9987609	1.9987603	0	
1.4	1.9986643	1.9986669	1.9986664	0	
1.5	1.9985704	1.998573	1.9985725	0	
1.6	1.9984765	1.9984791	1.9984786	0	
1.7	1.9983826	1.9983852	1.9983847	0	
1.8	1.9982888	1.9982913	1.9982908	0	
1.9	1.9981949	1.9981975	1.998197	0	
2	1.9980542	1.9980568	1.9980562	0	
2.2	1.9978666	1.9978692	1.9978687	0	
2.4	1.9976791	1.9976817	1.9976811	0	
2.6	1.9974916	1.9974942	1.9974937	0	
2.8	1.9973043	1.9973068	1.9973063	0	
3	1.997117	1.9971195	1.997119	0	
3.2	1.9969765	1.9969791	1.9969786	0	
3.3	1.9968829	1.9968855	1.996885	0	
3.4	1.9967426	1.9967451	1.9967446	0	
3.6	1.9965555	1.9965581	1.9965575	0	
3.8	1.9963685	1.996371	1.9963705	0	
4	1.9960881	1.9960906	1.9960901	0	
4.4	1.9958545	1.9958571	1.9958566	0	
4.5	1.9956677	1.9956703	1.9956698	0	
4.8	1.9954344	1.995437	1.9954364	0	
5	1.9951079	1.9951105	1.9951099	0	
5.5	1.9946418	1.9946444	1.9946439	0	
6	1.9941902	1.9941927	1.9941922	0	
6.47	1.9932603	1.9932629	1.9932624	0	
8	1.9920863	1.9920888	1.9920883	0	
9	1.9911602	1.9911628	1.9911623	0	
10	1.9902359	1.9902384	1.9902379	0	
11	1.9893133	1.9893158	1.9893153	0	
12	1.9883924	1.9883949	1.9883944	0	
13	1.9874732	1.9874757	1.9874752	0	
14	1.9865557	1.9865582	1.9865577	0	
15	1.9856399	1.9856424	1.9856419	0	
16	1.9847258	1.9847283	1.9847278	0	
17	1.9838134	1.9838159	1.9838154	0	
18	1.9829027	1.9829052	1.9829047	0	
19	1.9819936	1.9819961	1.9819956	0	
20	1.9810863	1.9810888	1.9810883	0	
21	1.9801806	1.9801831	1.9801826	0	
22	1.9792765	1.979279	1.9792785	0	
23	1.9783742	1.9783767	1.9783761	0	
24	1.9774734	1.9774759	1.9774754	0	
25	1.9765744	1.9765769	1.9765764	0	
26	1.975677	1.9756794	1.9756789	0	
27	1.9747812	1.9747837	1.9747832	0	
28	1.973887	1.9738895	1.973889	0	
29	1.9729945	1.972997	1.9729965	0	
30	1.9721036	1.9721061	1.9721056	0	
31	1.9712144	1.9712168	1.9712163	0	
32	1.9703267	1.9703292	1.9703287	0	
33	1.9694407	1.9694432	1.9694427	0	
34	1.9685563	1.9685587	1.9685582	0	
35	1.9676735	1.9676759	1.9676754	0	
36	1.9667923	1.9667947	1.9667942	0	
37	1.9659126	1.9659151	1.9659146	0	
38	1.9650346	1.965037	1.9650365	0	
39	1.9641581	1.9641606	1.9641601	0	
40	1.9632833	1.9632857	1.9632852	0	
41	1.96241	1.9624124	1.9624119	0	
42	1.9615383	1.9615407	1.9615402	0	
43	1.9606681	1.9606705	1.96067	0	
44	1.9597995	1.9598019	1.9598015	0	
45	1.9572046	1.957207	1.9572066	0	
50	1.9529081	1.9529105	1.95291	0	
55	1.9486496	1.948652	1.9486515	0	
60	1.9444287	1.9444311	1.9444306	0	
65	1.9402449	1.9402472	1.9402467	0	
70	1.9360976	1.9360999	1.9360994	0	
75	1.9319863	1.9319886	1.9319881	0	
80	1.9279105	1.9279128	1.9279123	0	
85	1.9238698	1.9238721	1.9238716	0	


precision, %
wave=450 nm
height, km	60	
0	0.071609652	
0.1	0.092311887	
0.2	0.065041403	
0.3	0.065968321	
0.4	0.066113299	
0.5	0.066167004	
0.6	0.066190331	
0.7	0.06619092	
0.8	0.066191049	
0.9	0.066191082	
1	0.066191091	
1.1	0.066191094	
1.2	0.066191095	
1.3	0.066191096	
1.4	0.066191096	
1.5	0.066191096	
1.6	0.066191096	
1.7	0.066191096	
1.8	0.066191096	
1.9	0.066191096	
2	0.066191097	
2.2	0.066191097	
2.4	0.066191097	
2.6	0.066191097	
2.8	0.066191097	
3	0.066191097	
3.2	0.066191098	
3.3	0.066191098	
3.4	0.066191098	
3.6	0.066191098	
3.8	0.066191098	
4	0.066191098	
4.4	0.066191099	
4.5	0.066191099	
4.8	0.066191099	
5	0.066191099	
5.5	0.0661911	
6	0.0661911	
6.47	0.066191101	
8	0.066191102	
9	0.066191103	
10	0.066191104	
11	0.066191105	
12	0.066191106	
13	0.066191106	
14	0.066191107	
15	0.066191108	
16	0.066191109	
17	0.06619111	
18	0.066191111	
19	0.066191112	
20	0.066191112	
21	0.066191113	
22	0.066191114	
23	0.066191115	
24	0.066191116	
25	0.066191117	
26	0.066191117	
27	0.066191118	
28	0.066191119	
29	0.06619112	
30	0.066191121	
31	0.066191121	
32	0.066191122	
33	0.066191123	
34	0.066191124	
35	0.066191125	
36	0.066191126	
37	0.066191126	
38	0.066191127	
39	0.066191128	
40	0.066191129	
41	0.06619113	
42	0.06619113	
43	0.066191131	
44	0.066191132	
45	0.066191134	
50	0.066191138	
55	0.066191142	
60	0.066191146	
65	0.06619115	
70	0.066191154	
75	0.066191157	
80	0.066191161	
85	0.066191165	


-------------------------------------------------
tet=89.3  fi=180
	60	
450	0.018439657	

	60	
450	7.648581	

	60	
450	0.92335493	



ord=1
	60	
450	30.495806	

	60	
450	6.2361009	

	60	
450	0.060618685	

enhancement factor
ord=0
wave=450 nm
zenith, km	60	
Stoks:	     1.1585978	  -0.088616293	-0.00014716651	 0.00018367123	
enhancement factor
0	26.703834	22.465058	-207.47666	10.122978	
0.1	4.1403795	0.20538765	139.34756	-9.4932616	
0.2	2.956162	-0.31491112	-26.69883	-1.4812161	
0.3	2.7741003	-0.32438769	-114.7096	-1.2382776	
0.4	2.668749	-0.0050616717	-35.393259	1.4899865	
0.5	2.5909121	0.14065351	10.881366	2.981247	
0.6	2.5420686	0.28067933	39.058461	3.8666474	
0.7	2.5166903	0.37508069	84.107504	4.0842897	
0.8	2.5083333	0.29532983	40.569831	7.0410709	
0.9	2.4903852	0.45183917	-28.533966	1.2565605	
1	2.4901266	0.39915337	-27.815541	11.423664	
1.1	2.4776658	0.45095199	1.7679598	10.336038	
1.2	2.4706695	0.63645058	-24.057233	6.0295628	
1.3	2.4488187	0.71291511	12.124577	6.1079946	
1.4	2.4208192	0.72969364	-3.0878353	9.59909	
1.5	2.4101304	0.82387432	-24.897417	11.745415	
1.6	2.3979961	0.97107024	28.63312	1.8137895	
1.7	2.3788105	0.96711218	22.644248	0.075280921	
1.8	2.3690757	0.93707531	69.583294	2.1277574	
1.9	2.3621619	1.0496572	27.429115	3.7956624	
2	2.3754865	0.94363905	58.933703	3.1063605	
2.2	2.3458114	1.0229553	16.28174	5.4826532	
2.4	2.3237572	1.137658	63.053947	5.5431559	
2.6	2.3183811	1.19197	52.449667	4.1251905	
2.8	2.3174303	1.1998558	16.41797	3.9610833	
3	2.3366656	1.2581102	-40.340387	5.9777132	
3.2	2.3328828	1.315267	4.2004834	6.4166752	
3.3	2.330001	1.4110343	-20.713983	8.3067845	
3.4	2.3192828	1.4831852	-55.164621	5.8590265	
3.6	2.3128725	1.3578077	-64.891616	3.5693821	
3.8	2.3177156	1.4327839	-90.421778	8.7843656	
4	2.3406739	1.5182018	-60.2745	7.1800519	
4.4	2.3548934	1.382145	-14.965959	7.9228975	
4.5	2.361526	1.3485024	86.04089	10.247383	
4.8	2.3124045	1.328168	104.54669	12.910048	
5	2.3007627	1.3132161	67.717676	8.1383093	
5.5	2.2888148	1.3000206	124.74132	5.9394577	
6	2.3124912	1.5621506	28.665034	1.7114454	
6.47	2.3060668	1.2223601	142.36333	3.8103832	
8	2.2642195	1.5399309	-21.173806	1.921175	
9	2.1991794	1.6031334	-94.416184	-2.5327324	
10	2.2153038	1.5686603	-202.3017	-4.5672856	
11	2.1713428	1.6698981	-62.837918	-10.117574	
12	2.1474466	1.6603983	-68.859862	-5.263818	
13	2.1208002	1.7306454	-52.164436	-8.6947184	
14	2.0947481	1.808088	-37.92781	-4.3806262	
15	2.0898042	1.7060112	-28.952065	-1.9766536	
16	2.0923566	1.8944833	-37.261709	0.39577112	
17	2.0713123	1.9197428	147.4701	-9.0890212	
18	2.0483188	1.917353	92.512363	-0.093239322	
19	2.0357367	1.9224233	57.254602	1.4843509	
20	2.0450268	1.7743377	74.300523	4.1114299	
21	2.0247142	1.8571472	52.827895	3.5685205	
22	2.0124307	1.910415	39.530015	2.870251	
23	2.0065898	1.9391658	28.08367	2.4259342	
24	2.0015578	1.9502941	32.943496	2.1584688	
25	1.9971042	1.9597185	33.081768	2.4793131	
26	1.9943575	1.9587666	33.828588	2.5318419	
27	1.9913719	1.9506553	26.276147	3.0461101	
28	1.9886512	1.9610978	23.298087	3.1832711	
29	1.9843781	1.9668701	7.2024909	2.3798539	
30	1.9811183	1.9711432	-4.8017978	1.9400542	
31	1.9794637	1.9704843	-6.805085	1.9569196	
32	1.9781421	1.9720704	-5.6525422	1.9967991	
33	1.9770511	1.9704899	-5.7712915	2.0318808	
34	1.9749672	1.9669579	-3.8643261	2.0395394	
35	1.9730555	1.9712704	-3.1092507	2.000978	
36	1.9722176	1.9716499	-3.2631889	2.0175664	
37	1.9713127	1.9708645	-3.2372544	2.0191729	
38	1.9702897	1.9695115	-3.2738397	2.0227898	
39	1.9694157	1.9684618	-3.1768105	2.0171171	
40	1.9681824	1.968958	-1.8527137	2.0437824	
41	1.9665661	1.972404	1.5719996	2.0001053	
42	1.9655796	1.9721885	1.9706315	1.9829103	
43	1.9645641	1.9701164	1.5825643	1.9708101	
44	1.9636748	1.969123	1.5536027	1.9690032	
45	1.961041	1.9665359	1.6840633	1.9572337	
50	1.9566906	1.9622257	1.8341525	1.9423144	
55	1.9523998	1.9578915	1.8358103	1.9380379	
60	1.9481327	1.9535868	1.8257366	1.9338951	
65	1.9439026	1.9493292	1.8029704	1.9300484	
70	1.9397468	1.94531	1.7267806	1.9303244	
75	1.9356062	1.9411257	1.7243402	1.9262565	
80	1.9315016	1.9369779	1.721913	1.9222237	
85	1.9274323	1.9328662	1.7194989	1.9182254	


precision, %
wave=450 nm
height, km	60	
0	0.97588744	
0.1	1.2818483	
0.2	1.2684205	
0.3	1.505774	
0.4	1.3086089	
0.5	1.3091745	
0.6	1.2294045	
0.7	1.2699411	
0.8	1.3495272	
0.9	1.3885035	
1	1.4978575	
1.1	1.4637274	
1.2	1.4062256	
1.3	1.4014676	
1.4	1.3423064	
1.5	1.4040845	
1.6	1.4135503	
1.7	1.3906409	
1.8	1.2884536	
1.9	1.2894782	
2	1.2896112	
2.2	1.2525089	
2.4	1.2382699	
2.6	1.2346142	
2.8	1.2337584	
3	1.2872857	
3.2	1.3236053	
3.3	1.314273	
3.4	1.3235796	
3.6	1.2729666	
3.8	1.3200304	
4	1.384696	
4.4	1.4588103	
4.5	1.5735925	
4.8	1.4420805	
5	1.4448486	
5.5	1.4510888	
6	1.8139722	
6.47	1.5468127	
8	1.4044933	
9	1.2095444	
10	1.9193046	
11	1.2575331	
12	1.2631017	
13	1.2143984	
14	1.1180486	
15	1.253248	
16	1.5957281	
17	1.2831924	
18	1.0865329	
19	1.035161	
20	1.35349	
21	1.0594007	
22	0.98753066	
23	0.97662552	
24	0.97065164	
25	0.96919776	
26	0.96775833	
27	0.96177546	
28	0.95870748	
29	0.94188251	
30	0.93249217	
31	0.93121697	
32	0.93066148	
33	0.92981171	
34	0.92701633	
35	0.92471838	
36	0.92495881	
37	0.92488847	
38	0.92482557	
39	0.92486035	
40	0.92470373	
41	0.92260241	
42	0.92277748	
43	0.92305501	
44	0.92308831	
45	0.92302112	
50	0.92294643	
55	0.92295732	
60	0.9229003	
65	0.92281352	
70	0.92273249	
75	0.92273585	
80	0.92273917	
85	0.92274247	


ord=1
wave=450 nm
zenith, km	60	
Stoks:	    0.35332375	  -0.022033626	  0.0003071662	             0	
enhancement factor
0	25.209515	24.928075	91.348233	0	
0.1	3.1475831	2.8088708	72.358552	0	
0.2	2.0669742	2.0728949	1.9047801	0	
0.3	2.0073113	2.0081347	2.0074385	0	
0.4	2.0017456	2.0018878	2.012073	0	
0.5	2.0009943	2.0010014	2.0050838	0	
0.6	2.0007973	2.0007857	2.0077465	0	
0.7	2.0006848	2.0006695	2.007651	0	
0.8	2.0005866	2.0005704	2.0075555	0	
0.9	2.0004913	2.0004749	2.00746	0	
1	2.0003968	2.0003803	2.0073646	0	
1.1	2.0003025	2.000286	2.0072691	0	
1.2	2.0002082	2.0001917	2.0071737	0	
1.3	2.000114	2.0000975	2.0070783	0	
1.4	2.0000198	2.0000034	2.006983	0	
1.5	1.9999257	1.9999092	2.0068876	0	
1.6	1.9998316	1.9998151	2.0067923	0	
1.7	1.9997374	1.999721	2.0066969	0	
1.8	1.9996433	1.9996269	2.0066016	0	
1.9	1.9995493	1.9995328	2.0065064	0	
2	1.9994082	1.9993917	2.0063635	0	
2.2	1.9992201	1.9992037	2.006173	0	
2.4	1.9990322	1.9990157	2.0059826	0	
2.6	1.9988442	1.9988278	2.0057923	0	
2.8	1.9986564	1.99864	2.0056021	0	
3	1.9984686	1.9984522	2.0054119	0	
3.2	1.9983278	1.9983114	2.0052693	0	
3.3	1.998234	1.9982176	2.0051743	0	
3.4	1.9980933	1.9980769	2.0050318	0	
3.6	1.9979057	1.9978893	2.0048418	0	
3.8	1.9977183	1.9977018	2.0046519	0	
4	1.9974372	1.9974208	2.0043673	0	
4.4	1.997203	1.9971866	2.0041301	0	
4.5	1.9970158	1.9969994	2.0039405	0	
4.8	1.9967819	1.9967655	2.0037036	0	
5	1.9964546	1.9964382	2.0033721	0	
5.5	1.9959873	1.995971	2.0028989	0	
6	1.9955346	1.9955182	2.0024404	0	
6.47	1.9946024	1.9945861	2.0014964	0	
8	1.9934255	1.9934092	2.0003045	0	
9	1.9924971	1.9924809	1.9993643	0	
10	1.9915705	1.9915543	1.9984259	0	
11	1.9906456	1.9906294	1.9974893	0	
12	1.9897224	1.9897063	1.9965544	0	
13	1.988801	1.9887848	1.9956213	0	
14	1.9878812	1.9878651	1.99469	0	
15	1.9869632	1.9869471	1.9937603	0	
16	1.9860468	1.9860308	1.9928324	0	
17	1.9851322	1.9851162	1.9919063	0	
18	1.9842193	1.9842032	1.9909818	0	
19	1.983308	1.983292	1.9900591	0	
20	1.9823984	1.9823824	1.9891381	0	
21	1.9814905	1.9814746	1.9882188	0	
22	1.9805843	1.9805684	1.9873012	0	
23	1.9796797	1.9796638	1.9863853	0	
24	1.9787768	1.9787609	1.9854711	0	
25	1.9778755	1.9778597	1.9845585	0	
26	1.9769759	1.9769601	1.9836477	0	
27	1.976078	1.9760622	1.9827386	0	
28	1.9751817	1.9751659	1.9818311	0	
29	1.974287	1.9742713	1.9809253	0	
30	1.973394	1.9733783	1.9800211	0	
31	1.9725025	1.9724869	1.9791186	0	
32	1.9716128	1.9715971	1.9782178	0	
33	1.9707246	1.970709	1.9773186	0	
34	1.969838	1.9698225	1.9764211	0	
35	1.9689531	1.9689375	1.9755252	0	
36	1.9680698	1.9680542	1.9746309	0	
37	1.967188	1.9671725	1.9737383	0	
38	1.9663079	1.9662924	1.9728473	0	
39	1.9654293	1.9654139	1.9719579	0	
40	1.9645524	1.9645369	1.9710701	0	
41	1.963677	1.9636616	1.970184	0	
42	1.9628032	1.9627878	1.9692995	0	
43	1.9619309	1.9619156	1.9684165	0	
44	1.9610603	1.9610449	1.9675352	0	
45	1.9584592	1.958444	1.9649023	0	
50	1.9541525	1.9541373	1.960543	0	
55	1.9498839	1.9498689	1.9562227	0	
60	1.9456531	1.9456382	1.9519407	0	
65	1.9414595	1.9414447	1.9476967	0	
70	1.9373025	1.9372878	1.94349	0	
75	1.9331817	1.9331671	1.9393201	0	
80	1.9290965	1.9290821	1.9351865	0	
85	1.9250466	1.9250323	1.9310888	0	


precision, %
wave=450 nm
height, km	60	
0	0.065127388	
0.1	0.080054746	
0.2	0.05950929	
0.3	0.060393947	
0.4	0.060529645	
0.5	0.060578305	
0.6	0.060599199	
0.7	0.060599753	
0.8	0.060599876	
0.9	0.060599909	
1	0.06059992	
1.1	0.060599925	
1.2	0.060599929	
1.3	0.060599932	
1.4	0.060599934	
1.5	0.060599936	
1.6	0.060599939	
1.7	0.060599941	
1.8	0.060599944	
1.9	0.060599946	
2	0.06059995	
2.2	0.060599954	
2.4	0.060599959	
2.6	0.060599964	
2.8	0.060599968	
3	0.060599973	
3.2	0.060599977	
3.3	0.060599979	
3.4	0.060599982	
3.6	0.060599987	
3.8	0.060599992	
4	0.060599999	
4.4	0.060600005	
4.5	0.060600009	
4.8	0.060600015	
5	0.060600023	
5.5	0.060600035	
6	0.060600046	
6.47	0.06060007	
8	0.060600099	
9	0.060600122	
10	0.060600145	
11	0.060600168	
12	0.060600191	
13	0.060600214	
14	0.060600237	
15	0.06060026	
16	0.060600282	
17	0.060600305	
18	0.060600328	
19	0.06060035	
20	0.060600373	
21	0.060600396	
22	0.060600418	
23	0.06060044	
24	0.060600463	
25	0.060600485	
26	0.060600507	
27	0.060600529	
28	0.060600552	
29	0.060600574	
30	0.060600596	
31	0.060600618	
32	0.06060064	
33	0.060600662	
34	0.060600683	
35	0.060600705	
36	0.060600727	
37	0.060600749	
38	0.06060077	
39	0.060600792	
40	0.060600813	
41	0.060600835	
42	0.060600856	
43	0.060600878	
44	0.060600899	
45	0.060600963	
50	0.060601068	
55	0.060601172	
60	0.060601275	
65	0.060601377	
70	0.060601478	
75	0.060601578	
80	0.060601677	
85	0.060601774	


