RT Model MCC++	 O.Postylyakov	ver.72
MixedSimC<atmos::StoksC,MCSimC<atmos::StoksC,MCWMethodC<atmos::StoksC,SphericalGeomT>>,SSSimC<atmos::StoksC,MCSimC<atmos::StoksC,MSSMethodC<atmos::StoksC,SphericalGeomT,1000>>>>	ps::cLCG2C	Density: double	AMFs: Yes	ORDERS_ACCOUNT: ATM_COLLGS_ORDERS
photons passed	base/max expendeture	EPS-breakes	MaxCollgs-Breaks	MinPhWgt-Breaks	average colligions
20400	0.030779/0.0394539	0	0	0	3.24157	
SpecialSamplingCollgs	ForceCollgSimul	EPS	ssEPS	MaxCollgs	MinPhWgt	BaseMod	
1	0	0.001	1e-12	500	1e-300	0	
Albedo	time	IY
0.05	0.03965	{ 23687490 545010424 ; 40014 40692 2147483563 2147483399 }	
 -6370.99	 -6370.99	 -5791.81	 -5212.63	 -4633.45	 -4054.27	 -3475.09	  -2895.9	 -2316.72	 -1737.54	 -1158.36	 -579.181	-9.09495e-13	  12.8571	  25.7143	  38.5714	  51.4286	  64.2857	  77.1429	       90	
        0	        0	0.0080361	 0.024108	 0.040179	 0.056251	 0.072322	 0.088394	  0.10447	  0.12054	  0.13661	  0.15268	  0.16875	0.0039284	0.0039364	0.0039443	0.0039522	0.0039601	 0.003968	 0.003976	
        0	        0	        0	        0	        0	        0	        0	        0	        0	        0	        0	        0	        0	        0	        0	        0	        0	        0	        0	        0	
        0	        0	        0	        0	        0	        0	        0	        0	        0	        0	        0	        0	        0	        0	        0	        0	        0	        0	        0	        0	

-------------------------------------------------
tet=87  fi=0
	60	
450	0.05034	

	60	
450	0.31927	

	60	
450	0.64013	



ord=1
	60	
450	47.933	

	60	
450	3.2553	

	60	
450	0.015139	

enhancement factor
ord=0
wave=450 nm
zenith, km	60	
Stoks:	     3.1629806	  -0.010098321	  0.0029425463	-6.4269349e-05	
enhancement factor
0	16.450683	10.316113	11.997773	2.6419592	
0.1	10.213869	-10.664643	15.388148	38.592678	
0.2	6.5330554	-19.30703	11.635941	19.04429	
0.3	4.6731645	-21.99179	0.73834811	11.328226	
0.4	3.6967638	-23.605159	6.0987171	5.3059618	
0.5	3.1771212	-22.452555	8.4838632	0.43477639	
0.6	2.8336149	-21.177884	6.2022467	-14.690594	
0.7	2.6394637	-19.486259	7.5122884	-20.56569	
0.8	2.5242896	-18.886607	6.5403781	-12.375272	
0.9	2.4357046	-18.114161	2.0680985	-19.349861	
1	2.3751826	-18.196318	2.2414539	-6.9431332	
1.1	2.3353948	-17.957343	3.1842909	-1.2854062	
1.2	2.3048037	-17.261701	-0.32859947	-3.6173343	
1.3	2.281972	-16.547008	-0.80567883	-12.712915	
1.4	2.2654426	-15.99925	5.6698673	-5.8312995	
1.5	2.244752	-15.356881	4.7715922	-8.1548108	
1.6	2.2391011	-15.912576	3.4224526	-9.7494299	
1.7	2.2329064	-15.78818	4.1369916	-10.413668	
1.8	2.2207108	-14.748236	3.3658717	-11.638127	
1.9	2.2184819	-15.051337	5.5535526	-14.602552	
2	2.2027646	-14.806266	4.4141554	-5.6690632	
2.2	2.1821776	-12.341844	-1.3385551	-14.420884	
2.4	2.181605	-12.910015	-2.6945847	-29.885109	
2.6	2.1821619	-13.282037	-7.6280676	-42.135651	
2.8	2.1788057	-12.806512	-9.6587494	-47.315395	
3	2.1708209	-10.537946	-3.9852395	-30.349243	
3.2	2.1651555	-9.4332237	-6.9093362	-12.546315	
3.3	2.1637327	-9.7121963	-7.573937	-3.3135141	
3.4	2.1629561	-9.5594251	-2.5515044	8.2661833	
3.6	2.1533526	-8.7547919	1.7179739	-1.2413126	
3.8	2.1508649	-9.2244637	-2.8519806	-24.694536	
4	2.1479757	-9.292847	-4.3409097	-18.279482	
4.4	2.1513175	-7.7015654	-13.651829	-22.141094	
4.5	2.1400282	-7.2486799	-9.2373839	-6.0174463	
4.8	2.12776	-6.9616132	-2.7149496	-0.010525308	
5	2.1252137	-7.0619572	-4.8389237	-8.0005014	
5.5	2.1140146	-6.9324409	-4.7246528	-20.522674	
6	2.1151344	-8.0498656	-4.2104998	-36.700583	
6.47	2.1150883	-8.715372	-2.2529113	-16.225123	
8	2.0924096	-5.9226877	0.63300509	3.6730873	
9	2.0863933	-5.5378766	5.2092637	4.2320306	
10	2.0848911	-5.0903336	9.8869245	7.9817065	
11	2.0789906	-4.735329	14.009963	71.626513	
12	2.0638983	-2.829774	12.429599	52.088513	
13	2.0663698	-7.2782583	15.997362	14.689457	
14	2.039903	-4.6467376	8.4047307	7.705295	
15	2.0238292	-2.5306691	6.960085	11.321307	
16	2.0172519	-1.6345987	2.4752006	2.2963622	
17	2.0117041	-0.88937712	3.3586147	-0.11389685	
18	2.0159969	1.2980289	11.75969	32.409186	
19	2.0029189	0.88821173	6.2949147	18.964102	
20	1.9964215	1.2578687	4.7870268	21.74576	
21	1.9925096	1.1482748	3.5267489	16.870728	
22	1.9918928	1.7031923	3.133497	13.675378	
23	1.9882196	1.8774619	2.4692332	11.229625	
24	1.9854894	1.9505113	2.1056567	9.0927335	
25	1.9833538	2.0466457	1.8757012	8.0647866	
26	1.9817803	1.7884463	1.2086244	8.1583057	
27	1.9768348	1.9681592	1.5633589	4.0182021	
28	1.9754864	1.9929188	1.4755653	4.3256109	
29	1.9741398	2.0413802	1.605576	4.0987261	
30	1.9731435	2.0564567	1.639785	4.1986673	
31	1.9721875	2.0559773	1.6602836	4.2554259	
32	1.9706613	2.0373662	2.2271293	2.874304	
33	1.9693045	2.0763071	2.5292319	2.2926218	
34	1.9683021	2.103665	2.5661114	2.2575337	
35	1.9669891	2.0468774	2.5153242	2.7869475	
36	1.9658318	2.0272856	2.5015603	2.8862315	
37	1.9649518	2.0267226	2.4971285	2.8778993	
38	1.963644	1.9962023	2.1052019	2.1612755	
39	1.9626988	1.9898313	2.0274297	2.0194191	
40	1.9618149	1.9854071	2.0012007	1.9787504	
41	1.9609341	1.982342	2.0082846	2.0058614	
42	1.9600702	1.9806725	2.0187116	2.0346336	
43	1.9591973	1.9810715	2.017697	2.0221477	
44	1.958331	1.9801678	2.0167287	2.0212053	
45	1.9557677	1.9799489	1.9927305	1.9986963	
50	1.9515284	1.9797206	1.9504424	1.9596013	
55	1.9472822	1.9752702	1.9459446	1.9554391	
60	1.9430696	1.9707665	1.941954	1.9516026	
65	1.9388941	1.9662795	1.9383244	1.9478512	
70	1.9347573	1.9619256	1.9341855	1.9436498	
75	1.9306565	1.9576097	1.9300842	1.9394851	
80	1.9265911	1.9533337	1.9260152	1.9353566	
85	1.9225606	1.9490955	1.9219812	1.9312637	


precision, %
wave=450 nm
height, km	60	
0	0.5621426	
0.1	0.61987909	
0.2	0.69224714	
0.3	0.73249266	
0.4	0.75486082	
0.5	0.79197562	
0.6	0.78002993	
0.7	0.79671494	
0.8	0.82909397	
0.9	0.84915698	
1	0.84419595	
1.1	0.83687201	
1.2	0.81032457	
1.3	0.80055252	
1.4	0.8275862	
1.5	0.8146236	
1.6	0.79682607	
1.7	0.82792092	
1.8	0.809283	
1.9	0.87840354	
2	0.81012942	
2.2	0.77053886	
2.4	0.82043577	
2.6	0.80471104	
2.8	0.81222428	
3	0.7968192	
3.2	0.83677981	
3.3	0.8627357	
3.4	0.80829479	
3.6	0.77597169	
3.8	0.80438935	
4	0.82287481	
4.4	0.91811832	
4.5	0.78599693	
4.8	0.7780617	
5	0.773846	
5.5	0.75750212	
6	0.84022104	
6.47	0.79750373	
8	0.78898439	
9	0.79832115	
10	0.80048218	
11	0.88732045	
12	0.8063504	
13	1.1648668	
14	0.8219366	
15	0.72051534	
16	0.7153172	
17	0.69602035	
18	0.85112669	
19	0.68307853	
20	0.66854226	
21	0.66518249	
22	0.68053517	
23	0.67376468	
24	0.67102119	
25	0.66593044	
26	0.66254353	
27	0.65335867	
28	0.65199786	
29	0.65105434	
30	0.65061813	
31	0.65048256	
32	0.64570262	
33	0.6433128	
34	0.64308186	
35	0.64255845	
36	0.64253434	
37	0.64252206	
38	0.64006963	
39	0.63969202	
40	0.63954901	
41	0.63950211	
42	0.63948939	
43	0.63950936	
44	0.63950988	
45	0.63974729	
50	0.64017506	
55	0.64017816	
60	0.6401827	
65	0.64018542	
70	0.64018507	
75	0.64018471	
80	0.64018438	
85	0.64018404	


ord=1
wave=450 nm
zenith, km	60	
Stoks:	     1.5161269	  -0.049354759	-9.2908553e-05	             0	
enhancement factor
0	17.721797	17.692877	13.311369	0	
0.1	10.886148	10.976231	-1.2570459	0	
0.2	6.5988938	6.6986747	5.1585887	0	
0.3	4.4842662	4.5620591	4.787582	0	
0.4	3.3962364	3.4526444	4.3125093	0	
0.5	2.8135463	2.8545894	3.941491	0	
0.6	2.4900271	2.5201122	3.8191897	0	
0.7	2.3043066	2.324999	2.9909529	0	
0.8	2.1944049	2.20946	2.5257011	0	
0.9	2.1274616	2.1390288	2.3580879	0	
1	2.0854437	2.0946498	2.3425592	0	
1.1	2.0583523	2.0656475	2.1093158	0	
1.2	2.0404473	2.0464166	1.9878605	0	
1.3	2.0283422	2.0333828	2.0140219	0	
1.4	2.0199968	2.0242318	2.0136499	0	
1.5	2.0141121	2.0176833	1.9975274	0	
1.6	2.009884	2.0129449	2.0124774	0	
1.7	2.0067926	2.0094308	2.0269176	0	
1.8	2.0044899	2.0067515	2.0215771	0	
1.9	2.0027443	2.0047171	2.0189804	0	
2	2.0008814	2.0025179	2.0038965	0	
2.2	1.9991575	2.0004662	1.988968	0	
2.4	1.998017	1.9990971	1.9868939	0	
2.6	1.9972128	1.998125	1.9867863	0	
2.8	1.9966113	1.9973947	1.9866767	0	
3	1.996135	1.9967908	1.9907411	0	
3.2	1.9958315	1.9964157	1.9944322	0	
3.3	1.9956519	1.9961996	1.9943445	0	
3.4	1.9954069	1.9959063	1.9942129	0	
3.6	1.9951085	1.9955486	1.9969695	0	
3.8	1.9948363	1.9952181	2.0052282	0	
4	1.9944663	1.9947912	2.004841	0	
4.4	1.9941741	1.9944587	2.0045207	0	
4.5	1.993954	1.9942117	2.0042668	0	
4.8	1.9936858	1.9939137	2.0039512	0	
5	1.9933246	1.9935181	2.0035138	0	
5.5	1.9928226	1.9929757	2.002896	0	
6	1.9923472	1.9924693	2.0023045	0	
6.47	1.9913878	1.9914629	1.9912121	0	
8	1.9901915	1.9902271	1.9899317	0	
9	1.9892565	1.9892718	1.9895757	0	
10	1.9883266	1.9883287	1.9888305	0	
11	1.9874009	1.9873946	1.9879143	0	
12	1.9864787	1.9864657	1.9871026	0	
13	1.9855592	1.9855412	1.9862724	0	
14	1.9846422	1.9846207	1.9853567	0	
15	1.9837274	1.9837034	1.9844427	0	
16	1.9828147	1.9827889	1.9835281	0	
17	1.981904	1.9818769	1.9826166	0	
18	1.9809952	1.9809672	1.9817078	0	
19	1.9800884	1.9800596	1.9808007	0	
20	1.9791834	1.9791541	1.9798952	0	
21	1.9782802	1.9782504	1.9789914	0	
22	1.9773789	1.9773487	1.9780893	0	
23	1.9764793	1.9764487	1.9771888	0	
24	1.9755814	1.9755506	1.97629	0	
25	1.9746852	1.9746542	1.9753926	0	
26	1.9737907	1.9737596	1.9744954	0	
27	1.9728979	1.9728666	1.9736015	0	
28	1.9720068	1.9719754	1.9727081	0	
29	1.9711173	1.9710858	1.9718175	0	
30	1.9702294	1.9701979	1.9709261	0	
31	1.9693432	1.9693117	1.9700376	0	
32	1.9684586	1.9684271	1.9691519	0	
33	1.9675756	1.9675441	1.9682678	0	
34	1.9666943	1.9666627	1.9673853	0	
35	1.9658145	1.9657829	1.9665044	0	
36	1.9649363	1.9649047	1.9656251	0	
37	1.9640597	1.9640282	1.9647472	0	
38	1.9631847	1.9631532	1.9638709	0	
39	1.9623113	1.9622798	1.9629964	0	
40	1.9614394	1.961408	1.9621234	0	
41	1.9605692	1.9605378	1.961252	0	
42	1.9597005	1.9596691	1.9603822	0	
43	1.9588333	1.958802	1.959514	0	
44	1.9579677	1.9579364	1.9586473	0	
45	1.9553818	1.9553506	1.9560581	0	
50	1.9511	1.951069	1.9517709	0	
55	1.9468561	1.9468254	1.9475216	0	
60	1.9426495	1.9426191	1.9433096	0	
65	1.9384799	1.9384496	1.9391346	0	
70	1.9343465	1.9343165	1.9349961	0	
75	1.9302491	1.9302193	1.9308935	0	
80	1.9261869	1.9261574	1.9268263	0	
85	1.9221597	1.9221304	1.922794	0	


precision, %
wave=450 nm
height, km	60	
0	0.014608904	
0.1	0.014710712	
0.2	0.013737953	
0.3	0.013115184	
0.4	0.012738753	
0.5	0.013192799	
0.6	0.013536552	
0.7	0.01400066	
0.8	0.014221738	
0.9	0.014435685	
1	0.014513548	
1.1	0.014705577	
1.2	0.014829698	
1.3	0.014911523	
1.4	0.014979536	
1.5	0.015009175	
1.6	0.015004922	
1.7	0.015028017	
1.8	0.015045323	
1.9	0.015060625	
2	0.015095527	
2.2	0.015113945	
2.4	0.015122671	
2.6	0.0151274	
2.8	0.015130596	
3	0.015138609	
3.2	0.015140814	
3.3	0.01514147	
3.4	0.01514227	
3.6	0.015142935	
3.8	0.015143146	
4	0.015143845	
4.4	0.015144305	
4.5	0.015144571	
4.8	0.01514485	
5	0.015145134	
5.5	0.015145435	
6	0.015145641	
6.47	0.015147229	
8	0.015147436	
9	0.015147518	
10	0.015147574	
11	0.015147612	
12	0.015147635	
13	0.015147651	
14	0.015147662	
15	0.015147668	
16	0.015147671	
17	0.015147672	
18	0.01514767	
19	0.015147667	
20	0.015147663	
21	0.015147657	
22	0.01514765	
23	0.015147642	
24	0.015147634	
25	0.015147626	
26	0.015147616	
27	0.015147607	
28	0.015147597	
29	0.015147588	
30	0.015147578	
31	0.015147568	
32	0.015147558	
33	0.015147547	
34	0.015147537	
35	0.015147527	
36	0.015147517	
37	0.015147506	
38	0.015147496	
39	0.015147486	
40	0.015147475	
41	0.015147465	
42	0.015147455	
43	0.015147444	
44	0.015147434	
45	0.015147403	
50	0.015147353	
55	0.015147302	
60	0.015147252	
65	0.015147203	
70	0.015147154	
75	0.015147106	
80	0.015147058	
85	0.015147011	


-------------------------------------------------
tet=87  fi=90
	60	
450	0.01987499	

	60	
450	-23.890366	

	60	
450	0.96123724	



ord=1
	60	
450	28.356651	

	60	
450	-31.828588	

	60	
450	0.064751124	

enhancement factor
ord=0
wave=450 nm
zenith, km	60	
Stoks:	     1.2487824	    0.29833869	  -0.066964573	-0.00075257646	
enhancement factor
0	15.21901	15.403224	17.490948	24.716938	
0.1	9.3058658	9.8469373	12.224611	24.310499	
0.2	6.2951524	6.7806348	9.4092052	22.553346	
0.3	4.6797262	5.158588	7.5960431	14.988107	
0.4	3.8070107	4.2520786	5.9860695	13.348832	
0.5	3.327078	3.6924654	5.275793	11.293843	
0.6	3.0207575	3.3678492	4.8744087	9.5846932	
0.7	2.8442208	3.1140542	4.4490733	8.2705221	
0.8	2.7304876	2.9463203	4.3179094	6.5586575	
0.9	2.6281051	2.8742154	4.2089164	7.3972704	
1	2.5857105	2.7729377	4.1648554	8.0324306	
1.1	2.5402298	2.7440649	3.9136132	7.6293887	
1.2	2.5269601	2.7031131	3.9432975	7.8432203	
1.3	2.5136292	2.7238353	3.5975544	6.3843859	
1.4	2.4802351	2.6147039	3.738497	7.8523413	
1.5	2.4456268	2.5831587	3.580615	6.2780865	
1.6	2.459361	2.6106704	3.4486697	4.8477785	
1.7	2.45543	2.6187026	3.5275384	4.1761606	
1.8	2.4288945	2.5481407	3.494417	5.8858661	
1.9	2.4279044	2.5470297	3.3888835	6.3404528	
2	2.4074438	2.5207217	3.287735	4.9218583	
2.2	2.381109	2.4793891	3.3015247	3.1082372	
2.4	2.3875162	2.4836014	3.3260815	1.6559251	
2.6	2.3889128	2.4636288	3.4838629	0.85500981	
2.8	2.3683421	2.4371453	3.4411333	-0.39168668	
3	2.3550081	2.4142508	3.2401989	-0.39442309	
3.2	2.3436247	2.3817677	3.3407657	0.52062357	
3.3	2.3646456	2.405093	3.3376209	1.9119773	
3.4	2.3641733	2.4005963	3.1560698	2.7451721	
3.6	2.3352644	2.36725	2.9593221	2.2776694	
3.8	2.3412001	2.3904957	3.0880686	0.66181743	
4	2.3439811	2.3873758	3.1911224	1.3276973	
4.4	2.3399963	2.3376126	3.3747653	1.6285312	
4.5	2.332842	2.337479	3.2715982	1.4750297	
4.8	2.2897015	2.3113035	2.9577537	1.7013878	
5	2.2862829	2.3090509	3.0387713	0.87948886	
5.5	2.2685529	2.3191675	3.029842	0.437665	
6	2.2833673	2.3455806	3.0019327	-0.37547281	
6.47	2.2754973	2.3599456	3.0055165	1.5912294	
8	2.2231592	2.2661839	2.7240457	1.3175171	
9	2.2084148	2.234483	2.5374186	2.7921772	
10	2.2145026	2.2325945	2.5066649	2.8911438	
11	2.2185117	2.2350839	1.8797836	11.693889	
12	2.1684132	2.1649339	2.0461857	7.2161983	
13	2.1710507	2.2554111	1.8383018	3.1333758	
14	2.1205419	2.1648915	2.1429873	2.7460476	
15	2.0784581	2.1106532	2.0450636	3.2155354	
16	2.0639574	2.08775	2.1559233	2.6747378	
17	2.0567373	2.0721516	2.019751	1.8917806	
18	2.0614643	2.0276761	1.8034661	4.2832286	
19	2.0349088	2.022154	1.9194749	3.4828422	
20	2.0208884	2.0069	1.9558066	3.5906034	
21	2.0135934	2.0087776	1.9940095	3.2357403	
22	2.0112303	2.0053216	2.0346221	3.0390234	
23	2.0018331	1.9963375	2.0571296	2.7588099	
24	1.9963871	1.9908596	2.0706665	2.4326089	
25	1.992524	1.9862039	2.064055	2.3723108	
26	1.9907718	1.9906798	2.0520555	2.8288025	
27	1.9829537	1.9791156	2.0226692	2.2442185	
28	1.9810611	1.9770034	2.0184349	2.176161	
29	1.9793708	1.9747023	2.0141406	2.1209472	
30	1.9782406	1.9736497	2.0133277	2.1092976	
31	1.9771445	1.9728425	2.0110504	2.1094958	
32	1.9746223	1.9724981	1.9891728	1.993852	
33	1.972557	1.97027	1.9759674	1.9454742	
34	1.971372	1.9684511	1.9730546	1.9394225	
35	1.9697403	1.9689271	1.9733383	1.9912661	
36	1.9684398	1.9684684	1.973021	2.0102646	
37	1.9675562	1.9675859	1.9721772	2.0090507	
38	1.9665482	1.9667338	1.9717653	2.0036709	
39	1.9656694	1.9658594	1.9711931	2.0020651	
40	1.9648039	1.9648101	1.9718758	2.0000519	
41	1.9638897	1.9638716	1.9711181	1.9976711	
42	1.9629821	1.9627929	1.9702342	1.9853424	
43	1.9620778	1.9618068	1.9692891	1.9781831	
44	1.9612067	1.9609363	1.9684068	1.9772886	
45	1.9586319	1.9583309	1.9661642	1.9703728	
50	1.9543744	1.9540167	1.9625023	1.9584811	
55	1.9501063	1.9497485	1.958172	1.9541733	
60	1.9458701	1.9455206	1.9538526	1.9499233	
65	1.9416729	1.9413312	1.9495423	1.9457139	
70	1.9375139	1.9371749	1.9453209	1.9415133	
75	1.9333912	1.9330548	1.9411365	1.9373495	
80	1.9293041	1.9289703	1.9369887	1.9332221	
85	1.9252522	1.924921	1.932877	1.9291305	


precision, %
wave=450 nm
height, km	60	
0	0.95659483	
0.1	1.084444	
0.2	1.1726792	
0.3	1.184108	
0.4	1.2313464	
0.5	1.2218468	
0.6	1.2234456	
0.7	1.2898046	
0.8	1.317502	
0.9	1.3103963	
1	1.282865	
1.1	1.2488778	
1.2	1.3376437	
1.3	1.6651916	
1.4	1.3527696	
1.5	1.2568357	
1.6	1.3790782	
1.7	1.4620933	
1.8	1.4180692	
1.9	1.4575334	
2	1.253511	
2.2	1.2259703	
2.4	1.3435427	
2.6	1.4260484	
2.8	1.3639157	
3	1.2652723	
3.2	1.352689	
3.3	1.5759609	
3.4	1.5179213	
3.6	1.3583146	
3.8	1.4832035	
4	1.5604055	
4.4	1.5691611	
4.5	1.6182961	
4.8	1.3003288	
5	1.3304543	
5.5	1.2863631	
6	1.648824	
6.47	1.3963212	
8	1.3966308	
9	1.4507394	
10	1.5289412	
11	2.4835537	
12	1.6206739	
13	2.2461545	
14	1.5780341	
15	1.1764361	
16	1.1381366	
17	1.1791788	
18	1.4047067	
19	1.0776832	
20	1.027564	
21	1.0186422	
22	1.0494144	
23	1.0149417	
24	1.0044289	
25	0.99359318	
26	1.0035819	
27	0.97852249	
28	0.97980628	
29	0.97784784	
30	0.97668085	
31	0.97586702	
32	0.964472	
33	0.96077576	
34	0.96088338	
35	0.96050025	
36	0.96056704	
37	0.96058557	
38	0.96085952	
39	0.9608625	
40	0.96090101	
41	0.96100664	
42	0.96108918	
43	0.96109659	
44	0.96109694	
45	0.9610957	
50	0.96109725	
55	0.96109796	
60	0.96110562	
65	0.96110762	
70	0.96110813	
75	0.96110858	
80	0.96110915	
85	0.96110972	


ord=1
wave=450 nm
zenith, km	60	
Stoks:	    0.35411288	    0.11270913	    0.19525556	             0	
enhancement factor
0	14.382329	14.250986	14.240213	0	
0.1	8.1445869	8.202585	8.2138436	0	
0.2	5.173644	5.2475732	5.2565568	0	
0.3	3.7158122	3.7817784	3.7857734	0	
0.4	2.9690417	3.0181124	3.0194253	0	
0.5	2.5679957	2.6031878	2.6035923	0	
0.6	2.3443851	2.3694227	2.3694769	0	
0.7	2.2154162	2.2340371	2.2336076	0	
0.8	2.1390208	2.1526431	2.1522538	0	
0.9	2.0925724	2.1024706	2.1022062	0	
1	2.0632282	2.0707051	2.0704939	0	
1.1	2.0441658	2.0500103	2.0498717	0	
1.2	2.0314446	2.036041	2.0359915	0	
1.3	2.0227483	2.0263835	2.0263882	0	
1.4	2.0167326	2.0196111	2.0196401	0	
1.5	2.0124238	2.0147618	2.0148022	0	
1.6	2.0092829	2.0112102	2.0112516	0	
1.7	2.0069642	2.0085709	2.0086053	0	
1.8	2.0052145	2.0065832	2.0066044	0	
1.9	2.0038693	2.0050404	2.0050576	0	
2	2.0023933	2.0033513	2.0033686	0	
2.2	2.0009764	2.0017481	2.001766	0	
2.4	2.0000172	2.0006378	2.000657	0	
2.6	1.999318	1.9998247	1.9998455	0	
2.8	1.9987759	1.9991981	1.9992199	0	
3	1.9983258	1.9987042	1.9987128	0	
3.2	1.9980343	1.9983805	1.9983838	0	
3.3	1.9978603	1.9981838	1.9981874	0	
3.4	1.9976194	1.9979134	1.9979173	0	
3.6	1.9973214	1.9975851	1.9975862	0	
3.8	1.9970442	1.9972889	1.9972812	0	
4	1.9966665	1.9968777	1.9968705	0	
4.4	1.9963671	1.9965548	1.9965479	0	
4.5	1.9961401	1.9963123	1.9963056	0	
4.8	1.9958634	1.9960186	1.9960121	0	
5	1.9954902	1.995626	1.9956197	0	
5.5	1.9949722	1.9950854	1.9950794	0	
6	1.9944829	1.9945789	1.994573	0	
6.47	1.9934983	1.9935743	1.9935718	0	
8	1.9922798	1.9923339	1.9923317	0	
9	1.9913317	1.9913748	1.9913726	0	
10	1.9903919	1.990427	1.9904249	0	
11	1.989458	1.9894875	1.9894855	0	
12	1.9885287	1.988554	1.988552	0	
13	1.9876032	1.9876252	1.9876233	0	
14	1.9866807	1.9867004	1.9866984	0	
15	1.9857611	1.9857789	1.9857769	0	
16	1.9848439	1.9848603	1.9848584	0	
17	1.983929	1.9839444	1.9839425	0	
18	1.9830163	1.9830308	1.9830289	0	
19	1.9821056	1.9821194	1.9821175	0	
20	1.9811969	1.9812101	1.9812082	0	
21	1.98029	1.9803028	1.9803009	0	
22	1.9793851	1.9793974	1.9793955	0	
23	1.9784819	1.9784939	1.9784921	0	
24	1.9775805	1.9775923	1.9775904	0	
25	1.9766808	1.9766924	1.9766905	0	
26	1.9757829	1.9757943	1.9757924	0	
27	1.9748867	1.9748979	1.9748961	0	
28	1.9739921	1.9740033	1.9740014	0	
29	1.9730993	1.9731103	1.9731084	0	
30	1.9722081	1.972219	1.9722171	0	
31	1.9713185	1.9713293	1.9713275	0	
32	1.9704306	1.9704414	1.9704395	0	
33	1.9695443	1.969555	1.9695532	0	
34	1.9686596	1.9686703	1.9686685	0	
35	1.9677766	1.9677872	1.9677854	0	
36	1.9668951	1.9669057	1.9669039	0	
37	1.9660153	1.9660258	1.966024	0	
38	1.9651371	1.9651476	1.9651458	0	
39	1.9642604	1.9642709	1.9642691	0	
40	1.9633854	1.9633958	1.963394	0	
41	1.9625119	1.9625223	1.9625205	0	
42	1.96164	1.9616504	1.9616486	0	
43	1.9607696	1.96078	1.9607782	0	
44	1.9599009	1.9599112	1.9599094	0	
45	1.9573055	1.9573157	1.957314	0	
50	1.9530081	1.9530182	1.9530165	0	
55	1.9487488	1.9487589	1.9487571	0	
60	1.9445271	1.9445371	1.9445353	0	
65	1.9403424	1.9403524	1.9403506	0	
70	1.9361943	1.9362042	1.9362025	0	
75	1.9320823	1.9320921	1.9320903	0	
80	1.9280058	1.9280155	1.9280138	0	
85	1.9239644	1.923974	1.9239723	0	


precision, %
wave=450 nm
height, km	60	
0	0.076917805	
0.1	0.083889096	
0.2	0.074649032	
0.3	0.067384983	
0.4	0.062070802	
0.5	0.06164	
0.6	0.061392102	
0.7	0.062230923	
0.8	0.062384783	
0.9	0.062773875	
1	0.062763004	
1.1	0.063354998	
1.2	0.063732803	
1.3	0.063979454	
1.4	0.064197609	
1.5	0.064276228	
1.6	0.064226629	
1.7	0.064300663	
1.8	0.064356934	
1.9	0.064409198	
2	0.064543541	
2.2	0.064611536	
2.4	0.064642794	
2.6	0.064659573	
2.8	0.064671273	
3	0.064703824	
3.2	0.064712711	
3.3	0.064715325	
3.4	0.064718593	
3.6	0.064721454	
3.8	0.064722612	
4	0.06472582	
4.4	0.064728	
4.5	0.064729341	
4.8	0.064730791	
5	0.064732364	
5.5	0.06473413	
6	0.064735426	
6.47	0.064742508	
8	0.064744027	
9	0.064744739	
10	0.064745243	
11	0.064745607	
12	0.064745878	
13	0.064746085	
14	0.064746245	
15	0.064746371	
16	0.064746471	
17	0.06474655	
18	0.064746615	
19	0.064746668	
20	0.064746712	
21	0.064746749	
22	0.064746779	
23	0.064746805	
24	0.064746826	
25	0.064746845	
26	0.064746861	
27	0.064746875	
28	0.064746888	
29	0.064746899	
30	0.064746909	
31	0.064746918	
32	0.064746926	
33	0.064746934	
34	0.064746942	
35	0.064746949	
36	0.064746956	
37	0.064746962	
38	0.064746968	
39	0.064746974	
40	0.06474698	
41	0.064746985	
42	0.064746991	
43	0.064746996	
44	0.064747002	
45	0.064747017	
50	0.064747043	
55	0.064747067	
60	0.064747091	
65	0.064747115	
70	0.064747138	
75	0.064747161	
80	0.064747184	
85	0.064747207	


-------------------------------------------------
tet=87  fi=180
	60	
450	0.019892886	

	60	
450	8.7645206	

	60	
450	0.99752438	



ord=1
	60	
450	29.904981	

	60	
450	9.0629589	

	60	
450	0.061282272	

enhancement factor
ord=0
wave=450 nm
zenith, km	60	
Stoks:	     1.2499069	   -0.10954835	-0.00095895006	-4.6826341e-05	
enhancement factor
0	15.257747	12.089931	-12.16236	-28.299903	
0.1	9.344592	5.4600211	-80.687652	-51.680593	
0.2	6.2792031	2.7570935	-28.365799	3.5258722	
0.3	4.6630925	1.426903	0.21082742	-13.563438	
0.4	3.7924369	0.8160203	-17.34365	-2.2530388	
0.5	3.2896147	0.86303578	-10.607175	2.8114777	
0.6	2.9951745	0.76542687	-8.1375789	9.5467797	
0.7	2.8455865	0.81014115	-12.647054	-12.656371	
0.8	2.7274052	0.79400511	7.5735103	-8.8233332	
0.9	2.630676	0.6735032	11.074762	15.908726	
1	2.5774741	0.74727001	14.92401	33.425026	
1.1	2.5409527	0.67943985	11.224267	22.735829	
1.2	2.5180838	0.85358249	20.47751	18.482527	
1.3	2.4819332	0.84037805	7.4991535	-2.3243862	
1.4	2.4803179	0.90232505	23.125883	10.420646	
1.5	2.4403036	1.005521	9.5819756	1.6909946	
1.6	2.4329352	0.93739047	2.8329965	-16.512013	
1.7	2.4270338	0.89516953	8.8644652	-30.048069	
1.8	2.4081943	1.0392573	16.71508	-3.7027274	
1.9	2.3970421	1.0256083	9.6453111	-4.0404644	
2	2.391014	1.0153962	2.9349279	-2.6203961	
2.2	2.3615428	1.1822415	12.01344	-4.6320787	
2.4	2.3692703	1.2062315	9.9624585	-12.189406	
2.6	2.3675623	1.1293666	21.108193	-26.967042	
2.8	2.3475356	1.2557267	17.457791	-29.010084	
3	2.3381072	1.3455689	11.803037	-16.634655	
3.2	2.3293815	1.3908229	19.215515	-9.7141663	
3.3	2.349259	1.3795828	20.022947	-20.500819	
3.4	2.3574381	1.4664451	23.908864	2.3631192	
3.6	2.3357538	1.4894064	5.4658445	4.6987649	
3.8	2.328584	1.3792331	18.752898	-10.881195	
4	2.3324635	1.3380753	32.088111	-0.91594557	
4.4	2.3340958	1.585853	39.356798	-38.940368	
4.5	2.3207361	1.5160834	37.532844	-30.729514	
4.8	2.2890409	1.5641981	32.429125	5.5020156	
5	2.2812584	1.6036934	28.027062	-6.7171736	
5.5	2.2577633	1.5838643	22.870222	-8.3213922	
6	2.2653497	1.4756375	21.143337	-0.11683093	
6.47	2.2847941	1.3712431	30.388929	-0.55437718	
8	2.2380596	1.5279016	20.40774	6.3004037	
9	2.2171892	1.6388121	5.4669423	17.801757	
10	2.213958	1.7993519	-7.1921932	18.221282	
11	2.1896905	1.7094612	-20.053309	30.678156	
12	2.1630451	1.7417009	-21.424276	48.479162	
13	2.1693392	1.3470846	-19.236447	-21.535014	
14	2.1108042	1.6123476	2.4637709	-10.56326	
15	2.0775374	1.7595803	-1.7706679	0.19045143	
16	2.0596019	1.8353315	2.7476252	-0.86300829	
17	2.0569944	1.8542452	-8.9768555	-19.925341	
18	2.054257	1.9163795	-14.662438	-1.1092184	
19	2.032093	1.941446	-6.3145546	-2.7436283	
20	2.018789	1.9739185	-2.0447484	5.5788955	
21	2.0132548	1.9726194	-0.26603065	4.2350878	
22	2.0173396	2.0195652	-3.0298875	2.6466739	
23	2.0083616	2.0192762	-1.1594941	3.6385378	
24	2.0032994	2.0189984	-0.071619802	4.0959763	
25	1.9994053	2.0201843	0.14454913	4.5639612	
26	1.9960384	1.9977111	-0.74895627	1.151851	
27	1.9859313	1.9798542	2.1698969	4.5524444	
28	1.983864	1.9840843	2.2258882	3.4538525	
29	1.9820186	1.9844526	2.2267247	3.5731089	
30	1.9808502	1.9842157	2.1246504	3.757133	
31	1.9798479	1.9836827	2.0206875	3.7684699	
32	1.9781734	1.9826232	1.2917395	2.3564061	
33	1.9766351	1.9839948	0.89388915	1.590163	
34	1.9755449	1.984512	0.81712695	1.4451289	
35	1.9734677	1.9779639	0.98320038	2.4183972	
36	1.9718191	1.9754934	1.0543256	2.6027923	
37	1.97094	1.9746279	1.0586304	2.598421	
38	1.9695135	1.9717048	1.6573164	2.3523055	
39	1.9685334	1.970532	1.77952	2.3277957	
40	1.9676209	1.9702156	1.8775547	2.3414779	
41	1.9667124	1.9694522	1.8530503	2.2634164	
42	1.9657973	1.9692546	1.8012517	2.0212225	
43	1.9648804	1.9687666	1.7972963	1.919688	
44	1.9640048	1.9678846	1.7966849	1.9188503	
45	1.9614214	1.9654527	1.8367618	1.9505977	
50	1.9571524	1.9614394	1.9078933	2.0069913	
55	1.9528634	1.9571126	1.9043879	2.0023872	
60	1.9485967	1.952813	1.900002	1.998759	
65	1.9443672	1.948549	1.8946908	1.9952845	
70	1.9401867	1.9443351	1.8909332	1.9907116	
75	1.9360427	1.9401581	1.8872025	1.9861803	
80	1.9319346	1.9360177	1.8835091	1.9816899	
85	1.927862	1.9319131	1.8798453	1.9772399	


precision, %
wave=450 nm
height, km	60	
0	0.95025478	
0.1	1.0871928	
0.2	1.1187782	
0.3	1.2433143	
0.4	1.1340237	
0.5	1.156497	
0.6	1.1318545	
0.7	1.2600814	
0.8	1.4353216	
0.9	1.4003111	
1	1.3660326	
1.1	1.3942687	
1.2	1.405097	
1.3	1.3116823	
1.4	1.529609	
1.5	1.2244341	
1.6	1.2168852	
1.7	1.3255368	
1.8	1.3199454	
1.9	1.3374615	
2	1.3080539	
2.2	1.2194895	
2.4	1.2956296	
2.6	1.3738574	
2.8	1.3220877	
3	1.2998214	
3.2	1.3635393	
3.3	1.6301464	
3.4	1.5183981	
3.6	1.3910706	
3.8	1.4182938	
4	1.4673304	
4.4	1.5710378	
4.5	1.5209985	
4.8	1.3551611	
5	1.3347085	
5.5	1.2729332	
6	1.4113193	
6.47	1.5536034	
8	1.5731804	
9	1.55156	
10	1.5542254	
11	1.5579552	
12	1.4963264	
13	2.2566327	
14	1.4758567	
15	1.2079383	
16	1.1178073	
17	1.2018472	
18	1.2770746	
19	1.0748752	
20	1.0332683	
21	1.0183267	
22	1.1152817	
23	1.0629855	
24	1.039347	
25	1.0286986	
26	1.0303778	
27	1.0035533	
28	1.0043622	
29	1.0019451	
30	1.0005147	
31	1.0005671	
32	0.99658426	
33	0.99513515	
34	0.99545244	
35	0.99647863	
36	0.99713428	
37	0.99714994	
38	0.9968535	
39	0.99679317	
40	0.99654197	
41	0.99676345	
42	0.99741121	
43	0.99751957	
44	0.99751959	
45	0.99758098	
50	0.99770243	
55	0.99771247	
60	0.99768881	
65	0.99765989	
70	0.99765892	
75	0.99765792	
80	0.99765702	
85	0.99765612	


ord=1
wave=450 nm
zenith, km	60	
Stoks:	    0.37378442	  -0.033875928	 0.00019422565	             0	
enhancement factor
0	14.402907	14.223736	27.316521	0	
0.1	8.2050778	8.2855728	34.391311	0	
0.2	5.2431139	5.336429	31.183851	0	
0.3	3.7840001	3.8359863	31.206138	0	
0.4	3.0323255	3.0435563	31.279558	0	
0.5	2.6261474	2.6091653	31.30621	0	
0.6	2.3981784	2.3618601	31.216913	0	
0.7	2.2609209	2.2198862	27.72909	0	
0.8	2.1478977	2.1730497	1.7636133	0	
0.9	2.0998562	2.1187636	1.8417402	0	
1	2.0694015	2.0841852	1.8488184	0	
1.1	2.0494995	2.0610738	1.9569346	0	
1.2	2.0361194	2.0454831	2.0130874	0	
1.3	2.0269037	2.0347308	2.0008746	0	
1.4	2.0204713	2.0269717	2.0009293	0	
1.5	2.0158321	2.0212741	2.0082326	0	
1.6	2.0124286	2.0170691	2.0012715	0	
1.7	2.0098987	2.0138795	1.9945193	0	
1.8	2.0079778	2.0113812	1.9968166	0	
1.9	2.0064923	2.0094533	1.997863	0	
2	2.0048517	2.0073088	2.0044802	0	
2.2	2.0032718	2.0052535	2.0109333	0	
2.4	2.0021924	2.0038359	2.0115987	0	
2.6	2.0014026	2.002798	2.0113791	0	
2.8	2.0007907	2.0019976	2.0111603	0	
3	2.0002861	2.0013155	2.0090935	0	
3.2	1.9999604	2.0008891	2.0072595	0	
3.3	1.9997662	2.0006424	2.0071646	0	
3.4	1.9994986	2.0003058	2.0070223	0	
3.6	1.99917	1.9998936	2.0055604	0	
3.8	1.9988669	1.9995109	2.0017115	0	
4	1.998457	1.9990203	2.0014805	0	
4.4	1.9981347	1.9986411	2.0012869	0	
4.5	1.9978922	1.9983608	2.0011311	0	
4.8	1.9975983	1.9980251	2.0009354	0	
5	1.997205	1.9975834	2.0006595	0	
5.5	1.9966632	1.9969852	2.0002624	0	
6	1.9961552	1.9964339	1.9998738	0	
6.47	1.9951426	1.9953562	2.003574	0	
8	1.9938983	1.9940565	2.0024921	0	
9	1.9929362	1.9930661	2.0015481	0	
10	1.9919853	1.9920954	2.0006058	0	
11	1.9910426	1.9911387	1.9996654	0	
12	1.9901061	1.9901915	1.9987267	0	
13	1.9891744	1.9892517	1.9977898	0	
14	1.9882466	1.988318	1.9968547	0	
15	1.9873223	1.9873892	1.9959213	0	
16	1.986401	1.9864644	1.9949897	0	
17	1.9854823	1.985543	1.9940598	0	
18	1.984566	1.9846246	1.9931316	0	
19	1.9836519	1.9837088	1.9922052	0	
20	1.9827399	1.9827954	1.9912805	0	
21	1.98183	1.9818843	1.9903575	0	
22	1.980922	1.9809754	1.9894363	0	
23	1.9800159	1.9800685	1.9885167	0	
24	1.9791117	1.9791636	1.9875987	0	
25	1.9782092	1.9782605	1.9866806	0	
26	1.9773086	1.9773594	1.9857662	0	
27	1.9764096	1.97646	1.9848535	0	
28	1.9755124	1.9755625	1.9839425	0	
29	1.9746169	1.9746667	1.9830331	0	
30	1.9737231	1.9737726	1.9821254	0	
31	1.9728309	1.9728802	1.9812194	0	
32	1.9719405	1.9719895	1.9803151	0	
33	1.9710516	1.9711005	1.9794124	0	
34	1.9701644	1.9702131	1.9785107	0	
35	1.9692788	1.9693274	1.9776109	0	
36	1.9683949	1.9684433	1.9767131	0	
37	1.9675125	1.9675608	1.975817	0	
38	1.9666318	1.96668	1.9749225	0	
39	1.9657527	1.9658007	1.9740297	0	
40	1.9648751	1.9649231	1.9731385	0	
41	1.9639992	1.964047	1.9722489	0	
42	1.9631248	1.9631725	1.971361	0	
43	1.962252	1.9622997	1.9704745	0	
44	1.9613808	1.9614284	1.9695898	0	
45	1.9587781	1.9588254	1.9669468	0	
50	1.9544687	1.9545156	1.9625709	0	
55	1.9501976	1.9502441	1.9582341	0	
60	1.9459643	1.9460103	1.953936	0	
65	1.9417681	1.9418138	1.9496759	0	
70	1.9376087	1.937654	1.9454534	0	
75	1.9334854	1.9335304	1.941268	0	
80	1.9293979	1.9294425	1.9371191	0	
85	1.9253456	1.9253898	1.9330062	0	


precision, %
wave=450 nm
height, km	60	
0	0.072619193	
0.1	0.078605251	
0.2	0.069435383	
0.3	0.062333081	
0.4	0.057282029	
0.5	0.056878609	
0.6	0.056708973	
0.7	0.057664567	
0.8	0.058783301	
0.9	0.059206605	
1	0.059240329	
1.1	0.059823354	
1.2	0.060200291	
1.3	0.06044943	
1.4	0.060667312	
1.5	0.060752989	
1.6	0.060717416	
1.7	0.060793611	
1.8	0.060851905	
1.9	0.060905252	
2	0.061035056	
2.2	0.061103806	
2.4	0.061136861	
2.6	0.061155459	
2.8	0.06116863	
3	0.061200275	
3.2	0.061209582	
3.3	0.061212662	
3.4	0.061216559	
3.6	0.061220237	
3.8	0.061222212	
4	0.061226211	
4.4	0.061228957	
4.5	0.061230684	
4.8	0.061232565	
5	0.061234646	
5.5	0.061237014	
6	0.061238781	
6.47	0.061245909	
8	0.061248064	
9	0.06124912	
10	0.061249885	
11	0.06125045	
12	0.061250881	
13	0.061251216	
14	0.06125148	
15	0.061251692	
16	0.061251865	
17	0.06125201	
18	0.061252133	
19	0.061252239	
20	0.061252332	
21	0.061252414	
22	0.061252486	
23	0.061252552	
24	0.061252612	
25	0.061252668	
26	0.06125272	
27	0.061252769	
28	0.061252816	
29	0.06125286	
30	0.061252903	
31	0.061252945	
32	0.061252985	
33	0.061253025	
34	0.061253064	
35	0.061253102	
36	0.06125314	
37	0.061253177	
38	0.061253214	
39	0.061253251	
40	0.061253287	
41	0.061253323	
42	0.061253358	
43	0.061253394	
44	0.061253429	
45	0.061253534	
50	0.061253706	
55	0.061253876	
60	0.061254044	
65	0.061254209	
70	0.061254373	
75	0.061254535	
80	0.061254695	
85	0.061254854	


