RT Model MCC++	 O.Postylyakov	ver.72
MixedSimC<atmos::StoksC,MCSimC<atmos::StoksC,MCWMethodC<atmos::StoksC,SphericalGeomT>>,SSSimC<atmos::StoksC,MCSimC<atmos::StoksC,MSSMethodC<atmos::StoksC,SphericalGeomT,1000>>>>	ps::cLCG2C	Density: double	AMFs: Yes	ORDERS_ACCOUNT: ATM_COLLGS_ORDERS
photons passed	base/max expendeture	EPS-breakes	MaxCollgs-Breaks	MinPhWgt-Breaks	average colligions
20000	0.0223606/0.0309041	0	0	0	3.22275	
SpecialSamplingCollgs	ForceCollgSimul	EPS	ssEPS	MaxCollgs	MinPhWgt	BaseMod	
1	0	0.001	1e-12	500	1e-300	0	
Albedo	time	IY
0.05	0.0380833	{ 491920456 1775038152 ; 40014 40692 2147483563 2147483399 }	
 -6370.99	 -6370.99	 -5791.81	 -5212.63	 -4633.45	 -4054.27	 -3475.09	  -2895.9	 -2316.72	 -1737.54	 -1158.36	 -579.181	-9.09495e-13	  12.8571	  25.7143	  38.5714	  51.4286	  64.2857	  77.1429	       90	
        0	        0	0.0080361	 0.024108	 0.040179	 0.056251	 0.072322	 0.088394	  0.10447	  0.12054	  0.13661	  0.15268	  0.16875	0.0039284	0.0039364	0.0039443	0.0039522	0.0039601	 0.003968	 0.003976	
        0	        0	        0	        0	        0	        0	        0	        0	        0	        0	        0	        0	        0	        0	        0	        0	        0	        0	        0	        0	
        0	        0	        0	        0	        0	        0	        0	        0	        0	        0	        0	        0	        0	        0	        0	        0	        0	        0	        0	        0	

-------------------------------------------------
tet=82  fi=0
	60	
450	0.073073	

	60	
450	-0.35883	

	60	
450	0.47311	



ord=1
	60	
450	56.467	

	60	
450	1.8556	

	60	
450	0.0079506	

enhancement factor
ord=0
wave=450 nm
zenith, km	60	
Stoks:	     4.5913308	   0.016475202	 0.00045639418	-8.5956718e-05	
enhancement factor
0	7.1233318	13.146723	-10.18974	5.1336298	
0.1	6.6115168	17.578648	-57.283376	7.6307739	
0.2	5.8602179	18.513933	-69.951746	-10.005173	
0.3	5.2100391	20.923187	-13.918781	-9.2926203	
0.4	4.7036802	21.120158	-23.529906	-4.2244535	
0.5	4.3178538	23.368895	30.959316	-8.691303	
0.6	3.9900542	22.071337	82.947259	-13.784696	
0.7	3.7160673	21.037456	7.1588273	-11.070159	
0.8	3.5025887	20.500329	36.05416	-12.491563	
0.9	3.3489762	19.805051	2.0506727	-15.192946	
1	3.1874736	19.463352	14.263972	-14.524678	
1.1	3.0574864	20.750484	14.089131	-29.755939	
1.2	2.9647436	21.190704	-5.1598158	-40.481753	
1.3	2.8823211	20.348756	-30.649653	-42.278076	
1.4	2.7942106	19.685546	-30.584447	-45.44887	
1.5	2.7195233	18.701856	18.259856	-44.622263	
1.6	2.6727441	17.941351	-11.545586	-42.478259	
1.7	2.6174813	17.544799	26.273022	-34.703489	
1.8	2.5671427	18.805815	21.366452	4.2783455	
1.9	2.5309855	17.158531	23.76121	-17.036778	
2	2.4926097	16.394736	52.976546	-5.1784318	
2.2	2.4324022	15.678312	18.550937	-9.7429103	
2.4	2.3947574	15.727762	-0.724473	-10.927437	
2.6	2.3600803	15.569838	69.243125	-3.9692763	
2.8	2.3322289	15.073725	28.858458	-18.632494	
3	2.3108516	15.565148	69.01436	-2.8306519	
3.2	2.3018259	15.746099	68.756286	4.5895455	
3.3	2.2934107	15.402413	34.94877	12.084673	
3.4	2.2784711	14.538636	54.944277	0.78524145	
3.6	2.2629441	13.343488	90.971569	-12.531246	
3.8	2.2433845	14.835159	-12.212839	-11.311573	
4	2.2408389	16.375466	5.9415165	-10.901128	
4.4	2.2336054	16.310729	42.790111	-28.467909	
4.5	2.2289212	15.81151	-49.889979	-23.166369	
4.8	2.2087307	14.964156	-88.199203	-38.049269	
5	2.1963743	14.874211	-41.954638	-52.780927	
5.5	2.1857032	15.937904	21.975966	-25.259171	
6	2.1643107	13.116656	20.308657	-18.975232	
6.47	2.1388424	12.272718	-39.978962	-8.4858197	
8	2.1122724	10.616616	-60.09326	0.49472454	
9	2.0951407	9.1858592	-32.435029	-11.189835	
10	2.0910356	9.1157855	-35.602963	-12.070689	
11	2.0866132	11.520236	-12.387497	-18.826309	
12	2.0656022	7.5318794	-14.511052	-19.868366	
13	2.0518539	6.5338614	5.5431608	-18.344016	
14	2.0459223	6.1499346	15.130558	-12.988782	
15	2.0364031	5.4781624	22.192412	-3.1896236	
16	2.0288233	5.0733136	30.110423	-7.3885839	
17	2.0262137	5.2007851	21.915864	-22.622634	
18	2.0154387	4.5887246	12.646142	-12.004456	
19	2.0079155	3.9445612	5.8763029	-9.0304652	
20	2.0018828	3.6414236	3.2497019	-8.0497482	
21	1.9963994	3.2385832	1.2073698	-7.5054779	
22	1.9927363	3.0270069	-0.67845186	-4.150815	
23	1.9885108	2.908266	-7.8381745	-0.73833278	
24	1.9845381	2.6088729	-4.8096093	-1.0881515	
25	1.9818511	2.5114195	-4.6234923	-1.2517694	
26	1.9801756	2.4846574	-2.7816194	-1.327275	
27	1.9787562	2.4081151	-2.1838602	-0.60174989	
28	1.9766849	2.1460487	0.35445118	2.2907827	
29	1.9751683	2.1327048	0.81854161	2.6632933	
30	1.9736361	2.122859	1.9456552	2.8237799	
31	1.9717055	2.0316359	2.715604	3.6696097	
32	1.9704566	1.9744759	1.3892454	3.5614801	
33	1.9691557	1.9496076	2.0380831	3.3749584	
34	1.9673944	1.9594113	2.528817	2.7084532	
35	1.9663936	1.9694976	2.5460503	2.5407777	
36	1.9654863	1.9634941	2.5404493	2.525141	
37	1.9645282	1.9641972	2.7925522	2.516721	
38	1.9636134	1.9599979	2.7829313	2.5574844	
39	1.9627123	1.9591454	2.7716323	2.5550025	
40	1.9617729	1.9534385	2.7762102	2.5126278	
41	1.9608061	1.9483833	2.9186887	2.3189881	
42	1.959921	1.9474769	2.8891395	2.3053906	
43	1.9590459	1.9468019	2.8813301	2.3025179	
44	1.9581733	1.946126	2.8726771	2.2997408	
45	1.9555461	1.945809	2.8160601	2.2649204	
50	1.9512395	1.9446403	2.8655795	2.2247781	
55	1.946977	1.9385999	2.7794036	2.1255047	
60	1.9427133	1.9321946	2.372655	2.0581328	
65	1.9385186	1.9276303	2.1777632	2.03136	
70	1.9343844	1.9235927	2.1715503	2.0264921	
75	1.9302866	1.9195839	2.165219	2.0216875	
80	1.926224	1.9156059	2.1591433	2.0169512	
85	1.9221962	1.9116593	2.1532715	2.0122176	


precision, %
wave=450 nm
height, km	60	
0	0.48022369	
0.1	0.49623605	
0.2	0.53276216	
0.3	0.49821102	
0.4	0.48505645	
0.5	0.53886087	
0.6	0.559898	
0.7	0.56335884	
0.8	0.5688193	
0.9	0.62601557	
1	0.57115562	
1.1	0.58351239	
1.2	0.62156334	
1.3	0.58806359	
1.4	0.59094969	
1.5	0.61994645	
1.6	0.77981827	
1.7	0.57993239	
1.8	0.6202001	
1.9	0.57014912	
2	0.58077995	
2.2	0.56706956	
2.4	0.56986852	
2.6	0.65203513	
2.8	0.59866134	
3	0.62009811	
3.2	0.65375356	
3.3	0.66103452	
3.4	0.64248732	
3.6	0.66495795	
3.8	0.62930498	
4	0.69531045	
4.4	0.68293702	
4.5	0.73652576	
4.8	0.73473599	
5	0.76396123	
5.5	0.80280115	
6	0.70595286	
6.47	0.63830683	
8	0.65438004	
9	0.64886986	
10	0.6416825	
11	0.90468709	
12	0.61887772	
13	0.59776119	
14	0.58858309	
15	0.54117047	
16	0.57176108	
17	0.58436807	
18	0.52751371	
19	0.50234633	
20	0.49348891	
21	0.49389533	
22	0.49138815	
23	0.49150427	
24	0.48028597	
25	0.47453198	
26	0.47371435	
27	0.4723441	
28	0.47260891	
29	0.47332802	
30	0.47290063	
31	0.4722739	
32	0.47285282	
33	0.47291434	
34	0.4739045	
35	0.47393453	
36	0.47393902	
37	0.47375812	
38	0.47385717	
39	0.47389804	
40	0.47367652	
41	0.47329133	
42	0.47330352	
43	0.47330815	
44	0.47330972	
45	0.47339726	
50	0.47352339	
55	0.473527	
60	0.47339176	
65	0.47332963	
70	0.47332794	
75	0.47332586	
80	0.47332477	
85	0.47332349	


ord=1
wave=450 nm
zenith, km	60	
Stoks:	     2.5925954	  -0.048107289	-4.7816901e-05	             0	
enhancement factor
0	7.1332674	7.0776315	16.547175	0	
0.1	6.6875719	6.7029799	17.209171	0	
0.2	5.8023421	5.8887488	18.14087	0	
0.3	5.1204753	5.2553293	14.242932	0	
0.4	4.587832	4.7505441	11.407415	0	
0.5	4.1668957	4.346716	12.686821	0	
0.6	3.8309959	4.0224706	10.474365	0	
0.7	3.5599808	3.754775	10.199873	0	
0.8	3.3395088	3.5401572	9.8106019	0	
0.9	3.1587902	3.3614125	10.557062	0	
1	3.0093786	3.2120252	10.221116	0	
1.1	2.8847126	3.085856	9.4651864	0	
1.2	2.7799057	2.9797445	10.376344	0	
1.3	2.6911745	2.8886423	10.505535	0	
1.4	2.6155934	2.809321	9.8564268	0	
1.5	2.550863	2.7404296	9.959903	0	
1.6	2.4951428	2.6809081	9.3211079	0	
1.7	2.4469012	2.6282571	8.5761275	0	
1.8	2.4049639	2.5824878	8.1890017	0	
1.9	2.3683424	2.54184	8.0067942	0	
2	2.322513	2.4903986	7.4954502	0	
2.2	2.2719974	2.4326665	7.370955	0	
2.4	2.2320473	2.3850757	7.4701787	0	
2.6	2.2000301	2.3457999	7.3384974	0	
2.8	2.1739049	2.3154312	5.7738224	0	
3	2.1523239	2.2922236	2.8873468	0	
3.2	2.1385628	2.2738168	2.8775981	0	
3.3	2.130535	2.2627333	2.8545545	0	
3.4	2.1199135	2.2477878	2.777035	0	
3.6	2.1074547	2.2295402	2.6009225	0	
3.8	2.0968642	2.2134288	2.6158209	0	
4	2.0840618	2.1927694	2.6419436	0	
4.4	2.0746966	2.1771862	2.5157082	0	
4.5	2.0687377	2.166679	2.3608295	0	
4.8	2.0620376	2.1545581	2.3948117	0	
5	2.0545601	2.1398061	2.4331871	0	
5.5	2.0457851	2.1214433	2.6671436	0	
6	2.0390892	2.106545	2.5100037	0	
6.47	2.0288518	2.0818838	2.0554411	0	
8	2.0187814	2.0568845	2.1767082	0	
9	2.0130398	2.0420395	2.2019713	0	
10	2.008144	2.0305929	2.1695658	0	
11	2.0039451	2.0217669	2.1150325	0	
12	2.0004868	2.0144562	2.0557105	0	
13	1.9974671	2.0083429	2.1003397	0	
14	1.9947411	2.0032706	2.14264	0	
15	1.992257	1.9990197	2.1430264	0	
16	1.9899658	1.9954356	2.1118625	0	
17	1.9878334	1.9923728	2.0831106	0	
18	1.985854	1.9897073	2.0810294	0	
19	1.9840396	1.9873179	2.0496464	0	
20	1.982386	1.9851575	1.9869146	0	
21	1.9808701	1.9832	1.9859492	0	
22	1.9794648	1.9814133	1.9849869	0	
23	1.9781502	1.9797701	1.9840275	0	
24	1.9769097	1.9782261	1.9843884	0	
25	1.9757274	1.9766841	2.0025457	0	
26	1.9746	1.9753499	2.0015012	0	
27	1.973515	1.9740905	2.0014662	0	
28	1.9724628	1.9728906	2.0060728	0	
29	1.9714411	1.971738	2.0050145	0	
30	1.9704436	1.970628	2.0039607	0	
31	1.969467	1.9695568	2.0029114	0	
32	1.9685077	1.9685169	2.0018665	0	
33	1.9675619	1.9675003	2.0008259	0	
34	1.9666277	1.966503	1.9997896	0	
35	1.9657029	1.9655145	1.9843413	0	
36	1.9647865	1.9645339	1.9558786	0	
37	1.9638792	1.9635865	1.9550165	0	
38	1.9629786	1.9626514	1.954156	0	
39	1.9620839	1.961727	1.9532969	0	
40	1.9611942	1.9608117	1.9524395	0	
41	1.9603089	1.9599038	1.9519539	0	
42	1.9594275	1.9590001	1.9540215	0	
43	1.9585498	1.9581057	1.9531562	0	
44	1.9576753	1.9572168	1.9522927	0	
45	1.9550722	1.9545833	1.9494655	0	
50	1.950772	1.9502486	1.941884	0	
55	1.9465209	1.9459806	1.9377134	0	
60	1.9423122	1.9417648	1.9335793	0	
65	1.9381427	1.9375936	1.929481	0	
70	1.9340109	1.9334629	1.9254181	0	
75	1.9299154	1.9293702	1.9213901	0	
80	1.9258556	1.925314	1.9173966	0	
85	1.9218308	1.9212931	1.9134371	0	


precision, %
wave=450 nm
height, km	60	
0	0.012068423	
0.1	0.0097218628	
0.2	0.0089510697	
0.3	0.0081862223	
0.4	0.0073968815	
0.5	0.0068075099	
0.6	0.0065898175	
0.7	0.0063877143	
0.8	0.0064248146	
0.9	0.0064800657	
1	0.0063857486	
1.1	0.006226865	
1.2	0.0063997305	
1.3	0.006441885	
1.4	0.006427742	
1.5	0.0064722706	
1.6	0.0065482537	
1.7	0.0066431791	
1.8	0.0067534679	
1.9	0.0068615368	
2	0.0069519992	
2.2	0.0070801117	
2.4	0.0071923998	
2.6	0.0072600572	
2.8	0.0073621846	
3	0.007409337	
3.2	0.0074398573	
3.3	0.0075043336	
3.4	0.0075444375	
3.6	0.0075585841	
3.8	0.0075780617	
4	0.0075592457	
4.4	0.0075554303	
4.5	0.0075972339	
4.8	0.0076304034	
5	0.0076740215	
5.5	0.007699147	
6	0.0077307504	
6.47	0.0077785432	
8	0.0078150439	
9	0.0078430182	
10	0.0078568416	
11	0.0078706201	
12	0.0078908341	
13	0.0079036939	
14	0.0079145795	
15	0.0079262986	
16	0.0079317388	
17	0.0079365652	
18	0.0079407979	
19	0.0079472396	
20	0.0079565922	
21	0.007958975	
22	0.007960925	
23	0.0079625208	
24	0.0079631635	
25	0.0079599662	
26	0.0079608598	
27	0.0079615905	
28	0.0079621971	
29	0.0079626882	
30	0.0079630894	
31	0.0079634137	
32	0.0079636759	
33	0.0079638901	
34	0.0079640652	
35	0.0079610927	
36	0.0079558185	
37	0.0079559375	
38	0.007956036	
39	0.0079561174	
40	0.0079561847	
41	0.0079562405	
42	0.0079562871	
43	0.0079563249	
44	0.0079563559	
45	0.007956411	
50	0.0079564615	
55	0.0079564671	
60	0.0079564524	
65	0.007956428	
70	0.0079563989	
75	0.0079563676	
80	0.0079563354	
85	0.0079563029	


-------------------------------------------------
tet=82  fi=90
	60	
450	0.024401695	

	60	
450	-25.718494	

	60	
450	0.90082601	



ord=1
	60	
450	29.830767	

	60	
450	-33.24685	

	60	
450	0.045026591	

enhancement factor
ord=0
wave=450 nm
zenith, km	60	
Stoks:	     1.5332037	    0.39431691	  -0.063111606	 -0.0021696076	
enhancement factor
0	7.109872	7.1080001	8.1185354	8.1763439	
0.1	6.4567044	6.6627017	8.4356594	8.1646481	
0.2	5.8820607	6.0806518	8.532171	8.2130738	
0.3	5.3018026	5.6256682	7.3371656	7.5745041	
0.4	4.8352271	5.1869408	6.7631545	7.9028219	
0.5	4.4932789	4.8737276	6.1834832	8.7662644	
0.6	4.2040849	4.5665091	5.557842	7.8139144	
0.7	3.9671257	4.3385458	5.4126194	6.6199277	
0.8	3.783879	4.1501283	5.2273032	6.1212479	
0.9	3.628087	3.9594096	5.4246294	6.0711851	
1	3.4825825	3.8261338	4.8286108	5.1665854	
1.1	3.3618689	3.7565371	4.6783138	4.6559779	
1.2	3.2908157	3.6590633	4.9661549	4.1167441	
1.3	3.2189754	3.5670244	4.4299881	3.3528999	
1.4	3.1134049	3.4142283	4.181105	3.3605013	
1.5	3.0233287	3.3179209	3.7021055	3.5665933	
1.6	2.9561018	3.2383426	3.6523547	2.76939	
1.7	2.8998096	3.1731142	3.5023756	3.0553655	
1.8	2.8631686	3.1490408	3.3775296	4.1056505	
1.9	2.8332775	3.0902969	3.1703491	3.4477183	
2	2.7904594	3.0183765	3.2905893	4.0857487	
2.2	2.717437	2.9628166	3.4943937	3.7052971	
2.4	2.6924495	2.9295504	3.5199764	3.7504699	
2.6	2.6407757	2.8540075	3.2575958	3.640188	
2.8	2.6143053	2.794964	3.2600364	3.1546752	
3	2.5996661	2.7735608	3.124862	3.7019684	
3.2	2.5977334	2.7656107	3.115747	4.1009958	
3.3	2.584174	2.7407358	3.2235705	4.0177335	
3.4	2.5544094	2.6945562	3.0995344	3.5444723	
3.6	2.5427692	2.6614016	2.9422289	2.8308341	
3.8	2.538368	2.701731	3.1869277	2.0888481	
4	2.5362876	2.7355032	3.163611	2.1877889	
4.4	2.5270014	2.6967151	3.0590661	2.2338324	
4.5	2.5372405	2.6947118	3.7836679	2.5957794	
4.8	2.5058133	2.6676785	3.9284117	2.1010642	
5	2.478559	2.6872479	3.294557	0.6819748	
5.5	2.4566895	2.6324857	3.1809131	2.3445882	
6	2.4209759	2.5322895	3.0321684	1.8740608	
6.47	2.366929	2.4790487	3.2211608	2.2991512	
8	2.3008123	2.3846303	3.3633182	2.1200653	
9	2.2542367	2.3238104	3.0444402	2.0192284	
10	2.2462058	2.3337802	3.143299	1.8229993	
11	2.2166033	2.3018239	2.5770513	1.8607085	
12	2.1929519	2.2405329	2.6071446	1.5429626	
13	2.1586636	2.1960977	2.4625567	1.5344296	
14	2.140186	2.1950663	2.3915257	1.4854146	
15	2.1245169	2.1797825	2.3062141	1.5561251	
16	2.1036837	2.1564821	2.2706819	1.4916879	
17	2.109519	2.195985	2.3188438	1.025692	
18	2.0815963	2.1407116	2.1943968	1.2972482	
19	2.0631973	2.1049577	2.116245	1.4707247	
20	2.0488133	2.0835963	2.089644	1.4716234	
21	2.0357286	2.0655067	2.0904851	1.5999384	
22	2.0267062	2.0526993	2.0897578	1.699559	
23	2.0153673	2.0396684	2.096905	1.792425	
24	2.0051283	2.0198764	2.0612423	1.7255467	
25	1.9996048	2.01299	2.0465845	1.7118224	
26	1.9964379	2.0103749	2.0352632	1.7175384	
27	1.995062	2.008276	2.0407854	1.7300279	
28	1.9896548	1.9943076	2.0421976	1.8963954	
29	1.9862569	1.9897273	2.0384659	1.9508529	
30	1.9834279	1.9879591	2.02527	1.9579352	
31	1.9797056	1.9817922	2.0140328	1.9909409	
32	1.9780387	1.9791847	2.0170927	1.9891953	
33	1.9758875	1.9761097	2.0067811	1.9810863	
34	1.9718558	1.9711423	1.982692	1.9644579	
35	1.9706325	1.9700568	1.9793542	1.9623787	
36	1.9698334	1.9689188	1.9792527	1.9638055	
37	1.9688513	1.9680106	1.9773549	1.9653771	
38	1.9678523	1.9670616	1.9764212	1.963554	
39	1.9669209	1.9661624	1.9758441	1.9626619	
40	1.9659257	1.9650506	1.9739723	1.9599499	
41	1.9647957	1.9636224	1.9701698	1.9567206	
42	1.9638782	1.962693	1.9696249	1.9557923	
43	1.9629942	1.9618083	1.9688843	1.9548858	
44	1.9621115	1.9609278	1.9681481	1.9539829	
45	1.9594123	1.9583271	1.9654685	1.9504733	
50	1.9550154	1.9541887	1.9613928	1.9450509	
55	1.950502	1.9502659	1.9586766	1.9580236	
60	1.9462287	1.9459863	1.9544315	1.9530189	
65	1.942017	1.9417753	1.9502123	1.9486189	
70	1.9378548	1.9376135	1.9460047	1.9444066	
75	1.9337298	1.9334889	1.9418251	1.9402319	
80	1.92964	1.9294004	1.9376762	1.9360946	
85	1.9255853	1.9253474	1.9335599	1.9319914	


precision, %
wave=450 nm
height, km	60	
0	0.95487859	
0.1	0.99370709	
0.2	1.1295379	
0.3	1.0230498	
0.4	1.0367128	
0.5	1.0716714	
0.6	1.1064685	
0.7	1.1204901	
0.8	1.1808334	
0.9	1.1467347	
1	1.1625168	
1.1	1.1199865	
1.2	1.2257487	
1.3	1.1754986	
1.4	1.1599799	
1.5	1.1821689	
1.6	1.2798292	
1.7	1.135607	
1.8	1.2087794	
1.9	1.2346101	
2	1.1671726	
2.2	1.1386347	
2.4	1.1952589	
2.6	1.1969361	
2.8	1.2241234	
3	1.2436402	
3.2	1.3249351	
3.3	1.3236265	
3.4	1.2748102	
3.6	1.2902681	
3.8	1.3697357	
4	1.457712	
4.4	1.4055176	
4.5	1.6534403	
4.8	1.7982324	
5	2.059927	
5.5	1.6670181	
6	1.5460931	
6.47	1.3429872	
8	1.3847264	
9	1.3108135	
10	1.3843959	
11	1.3442369	
12	1.3301649	
13	1.2685091	
14	1.2346892	
15	1.2461377	
16	1.2543795	
17	1.4013292	
18	1.1929547	
19	1.0940637	
20	1.0616456	
21	1.0411201	
22	1.0143611	
23	0.98894875	
24	0.95918887	
25	0.94870464	
26	0.94050143	
27	0.93338772	
28	0.90431336	
29	0.9079341	
30	0.90409189	
31	0.89935342	
32	0.89959966	
33	0.89669911	
34	0.89688177	
35	0.89785168	
36	0.89887098	
37	0.899183	
38	0.89971023	
39	0.89985969	
40	0.89981177	
41	0.8993195	
42	0.89939655	
43	0.89941481	
44	0.89940317	
45	0.89972934	
50	0.90037166	
55	0.90124149	
60	0.90115095	
65	0.90111687	
70	0.90111808	
75	0.90112108	
80	0.90111942	
85	0.90111772	


ord=1
wave=450 nm
zenith, km	60	
Stoks:	    0.45736643	    0.15205993	    0.25941244	             0	
enhancement factor
0	6.7711699	6.6511827	6.6428923	0	
0.1	5.8846849	5.8708752	5.8705067	0	
0.2	5.1723082	5.2212153	5.2223016	0	
0.3	4.6318509	4.7150687	4.7179596	0	
0.4	4.2109992	4.3161894	4.3187653	0	
0.5	3.8782956	3.9967481	3.9981272	0	
0.6	3.6135749	3.7373686	3.7388726	0	
0.7	3.3986062	3.5263672	3.526544	0	
0.8	3.2231592	3.3512227	3.3518767	0	
0.9	3.0795078	3.2069532	3.2072622	0	
1	2.9606502	3.0867262	3.0867324	0	
1.1	2.8607593	2.9851001	2.9848358	0	
1.2	2.7760395	2.8977923	2.8973974	0	
1.3	2.7034756	2.8226253	2.8221801	0	
1.4	2.6409562	2.7576392	2.7570604	0	
1.5	2.586879	2.7009528	2.7001154	0	
1.6	2.539911	2.6511078	2.6503444	0	
1.7	2.4987162	2.6073772	2.6065514	0	
1.8	2.4625952	2.5684701	2.5677287	0	
1.9	2.4307905	2.5338872	2.5331493	0	
2	2.3902601	2.4892653	2.488717	0	
2.2	2.3446995	2.4386144	2.4382391	0	
2.4	2.3076647	2.3970521	2.3966059	0	
2.6	2.2771303	2.3622523	2.3618113	0	
2.8	2.2515866	2.3327293	2.3322632	0	
3	2.2299518	2.3073535	2.3068744	0	
3.2	2.2155991	2.2903319	2.2898915	0	
3.3	2.2069996	2.2800455	2.2796181	0	
3.4	2.1953606	2.2658905	2.2655312	0	
3.6	2.1812967	2.2487691	2.2484321	0	
3.8	2.1688979	2.2334713	2.2331267	0	
4	2.1531043	2.2136305	2.213257	0	
4.4	2.1412066	2.1985641	2.1981914	0	
4.5	2.1331185	2.1880761	2.1877542	0	
4.8	2.1238033	2.1758442	2.1755555	0	
5	2.1126035	2.1610205	2.160703	0	
5.5	2.0986896	2.1423457	2.1419593	0	
6	2.0872639	2.1267061	2.1263877	0	
6.47	2.0688384	2.1010771	2.1008154	0	
8	2.0497308	2.0744026	2.0741643	0	
9	2.0382773	2.0582601	2.0580747	0	
10	2.0289765	2.0452993	2.0451307	0	
11	2.0213898	2.0348603	2.0346853	0	
12	2.0150856	2.0261359	2.0260014	0	
13	2.0097737	2.0188583	2.0187393	0	
14	2.0052561	2.0127588	2.012655	0	
15	2.0013871	2.0076232	2.0075344	0	
16	1.9980416	2.0032559	2.0031818	0	
17	1.9951034	1.9994947	1.9994327	0	
18	1.9924881	1.9962043	1.9961524	0	
19	1.9901337	1.9932824	1.9932447	0	
20	1.9880094	1.9906806	1.9906618	0	
21	1.9861006	1.9883676	1.9883547	0	
22	1.9843611	1.9862891	1.9862811	0	
23	1.9827623	1.9844059	1.9844018	0	
24	1.9812797	1.9826877	1.9826847	0	
25	1.9798847	1.9811145	1.9810963	0	
26	1.978583	1.9796446	1.9796288	0	
27	1.9773515	1.978273	1.9782592	0	
28	1.9761759	1.9769792	1.9769671	0	
29	1.9750456	1.9757483	1.9757376	0	
30	1.9739549	1.9745727	1.9745632	0	
31	1.9728995	1.9734466	1.9734381	0	
32	1.9718729	1.9723605	1.9723529	0	
33	1.970868	1.9713044	1.9712975	0	
34	1.9698812	1.9702732	1.9702669	0	
35	1.9689062	1.9692675	1.9692604	0	
36	1.9679413	1.9682845	1.9682752	0	
37	1.9669994	1.9673151	1.9673062	0	
38	1.9660685	1.9663608	1.9663522	0	
39	1.965147	1.9654194	1.9654111	0	
40	1.9642337	1.964489	1.964481	0	
41	1.9633273	1.9635679	1.9635601	0	
42	1.9624271	1.962655	1.9626474	0	
43	1.9615324	1.9617493	1.9617418	0	
44	1.9606427	1.9608501	1.9608427	0	
45	1.9580029	1.9581903	1.9581833	0	
50	1.9536533	1.9538173	1.9538105	0	
55	1.9493653	1.9495166	1.9495101	0	
60	1.9451266	1.9452707	1.9452643	0	
65	1.9409309	1.9410708	1.9410645	0	
70	1.936775	1.9369122	1.936906	0	
75	1.9326569	1.9327922	1.932786	0	
80	1.9285752	1.9287091	1.928703	0	
85	1.924529	1.9246618	1.9246557	0	


precision, %
wave=450 nm
height, km	60	
0	0.071972046	
0.1	0.062490947	
0.2	0.056767593	
0.3	0.051138886	
0.4	0.04552576	
0.5	0.041301572	
0.6	0.039439721	
0.7	0.037772582	
0.8	0.037587761	
0.9	0.037536735	
1	0.036665069	
1.1	0.035481721	
1.2	0.036220798	
1.3	0.036252562	
1.4	0.036003606	
1.5	0.036098677	
1.6	0.036391577	
1.7	0.036807322	
1.8	0.037318491	
1.9	0.037829463	
2	0.038228426	
2.2	0.038831121	
2.4	0.039379774	
2.6	0.039714383	
2.8	0.040246563	
3	0.040494746	
3.2	0.040665859	
3.3	0.041020919	
3.4	0.041251967	
3.6	0.041355371	
3.8	0.041491717	
4	0.041445557	
4.4	0.041472369	
4.5	0.041737767	
4.8	0.041966863	
5	0.042274306	
5.5	0.042513488	
6	0.042782118	
6.47	0.043210298	
8	0.043600398	
9	0.043875934	
10	0.044050528	
11	0.044201559	
12	0.044373847	
13	0.044494841	
14	0.044594732	
15	0.04468985	
16	0.04474393	
17	0.044789084	
18	0.044827149	
19	0.04487428	
20	0.044934395	
21	0.044956701	
22	0.044975254	
23	0.044990693	
24	0.045000277	
25	0.044989839	
26	0.044998828	
27	0.045006271	
28	0.045012491	
29	0.045017727	
30	0.045022105	
31	0.045025721	
32	0.045028725	
33	0.045031275	
34	0.045033453	
35	0.045021482	
36	0.044998782	
37	0.045000198	
38	0.045001399	
39	0.045002421	
40	0.045003294	
41	0.045004044	
42	0.04500469	
43	0.045005246	
44	0.045005725	
45	0.045006735	
50	0.045007925	
55	0.045008579	
60	0.045008965	
65	0.045009212	
70	0.045009386	
75	0.045009521	
80	0.045009635	
85	0.045009738	


-------------------------------------------------
tet=82  fi=180
	60	
450	0.024105878	

	60	
450	11.762034	

	60	
450	0.85213224	



ord=1
	60	
450	30.61898	

	60	
450	16.258041	

	60	
450	0.044360224	

enhancement factor
ord=0
wave=450 nm
zenith, km	60	
Stoks:	      1.514617	   -0.17814976	  0.0036537122	 0.00026637087	
enhancement factor
0	7.1347533	5.8574008	11.867528	12.132654	
0.1	6.5031725	4.2991324	9.461551	15.339797	
0.2	5.946141	3.6680198	0.88704916	9.1494721	
0.3	5.3602281	2.9143827	5.8698861	12.871845	
0.4	4.905661	2.5294286	2.1337234	3.1636453	
0.5	4.5664367	2.183416	3.754824	0.2967641	
0.6	4.2753761	2.0138818	9.1135279	1.6215026	
0.7	4.0334946	1.7271308	2.4980667	1.7038972	
0.8	3.8524472	1.6634609	4.5442828	-0.13937912	
0.9	3.7068731	1.658418	1.1059207	4.1986718	
1	3.5685142	1.5587399	4.7348137	6.6646957	
1.1	3.4261396	1.3898554	4.0667812	8.5270993	
1.2	3.3516088	1.3263896	2.815305	7.7015688	
1.3	3.2794747	1.321112	3.7508601	6.1570955	
1.4	3.1807184	1.3693769	3.0680814	9.7634417	
1.5	3.0853983	1.3909549	6.1360563	8.1234425	
1.6	3.0354803	1.4460765	10.892632	14.565745	
1.7	2.973714	1.3776558	9.9840384	10.955681	
1.8	2.9211448	1.3061588	9.3881597	0.61597186	
1.9	2.8881429	1.3236139	9.0967904	2.4394257	
2	2.8570667	1.3945801	8.2987641	-4.9432733	
2.2	2.7839454	1.4230156	4.5299247	-2.5691993	
2.4	2.7402929	1.4236076	2.8537725	0.39842416	
2.6	2.7033081	1.3647426	8.0764758	5.2074009	
2.8	2.6718355	1.3290708	6.3874995	8.8336884	
3	2.6447595	1.3808516	7.3817289	3.1785421	
3.2	2.6381743	1.4050026	8.4183043	1.341472	
3.3	2.629271	1.4145173	6.0466468	1.12793	
3.4	2.6121071	1.4563404	9.6888691	5.1188417	
3.6	2.5932295	1.4470635	13.397981	9.1662175	
3.8	2.5652763	1.2793286	4.0519286	12.4131	
4	2.5812313	1.0854258	5.7956487	9.4288366	
4.4	2.5545103	1.2274347	0.27162812	11.115259	
4.5	2.5520067	1.2939605	-10.334382	4.8250159	
4.8	2.5094873	1.3417609	-15.720501	5.3996942	
5	2.4867985	1.3132932	-7.1369525	17.434629	
5.5	2.4748283	1.2254153	-6.7973161	5.618379	
6	2.4336744	1.4193884	-0.098468062	13.137902	
6.47	2.3771927	1.4434477	-4.9618292	3.4367438	
8	2.3123824	1.5603291	-7.9674118	2.2406884	
9	2.2632532	1.6348124	-3.7983798	1.1394847	
10	2.2445749	1.7333083	-3.5525619	0.8020184	
11	2.2401089	1.4730445	4.3783307	2.7775743	
12	2.1937886	1.7208809	4.2786184	3.2320552	
13	2.1618311	1.7947007	4.0220257	3.1661638	
14	2.1434671	1.8087362	7.533945	4.1190709	
15	2.1223454	1.8627276	6.5598277	2.5936107	
16	2.1088667	1.8700995	9.1917126	5.2224215	
17	2.1087188	1.7849548	4.0765968	7.5725531	
18	2.078619	1.8457538	3.6061613	4.6769531	
19	2.0611046	1.8863832	3.5610322	4.5599226	
20	2.0455073	1.8988488	2.7786865	4.3567158	
21	2.0320027	1.9139059	1.9539442	3.1435524	
22	2.0236775	1.9293877	1.8220356	2.5402454	
23	2.013753	1.943028	1.71765	1.3364074	
24	2.0040372	1.9677221	1.7562478	1.8557841	
25	1.9972463	1.9723952	1.481024	1.9103678	
26	1.9943644	1.9714455	1.693555	1.9015543	
27	1.9932283	1.9728658	1.4362571	1.6713019	
28	1.9916085	1.9738344	1.1154265	1.5735968	
29	1.9894222	1.9730254	1.1220738	1.5768738	
30	1.986925	1.9700637	1.3410847	1.791684	
31	1.983995	1.9707267	1.5271197	1.6883035	
32	1.9823623	1.973058	1.5075513	1.6843493	
33	1.9802401	1.9756513	1.5676929	1.6391459	
34	1.9761361	1.9774057	1.9368389	1.8503639	
35	1.9748527	1.9759345	2.0100545	1.9185902	
36	1.9740325	1.976031	1.9771408	1.9466147	
37	1.9730376	1.9753461	1.9829033	1.9912394	
38	1.9720666	1.9745365	1.9983214	2.0164356	
39	1.9711206	1.9735973	1.9982891	2.0172859	
40	1.9701143	1.972576	1.9817272	2.0141397	
41	1.9689579	1.9719499	1.9915482	2.0382603	
42	1.9680192	1.9711157	1.9855019	2.0400444	
43	1.9671222	1.9702017	1.9839241	2.039734	
44	1.9662291	1.9692905	1.9824593	2.0393861	
45	1.9634758	1.9664538	1.979758	2.0498346	
50	1.9589987	1.9620896	1.9831666	2.061504	
55	1.9545955	1.9575677	2.0062094	1.945338	
60	1.9501508	1.953212	1.9374533	1.9389591	
65	1.9458396	1.9489184	1.9034573	1.9354547	
70	1.9416462	1.9446988	1.899592	1.9313474	
75	1.9374908	1.9405176	1.8957381	1.927268	
80	1.9333709	1.9363736	1.8919269	1.9232135	
85	1.9292867	1.932266	1.8881707	1.9192114	


precision, %
wave=450 nm
height, km	60	
0	0.8678026	
0.1	0.95330789	
0.2	1.1091316	
0.3	1.0257392	
0.4	0.99898745	
0.5	1.0710184	
0.6	1.172261	
0.7	1.115935	
0.8	1.1575382	
0.9	1.1813876	
1	1.2277468	
1.1	1.2127336	
1.2	1.2813621	
1.3	1.3818771	
1.4	1.3162192	
1.5	1.2393762	
1.6	1.4164593	
1.7	1.2652793	
1.8	1.2108289	
1.9	1.2058152	
2	1.2292556	
2.2	1.2137781	
2.4	1.1899849	
2.6	1.2765346	
2.8	1.3519502	
3	1.1985244	
3.2	1.2733601	
3.3	1.3367543	
3.4	1.2962271	
3.6	1.3290801	
3.8	1.3473082	
4	1.7099641	
4.4	1.4373765	
4.5	1.5012215	
4.8	1.5262833	
5	1.6744172	
5.5	1.720313	
6	1.5263067	
6.47	1.3565379	
8	1.3628549	
9	1.3183378	
10	1.3432548	
11	1.8767887	
12	1.2445063	
13	1.1465772	
14	1.1449606	
15	1.0954655	
16	1.3205798	
17	1.4271488	
18	1.150251	
19	1.050837	
20	0.99152397	
21	0.96541522	
22	0.93671087	
23	0.91762143	
24	0.88146555	
25	0.85639045	
26	0.85627075	
27	0.85257965	
28	0.85274971	
29	0.85347969	
30	0.85200099	
31	0.84995973	
32	0.85097206	
33	0.84971502	
34	0.8509342	
35	0.85157131	
36	0.85268131	
37	0.85289037	
38	0.85285015	
39	0.8529705	
40	0.85287415	
41	0.85242062	
42	0.85243362	
43	0.85243956	
44	0.85244006	
45	0.85252716	
50	0.85270651	
55	0.8529317	
60	0.8520121	
65	0.85159011	
70	0.85159416	
75	0.85159837	
80	0.85160133	
85	0.85160412	


ord=1
wave=450 nm
zenith, km	60	
Stoks:	    0.46376027	  -0.075398335	 0.00043214194	             0	
enhancement factor
0	6.8025684	6.6474897	10.589687	0	
0.1	5.9572007	5.9396027	10.589634	0	
0.2	5.2742108	5.3292519	10.479877	0	
0.3	4.7543353	4.8502856	10.90303	0	
0.4	4.3474071	4.464706	11.208898	0	
0.5	4.0237515	4.1522673	11.061205	0	
0.6	3.7645637	3.8977218	11.297957	0	
0.7	3.5527405	3.6853781	11.321582	0	
0.8	3.378972	3.5125601	11.357587	0	
0.9	3.2361685	3.3678774	11.269234	0	
1	3.1175128	3.246072	11.299497	0	
1.1	3.0171347	3.1419368	11.375584	0	
1.2	2.9313137	3.0527397	11.269544	0	
1.3	2.857202	2.9749743	11.248895	0	
1.4	2.7928066	2.9063378	11.313283	0	
1.5	2.7366333	2.8458021	11.295589	0	
1.6	2.6874502	2.7925903	11.358663	0	
1.7	2.6439872	2.7449916	11.433132	0	
1.8	2.6055691	2.7028491	11.468682	0	
1.9	2.5684156	2.6675414	10.330992	0	
2	2.5021684	2.6375431	1.9573075	0	
2.2	2.4521607	2.5810998	1.9698542	0	
2.4	2.4108259	2.5333906	1.9582942	0	
2.6	2.3761615	2.492818	1.9715507	0	
2.8	2.346667	2.4578174	1.9626109	0	
3	2.3212595	2.4272906	1.9485751	0	
3.2	2.3041896	2.4066553	1.9493928	0	
3.3	2.2938319	2.3939904	1.9517505	0	
3.4	2.2796327	2.376503	1.9598236	0	
3.6	2.2622895	2.3548825	1.9783499	0	
3.8	2.2467581	2.3353069	1.9765314	0	
4	2.2265422	2.3093896	1.9733428	0	
4.4	2.211152	2.28952	1.9863481	0	
4.5	2.2004382	2.2755451	2.0024186	0	
4.8	2.1879758	2.2591733	1.9985098	0	
5	2.172687	2.2387595	1.9940335	0	
5.5	2.1533834	2.2127303	1.9689685	0	
6	2.137232	2.1908388	1.9846179	0	
6.47	2.1107384	2.1545461	1.9773832	0	
8	2.0830975	2.1165272	1.9629561	0	
9	2.0663831	2.0934844	1.9594806	0	
10	2.052759	2.0748652	1.9618762	0	
11	2.0416229	2.0598012	1.9663464	0	
12	2.0324181	2.0474042	1.9712086	0	
13	2.0247483	2.037143	1.9660378	0	
14	2.0183204	2.0286536	1.9610813	0	
15	2.0129034	2.0215894	1.9601112	0	
16	2.0082997	2.0156765	1.9593501	0	
17	2.0043311	2.0106639	1.9585876	0	
18	2.0008598	2.0063432	1.9578239	0	
19	1.9977117	2.0024623	1.981689	0	
20	1.9949768	1.9991266	1.9873274	0	
21	1.9925618	1.9962011	1.9864095	0	
22	1.9903995	1.9936098	1.9854933	0	
23	1.988447	1.9912967	1.9845789	0	
24	1.9866688	1.9892139	1.9832616	0	
25	1.9850266	1.9873034	1.9792916	0	
26	1.9835171	1.9855797	1.9783984	0	
27	1.9821122	1.9839961	1.9775067	0	
28	1.9807903	1.9825233	1.9766165	0	
29	1.9795354	1.9811395	1.9757277	0	
30	1.9783392	1.9798343	1.9748403	0	
31	1.9771952	1.9785993	1.9739543	0	
32	1.9760936	1.977421	1.9730698	0	
33	1.9750237	1.9762848	1.9721867	0	
34	1.9739801	1.9751834	1.9713051	0	
35	1.9729581	1.9741106	1.9714988	0	
36	1.9719552	1.973063	1.9726639	0	
37	1.9709765	1.9720482	1.9717745	0	
38	1.9700135	1.9710544	1.9708867	0	
39	1.9690639	1.9700783	1.9700006	0	
40	1.9681258	1.9691172	1.969116	0	
41	1.9671973	1.9681689	1.9682331	0	
42	1.9662773	1.9672315	1.9673517	0	
43	1.9653648	1.9663039	1.966472	0	
44	1.9644589	1.9653848	1.9655938	0	
45	1.96178	1.9626771	1.9629704	0	
50	1.9573765	1.9582382	1.9586268	0	
55	1.9530466	1.9538867	1.9543219	0	
60	1.9487719	1.9495973	1.9500409	0	
65	1.9445437	1.9453584	1.9458114	0	
70	1.9403572	1.9411633	1.9416198	0	
75	1.9362096	1.9370083	1.9374648	0	
80	1.9320992	1.9328911	1.933346	0	
85	1.928025	1.9288103	1.9292625	0	


precision, %
wave=450 nm
height, km	60	
0	0.070547744	
0.1	0.060740841	
0.2	0.05475323	
0.3	0.048978084	
0.4	0.043338773	
0.5	0.039107249	
0.6	0.037178777	
0.7	0.035483255	
0.8	0.035212707	
0.9	0.03508567	
1	0.034214107	
1.1	0.033069827	
1.2	0.033724565	
1.3	0.033733093	
1.4	0.033492533	
1.5	0.033572233	
1.6	0.033842685	
1.7	0.0342328	
1.8	0.034714913	
1.9	0.035242067	
2	0.035953014	
2.2	0.036559257	
2.4	0.037120154	
2.6	0.037486548	
2.8	0.038035634	
3	0.038320076	
3.2	0.038519367	
3.3	0.038877119	
3.4	0.039132388	
3.6	0.03928138	
3.8	0.039459835	
4	0.039491895	
4.4	0.039577002	
4.5	0.03987124	
4.8	0.040141502	
5	0.040504103	
5.5	0.040830258	
6	0.041173906	
6.47	0.04173471	
8	0.042277098	
9	0.042648342	
10	0.042908283	
11	0.043129553	
12	0.04335587	
13	0.043522459	
14	0.043660016	
15	0.043784718	
16	0.043864774	
17	0.043931314	
18	0.043987221	
19	0.044049849	
20	0.044119963	
21	0.044152965	
22	0.044180481	
23	0.044203433	
24	0.044219836	
25	0.044217867	
26	0.044231275	
27	0.044242406	
28	0.044251737	
29	0.044259624	
30	0.044266245	
31	0.044271742	
32	0.044276337	
33	0.044280264	
34	0.044283643	
35	0.044275583	
36	0.044258561	
37	0.044260717	
38	0.044262557	
39	0.044264134	
40	0.04426549	
41	0.044266666	
42	0.044267688	
43	0.044268578	
44	0.044269355	
45	0.044271058	
50	0.044273165	
55	0.044274481	
60	0.044275403	
65	0.044276118	
70	0.044276721	
75	0.044277263	
80	0.044277773	
85	0.044278264	


