RT Model MCC++	 O.Postylyakov	ver.72
MixedSimC<atmos::StoksC,MCSimC<atmos::StoksC,MCWMethodC<atmos::StoksC,SphericalGeomT>>,SSSimC<atmos::StoksC,MCSimC<atmos::StoksC,MSSMethodC<atmos::StoksC,SphericalGeomT,1000>>>>	ps::cLCG2C	Density: double	AMFs: Yes	ORDERS_ACCOUNT: ATM_COLLGS_ORDERS
photons passed	base/max expendeture	EPS-breakes	MaxCollgs-Breaks	MinPhWgt-Breaks	average colligions
22500	0.0367746/0.046758	0	0	0	3.1576	
SpecialSamplingCollgs	ForceCollgSimul	EPS	ssEPS	MaxCollgs	MinPhWgt	BaseMod	
1	0	0.001	1e-12	500	1e-300	0	
Albedo	time	IY
0.05	0.04715	{ 555847103 1870150478 ; 40014 40692 2147483563 2147483399 }	
 -6370.99	 -6370.99	 -5791.81	 -5212.63	 -4633.45	 -4054.27	 -3475.09	  -2895.9	 -2316.72	 -1737.54	 -1158.36	 -579.181	-9.09495e-13	  12.8571	  25.7143	  38.5714	  51.4286	  64.2857	  77.1429	       90	
        0	        0	0.0080361	 0.024108	 0.040179	 0.056251	 0.072322	 0.088394	  0.10447	  0.12054	  0.13661	  0.15268	  0.16875	0.0039284	0.0039364	0.0039443	0.0039522	0.0039601	 0.003968	 0.003976	
        0	        0	        0	        0	        0	        0	        0	        0	        0	        0	        0	        0	        0	        0	        0	        0	        0	        0	        0	        0	
        0	        0	        0	        0	        0	        0	        0	        0	        0	        0	        0	        0	        0	        0	        0	        0	        0	        0	        0	        0	

-------------------------------------------------
tet=89.8  fi=0
	60	
450	0.040807	

	60	
450	1.048	

	60	
450	0.68497	



ord=1
	60	
450	45.895	

	60	
450	4.1959	

	60	
450	0.020041	

enhancement factor
ord=0
wave=450 nm
zenith, km	60	
Stoks:	     2.5639497	  -0.026869908	 -0.0034763549	-0.00032878764	
enhancement factor
0	58.982456	73.103276	39.9509	35.65489	
0.05	3.6106005	-9.6577193	4.5998245	6.2733483	
0.1	2.9188402	-9.053157	5.6330342	2.9115128	
0.15	2.7946076	-8.4607093	5.2977358	2.349832	
0.2	2.6893064	-7.4762767	4.9883107	2.3321351	
0.25	2.6177482	-6.9004502	3.0630051	2.215506	
0.3	2.5627127	-6.673741	2.629799	3.6292616	
0.35	2.5303966	-6.471356	5.7212279	2.4233677	
0.4	2.4926763	-6.5850882	3.1262407	1.657532	
0.45	2.460908	-6.3843574	4.4292913	-0.53279879	
0.5	2.4291404	-6.4263234	4.208395	-0.39432068	
0.55	2.3983422	-5.8702113	5.0904823	1.7868434	
0.6	2.3822627	-5.5693264	6.9629028	0.60913767	
0.65	2.3652461	-5.36641	6.9265446	-2.0017176	
0.7	2.3451024	-5.266036	4.7755952	-0.04377492	
0.75	2.3349708	-5.5349127	4.0969133	0.79391281	
0.8	2.3204245	-5.2877087	4.0344716	0.037697259	
0.85	2.3066823	-4.9411791	4.7290185	0.72391403	
0.9	2.2915767	-4.7681469	5.6337137	1.2356085	
0.95	2.2848972	-4.615043	6.562079	1.392124	
1	2.2859286	-5.168627	5.8772915	0.26299308	
1.1	2.2685324	-4.1977613	3.6494906	3.1051467	
1.2	2.2587495	-4.2499863	4.2425574	3.4610314	
1.3	2.2490272	-4.4319614	5.6021378	5.9337166	
1.4	2.2387337	-4.0029089	5.9852464	3.7949568	
1.5	2.2288798	-4.0552945	5.3343633	5.0012109	
1.6	2.211156	-3.2755129	5.489942	5.4858392	
1.7	2.2016936	-3.13511	7.1152174	0.79098203	
1.8	2.2049188	-2.6869655	8.6068875	-3.1822816	
1.9	2.2054138	-2.867912	8.2593555	-2.3304508	
2	2.17856	-2.3356201	8.1101048	2.0963053	
2.2	2.1744574	-2.5865775	10.545864	0.45545214	
2.4	2.1703843	-2.3983452	12.264039	2.2857451	
2.6	2.1707967	-2.3647641	12.325711	2.6193158	
2.8	2.1657112	-2.0228153	11.516332	0.36555211	
3	2.1604524	-1.5305082	6.1465877	2.1377021	
3.2	2.1560479	-1.3074856	-0.43843073	-0.15458502	
3.3	2.1465422	-2.0901115	2.8116747	0.92680891	
3.4	2.1490143	-1.8381305	0.82208416	0.14775185	
3.6	2.1431541	-1.447449	1.5857379	-0.21281139	
3.8	2.1419481	-1.1481494	1.1566331	-1.5970124	
4	2.1494209	-1.5182464	2.4664646	-1.6694739	
4.4	2.1469109	-1.6630642	2.6876152	0.17015815	
4.5	2.1449576	-1.4811294	0.70443412	0.40695947	
4.8	2.1559444	-2.0772788	-0.6901491	3.1399876	
5	2.1459034	-1.1037399	-1.1641658	2.0899293	
5.5	2.1481147	0.00080882323	2.8081643	4.566563	
6	2.1447123	-1.6560483	5.5052073	2.7122687	
6.47	2.1319533	-0.87607984	6.2967533	1.8169327	
8	2.1176325	-0.36950945	8.6689614	2.705443	
9	2.0968805	-0.44432359	3.367009	0.88132692	
10	2.0794678	-0.10946686	0.34081921	1.9242242	
11	2.0903748	0.88465423	-7.5270342	10.501707	
12	2.0661102	0.76767883	-4.446973	5.64543	
13	2.051936	1.0119934	-4.7728497	1.8160083	
14	2.03821	1.1546903	-1.6735205	3.3027573	
15	2.0409463	1.1383204	0.057776026	3.6637236	
16	2.0293009	1.1186858	-0.10832412	3.6839108	
17	2.0314725	2.4790031	-2.8100062	0.058613257	
18	2.0205631	2.5291536	-0.57827728	-1.4159697	
19	2.0207215	1.4771953	5.3946176	0.76673434	
20	2.0161964	1.1326137	7.3006065	-1.4274396	
21	2.0089786	1.5191017	5.9673492	-2.1135946	
22	1.9982074	1.7420801	2.7376368	-0.26028723	
23	1.9933969	1.7701406	2.1374319	0.23712175	
24	1.9917319	1.7486122	1.9211148	0.42750009	
25	1.9879734	1.880634	1.7352452	0.95690585	
26	1.9843937	1.8195126	1.5483421	1.2840748	
27	1.981424	1.7620641	1.8909043	1.6607854	
28	1.9802117	1.7777066	1.9253996	1.644381	
29	1.9784916	1.7775026	1.8991797	1.4886994	
30	1.9773187	1.7808318	1.88095	1.4416118	
31	1.9761457	1.7938555	1.8749998	1.443979	
32	1.9744274	1.8096574	1.9836945	1.47092	
33	1.971609	1.9257162	2.68948	1.288602	
34	1.9705745	1.9298357	2.6990317	1.319026	
35	1.9686737	1.9429242	2.3011154	1.5963843	
36	1.9672601	1.9502744	2.0808347	1.6942927	
37	1.9662755	1.9462226	2.0310179	1.690815	
38	1.9647704	1.9560753	2.1017095	2.0082317	
39	1.9632206	1.9673979	1.9672888	1.847654	
40	1.9621586	1.9751678	1.9551593	1.9426766	
41	1.9611742	1.9667361	1.9905926	1.9687139	
42	1.9602862	1.9659184	1.9889262	1.9678948	
43	1.9594179	1.965041	1.9880119	1.9670139	
44	1.958552	1.9642108	1.9871966	1.9661345	
45	1.955964	1.9616508	1.9845909	1.9635077	
50	1.951685	1.9573399	1.9805235	1.9590428	
55	1.947438	1.9530378	1.9765246	1.954872	
60	1.9432255	1.9487799	1.9722353	1.9506206	
65	1.9390533	1.9447632	1.969421	1.946495	
70	1.9349164	1.94065	1.9655576	1.9423348	
75	1.9308136	1.9364734	1.9610264	1.9380748	
80	1.926745	1.9322842	1.9562147	1.9336859	
85	1.9227133	1.9282094	1.9519583	1.9296003	


precision, %
wave=450 nm
height, km	60	
0	0.6044193	
0.05	1.0307716	
0.1	1.0411978	
0.15	1.0128233	
0.2	0.96451332	
0.25	0.91668366	
0.3	0.92872277	
0.35	0.98877715	
0.4	0.93037711	
0.45	0.92261796	
0.5	0.93267078	
0.55	0.8794078	
0.6	0.91958783	
0.65	0.91279749	
0.7	0.86639453	
0.75	0.92218881	
0.8	0.91786098	
0.85	0.94924169	
0.9	0.95492697	
0.95	0.94047989	
1	0.98384805	
1.1	0.9277404	
1.2	0.94046927	
1.3	0.94943109	
1.4	0.92867167	
1.5	0.87916603	
1.6	0.87873053	
1.7	0.83299745	
1.8	0.86924675	
1.9	0.90458424	
2	0.81883849	
2.2	0.82647433	
2.4	0.8368026	
2.6	0.89503005	
2.8	0.93424695	
3	0.89429109	
3.2	1.0465524	
3.3	0.85684656	
3.4	0.85913141	
3.6	0.83563294	
3.8	0.8341273	
4	0.83474348	
4.4	0.85643364	
4.5	0.8638368	
4.8	0.9632462	
5	0.92228388	
5.5	0.98365183	
6	0.98694617	
6.47	0.86170851	
8	0.95102888	
9	0.90958383	
10	0.85671292	
11	1.4078342	
12	1.1087104	
13	1.0003946	
14	0.91740235	
15	0.9335193	
16	0.87151295	
17	1.0210769	
18	0.95699219	
19	0.86733418	
20	0.90280611	
21	0.81416245	
22	0.71301364	
23	0.69986009	
24	0.69872064	
25	0.69740184	
26	0.69050719	
27	0.69147224	
28	0.69199705	
29	0.69337016	
30	0.69313326	
31	0.69269702	
32	0.69143753	
33	0.69115124	
34	0.69139749	
35	0.69035453	
36	0.68776826	
37	0.68705832	
38	0.68708278	
39	0.68574205	
40	0.68531577	
41	0.68490613	
42	0.6849229	
43	0.68492296	
44	0.68492405	
45	0.68492546	
50	0.68494104	
55	0.68495668	
60	0.68496082	
65	0.68498992	
70	0.68499881	
75	0.68500277	
80	0.68501375	
85	0.68501343	


ord=1
wave=450 nm
zenith, km	60	
Stoks:	     1.1767337	  -0.049374474	-9.5722728e-06	             0	
enhancement factor
0	68.262773	68.80214	145.06728	0	
0.05	2.6238998	2.6339495	18.858017	0	
0.1	2.0178061	2.0182977	2.8498714	0	
0.15	1.9992474	1.9992273	2.1473257	0	
0.2	1.9980909	1.9980572	2.0296388	0	
0.25	1.9979392	1.9979227	1.9954162	0	
0.3	1.9978796	1.9978627	1.9953678	0	
0.35	1.9978308	1.9978138	1.9953197	0	
0.4	1.9977835	1.9977665	1.9952719	0	
0.45	1.9977365	1.9977195	1.9952208	0	
0.5	1.9976896	1.9976726	1.9951582	0	
0.55	1.9976427	1.9976257	1.9951115	0	
0.6	1.9975958	1.9975788	1.9950649	0	
0.65	1.997549	1.997532	1.9950182	0	
0.7	1.9975021	1.9974851	1.9949719	0	
0.75	1.9974552	1.9974382	1.9949252	0	
0.8	1.9974084	1.9973914	1.9948786	0	
0.85	1.9973615	1.9973445	1.9948319	0	
0.9	1.9973147	1.9972977	1.9947853	0	
0.95	1.9972678	1.9972508	1.9947387	0	
1	1.9971976	1.9971805	1.9946687	0	
1.1	1.9971039	1.9970869	1.9945755	0	
1.2	1.9970102	1.9969932	1.9944823	0	
1.3	1.9969166	1.9968996	1.9943891	0	
1.4	1.996823	1.996806	1.9942959	0	
1.5	1.9967294	1.9967124	1.9942027	0	
1.6	1.9966358	1.9966188	1.9941096	0	
1.7	1.9965422	1.9965252	1.9940164	0	
1.8	1.9964487	1.9964317	1.9939233	0	
1.9	1.9963552	1.9963382	1.9938302	0	
2	1.9962149	1.9961979	1.9936906	0	
2.2	1.9960279	1.996011	1.9935045	0	
2.4	1.9958411	1.9958241	1.9933185	0	
2.6	1.9956543	1.9956373	1.9931326	0	
2.8	1.9954675	1.9954506	1.9929467	0	
3	1.9952808	1.9952639	1.9927609	0	
3.2	1.9951409	1.9951239	1.9926216	0	
3.3	1.9950476	1.9950307	1.9925287	0	
3.4	1.9949077	1.9948908	1.9923895	0	
3.6	1.9947212	1.9947043	1.9922039	0	
3.8	1.9945348	1.9945179	1.9920183	0	
4	1.9942554	1.9942385	1.9917402	0	
4.4	1.9940226	1.9940057	1.9915085	0	
4.5	1.9938365	1.9938196	1.9913232	0	
4.8	1.9936039	1.993587	1.9910917	0	
5	1.9932785	1.9932616	1.9907678	0	
5.5	1.992814	1.9927972	1.9903054	0	
6	1.9923639	1.992347	1.9898574	0	
6.47	1.9914372	1.9914203	1.9889349	0	
8	1.990267	1.9902503	1.9877702	0	
9	1.9893441	1.9893273	1.9868514	0	
10	1.9884228	1.9884061	1.9859344	0	
11	1.9875033	1.9874866	1.9850191	0	
12	1.9865855	1.9865688	1.9841055	0	
13	1.9856694	1.9856527	1.9831935	0	
14	1.9847549	1.9847383	1.9822833	0	
15	1.9838422	1.9838256	1.9813747	0	
16	1.9829311	1.9829146	1.9804678	0	
17	1.9820217	1.9820052	1.9795626	0	
18	1.981114	1.9810975	1.978659	0	
19	1.980208	1.9801915	1.9777571	0	
20	1.9793037	1.9792872	1.9768568	0	
21	1.978401	1.9783845	1.9759582	0	
22	1.9774999	1.9774835	1.9750612	0	
23	1.9766005	1.9765842	1.9741659	0	
24	1.9757028	1.9756864	1.9732722	0	
25	1.9748067	1.9747904	1.9723802	0	
26	1.9739122	1.9738959	1.9714898	0	
27	1.9730194	1.9730031	1.9706009	0	
28	1.9721282	1.9721119	1.9697138	0	
29	1.9712386	1.9712224	1.9688282	0	
30	1.9703506	1.9703345	1.9679442	0	
31	1.9694643	1.9694481	1.9670618	0	
32	1.9685796	1.9685634	1.9661811	0	
33	1.9676964	1.9676803	1.9653019	0	
34	1.9668149	1.9667988	1.9644243	0	
35	1.9659349	1.9659189	1.9635483	0	
36	1.9650566	1.9650406	1.9626739	0	
37	1.9641798	1.9641638	1.961801	0	
38	1.9633047	1.9632887	1.9609298	0	
39	1.9624311	1.9624151	1.9600601	0	
40	1.961559	1.9615431	1.9591919	0	
41	1.9606886	1.9606727	1.9583253	0	
42	1.9598197	1.9598038	1.9574603	0	
43	1.9589523	1.9589365	1.9565968	0	
44	1.9580866	1.9580708	1.9557349	0	
45	1.9555001	1.9554843	1.9531598	0	
50	1.9512173	1.9512017	1.9488959	0	
55	1.9469725	1.946957	1.9446697	0	
60	1.942765	1.9427497	1.9404807	0	
65	1.9385944	1.9385792	1.9363282	0	
70	1.9344602	1.9344451	1.9322119	0	
75	1.9303618	1.9303468	1.9281311	0	
80	1.9262988	1.926284	1.9240856	0	
85	1.9222707	1.922256	1.9200747	0	


precision, %
wave=450 nm
height, km	60	
0	0.014496358	
0.05	0.023824412	
0.1	0.01990863	
0.15	0.020036937	
0.2	0.02004789	
0.25	0.020052343	
0.3	0.020052469	
0.35	0.020052488	
0.4	0.020052491	
0.45	0.020052491	
0.5	0.020052491	
0.55	0.02005249	
0.6	0.02005249	
0.65	0.020052489	
0.7	0.020052488	
0.75	0.020052487	
0.8	0.020052487	
0.85	0.020052486	
0.9	0.020052485	
0.95	0.020052485	
1	0.020052484	
1.1	0.020052482	
1.2	0.020052481	
1.3	0.020052479	
1.4	0.020052478	
1.5	0.020052476	
1.6	0.020052475	
1.7	0.020052474	
1.8	0.020052472	
1.9	0.020052471	
2	0.020052469	
2.2	0.020052466	
2.4	0.020052463	
2.6	0.02005246	
2.8	0.020052457	
3	0.020052455	
3.2	0.020052452	
3.3	0.020052451	
3.4	0.020052449	
3.6	0.020052446	
3.8	0.020052443	
4	0.020052439	
4.4	0.020052436	
4.5	0.020052433	
4.8	0.020052429	
5	0.020052424	
5.5	0.020052417	
6	0.020052411	
6.47	0.020052397	
8	0.020052379	
9	0.020052365	
10	0.020052351	
11	0.020052338	
12	0.020052324	
13	0.02005231	
14	0.020052296	
15	0.020052283	
16	0.020052269	
17	0.020052255	
18	0.020052242	
19	0.020052228	
20	0.020052215	
21	0.020052201	
22	0.020052188	
23	0.020052174	
24	0.020052161	
25	0.020052147	
26	0.020052134	
27	0.020052121	
28	0.020052107	
29	0.020052094	
30	0.020052081	
31	0.020052068	
32	0.020052055	
33	0.020052042	
34	0.020052028	
35	0.020052015	
36	0.020052002	
37	0.020051989	
38	0.020051976	
39	0.020051963	
40	0.02005195	
41	0.020051937	
42	0.020051925	
43	0.020051912	
44	0.020051899	
45	0.020051861	
50	0.020051798	
55	0.020051735	
60	0.020051673	
65	0.020051612	
70	0.020051551	
75	0.020051492	
80	0.020051432	
85	0.020051374	


-------------------------------------------------
tet=89.8  fi=90
	60	
450	0.017439062	

	60	
450	-22.790238	

	60	
450	0.99583462	



ord=1
	60	
450	29.036436	

	60	
450	-31.308243	

	60	
450	0.0740541	

enhancement factor
ord=0
wave=450 nm
zenith, km	60	
Stoks:	     1.0957286	    0.24971915	  -0.059260574	 0.00028619826	
enhancement factor
0	50.925087	50.60283	54.822914	-79.011377	
0.05	3.84892	4.3419519	8.90113	-47.835445	
0.1	3.2222392	3.748851	7.3417143	-30.809893	
0.15	3.0969919	3.5546231	6.6780842	-25.98133	
0.2	2.9490239	3.3691932	6.0558854	-21.340238	
0.25	2.8522791	3.2480922	5.5320485	-19.799098	
0.3	2.7825762	3.1617673	5.1401608	-17.78633	
0.35	2.7682231	3.1189495	5.1473805	-13.296465	
0.4	2.7311384	3.1176874	4.7837539	-11.406737	
0.45	2.698878	3.0821534	4.6434234	-9.4737671	
0.5	2.6557877	3.0546965	4.4940715	-10.157401	
0.55	2.6252033	2.9836492	4.5025669	-17.725045	
0.6	2.5967148	2.9119649	4.4546587	-9.4285338	
0.65	2.5918139	2.8833901	4.2178342	-7.0182546	
0.7	2.5648357	2.8539915	4.1859794	-7.6784143	
0.75	2.5351157	2.8571435	4.0183066	-10.833747	
0.8	2.5119701	2.8313799	3.8644002	-8.9845198	
0.85	2.4934151	2.7962195	3.8456714	-8.0846069	
0.9	2.476733	2.7673193	3.8419406	-4.5334184	
0.95	2.4659498	2.7276381	3.8860448	-2.2247175	
1	2.4564763	2.7320032	3.7013091	-2.8309919	
1.1	2.4507837	2.687684	3.7036663	-6.8057241	
1.2	2.4548308	2.6733765	3.7030681	-6.5105814	
1.3	2.4199971	2.635548	3.5294584	-9.5356104	
1.4	2.409933	2.6186251	3.5995339	-8.9142716	
1.5	2.4211101	2.6250437	3.5475252	-9.4252229	
1.6	2.3852229	2.546781	3.3830069	-7.2228982	
1.7	2.366166	2.5283098	3.2523598	-3.7487977	
1.8	2.3878393	2.5278866	3.3956847	-0.54183509	
1.9	2.3848919	2.5219465	3.3910843	0.97834858	
2	2.3352728	2.4519802	3.093082	-2.9246996	
2.2	2.3592356	2.4701292	3.367802	2.8189211	
2.4	2.3445139	2.4314625	3.4932235	0.12818892	
2.6	2.3481341	2.4324362	3.516703	1.0937884	
2.8	2.3394139	2.393258	3.4111004	4.0628137	
3	2.3472715	2.3466427	2.9235505	0.40080235	
3.2	2.3416464	2.2947446	2.4737708	0.46885853	
3.3	2.3161459	2.4157952	2.7967287	-1.2931131	
3.4	2.32148	2.3812809	2.7251913	-0.78966864	
3.6	2.311597	2.3523969	2.7715601	-1.9782883	
3.8	2.3084148	2.3533842	2.7783265	0.17997363	
4	2.3309117	2.3871457	2.8171433	0.20134784	
4.4	2.3523535	2.4230606	2.6916923	3.9965497	
4.5	2.3214833	2.3545178	2.6419346	2.6313481	
4.8	2.342755	2.4130346	2.5469537	-0.81470968	
5	2.3120658	2.332472	2.7013117	0.31969768	
5.5	2.3173543	2.2731637	2.9671623	-2.2120298	
6	2.3028221	2.3043661	3.0868872	-0.86744969	
6.47	2.2966747	2.3071229	3.1264654	2.9638822	
8	2.2610301	2.2524621	2.9917254	3.219512	
9	2.2136313	2.2461341	2.6582633	4.2269494	
10	2.1721236	2.2007166	2.492157	3.7232868	
11	2.1667106	2.1786664	2.4962804	1.2465844	
12	2.1380726	2.1499859	2.4480957	3.790856	
13	2.1227796	2.1359587	2.0735967	7.392984	
14	2.090602	2.0994624	2.2563385	2.8071876	
15	2.0972762	2.1159393	2.3856229	1.3864037	
16	2.0742695	2.097697	2.2785375	1.2764094	
17	2.0624294	2.0446956	2.2172283	2.925575	
18	2.051697	2.0220464	2.1847155	2.367546	
19	2.0719045	2.0560013	2.5641663	-1.7505607	
20	2.0603644	2.0835844	2.5353163	3.8737699	
21	2.0559048	2.0816696	2.3272499	5.0936182	
22	2.0274151	2.0412667	2.100115	2.6346123	
23	2.0160324	2.0293031	2.0304839	1.8575539	
24	2.0135629	2.02737	2.017951	1.7203406	
25	2.0058821	2.016133	1.9907008	1.3386276	
26	2.0011735	2.012054	1.9688236	1.2766283	
27	1.9974661	2.0062063	1.9773585	1.2336034	
28	1.9953878	2.0022812	1.9792749	1.3026592	
29	1.9924447	2.0013972	1.9708896	1.6321436	
30	1.9907905	2.0001889	1.9694411	1.7225993	
31	1.9894277	1.9980672	1.9682355	1.7458272	
32	1.9858328	1.9922524	1.977389	1.7280462	
33	1.9790441	1.9750225	2.0293663	1.9515692	
34	1.9774974	1.9733013	2.029466	1.9549706	
35	1.9748174	1.9700106	2.0100059	1.6166186	
36	1.9724069	1.9690087	1.9950095	1.5760417	
37	1.9712446	1.9683517	1.9909745	1.5920242	
38	1.9693246	1.9658902	1.984017	1.707083	
39	1.9664301	1.9642155	1.9701472	2.043996	
40	1.9650711	1.9634284	1.9687725	2.0114285	
41	1.9638865	1.9635659	1.970768	1.9722055	
42	1.9629878	1.9626978	1.9698418	1.9720772	
43	1.9621149	1.9618257	1.9689578	1.9711884	
44	1.9612451	1.9609511	1.9680799	1.9703013	
45	1.9586445	1.9583456	1.9654494	1.9676509	
50	1.9543459	1.9540536	1.9611727	1.9649718	
55	1.9500795	1.9497896	1.9568766	1.9609424	
60	1.9458448	1.9455594	1.9525962	1.9566095	
65	1.9416513	1.941364	1.9484026	1.9525386	
70	1.9374939	1.9372066	1.9442072	1.9483625	
75	1.9333673	1.9330819	1.9399932	1.9437179	
80	1.9292699	1.9289856	1.9357526	1.9383918	
85	1.9252183	1.9249362	1.93165	1.934266	


precision, %
wave=450 nm
height, km	60	
0	1.0782601	
0.05	1.5687267	
0.1	1.5961626	
0.15	1.5722869	
0.2	1.4313732	
0.25	1.2879594	
0.3	1.3283373	
0.35	1.3770959	
0.4	1.3901161	
0.45	1.358058	
0.5	1.3274124	
0.55	1.3988702	
0.6	1.3825916	
0.65	1.406061	
0.7	1.3353745	
0.75	1.3342374	
0.8	1.2907989	
0.85	1.301832	
0.9	1.418399	
0.95	1.4544599	
1	1.2956844	
1.1	1.2856033	
1.2	1.3709479	
1.3	1.2750683	
1.4	1.3298664	
1.5	1.4816164	
1.6	1.3505271	
1.7	1.2907412	
1.8	1.4762132	
1.9	1.5704121	
2	1.224968	
2.2	1.6099637	
2.4	1.4802084	
2.6	1.5847423	
2.8	1.6373089	
3	1.492701	
3.2	1.9418968	
3.3	1.3029889	
3.4	1.3081137	
3.6	1.2968224	
3.8	1.2780476	
4	1.36324	
4.4	1.8141284	
4.5	1.4082722	
4.8	1.6516644	
5	1.4353944	
5.5	1.5928041	
6	1.4704674	
6.47	1.5177631	
8	1.624719	
9	1.5132597	
10	1.3699117	
11	1.5573851	
12	1.4343658	
13	1.5500943	
14	1.2423986	
15	1.4781251	
16	1.2628188	
17	1.1828579	
18	1.142104	
19	1.5692844	
20	1.6035257	
21	1.5414709	
22	1.1536916	
23	1.0910746	
24	1.0865209	
25	1.0625626	
26	1.0537223	
27	1.0555155	
28	1.0538336	
29	1.0535976	
30	1.0514066	
31	1.0497537	
32	1.0370241	
33	1.0137011	
34	1.0133567	
35	1.01061	
36	1.0059283	
37	1.005207	
38	1.000779	
39	0.99457947	
40	0.9953276	
41	0.99575194	
42	0.99583759	
43	0.99583735	
44	0.99584086	
45	0.9958454	
50	0.99587541	
55	0.99590356	
60	0.99591293	
65	0.99591579	
70	0.99591569	
75	0.99593833	
80	0.99600002	
85	0.99599888	


ord=1
wave=450 nm
zenith, km	60	
Stoks:	    0.31816052	   0.099610469	    0.17250735	             0	
enhancement factor
0	49.178387	49.213596	49.224923	0	
0.05	2.4054339	2.4142185	2.413898	0	
0.1	2.012575	2.0129074	2.0129434	0	
0.15	2.000628	2.0006759	2.0006539	0	
0.2	1.9998803	1.9998846	1.9998743	0	
0.25	1.9997592	1.9997612	1.999761	0	
0.3	1.9997045	1.9997056	1.9997054	0	
0.35	1.9996562	1.9996572	1.999657	0	
0.4	1.999609	1.9996099	1.9996097	0	
0.45	1.9995619	1.9995628	1.9995626	0	
0.5	1.9995148	1.9995158	1.9995156	0	
0.55	1.9994678	1.9994687	1.9994685	0	
0.6	1.9994207	1.9994217	1.9994215	0	
0.65	1.9993737	1.9993747	1.9993744	0	
0.7	1.9993267	1.9993276	1.9993274	0	
0.75	1.9992796	1.9992806	1.9992804	0	
0.8	1.9992326	1.9992336	1.9992334	0	
0.85	1.9991856	1.9991866	1.9991864	0	
0.9	1.9991386	1.9991396	1.9991393	0	
0.95	1.9990916	1.9990926	1.9990923	0	
1	1.9990211	1.9990221	1.9990218	0	
1.1	1.9989271	1.9989281	1.9989279	0	
1.2	1.9988331	1.9988341	1.9988339	0	
1.3	1.9987392	1.9987402	1.9987399	0	
1.4	1.9986453	1.9986462	1.998646	0	
1.5	1.9985514	1.9985523	1.9985521	0	
1.6	1.9984575	1.9984584	1.9984582	0	
1.7	1.9983636	1.9983645	1.9983643	0	
1.8	1.9982697	1.9982707	1.9982705	0	
1.9	1.9981759	1.9981768	1.9981766	0	
2	1.9980352	1.9980361	1.9980359	0	
2.2	1.9978476	1.9978485	1.9978483	0	
2.4	1.9976601	1.997661	1.9976608	0	
2.6	1.9974726	1.9974736	1.9974734	0	
2.8	1.9972853	1.9972862	1.997286	0	
3	1.997098	1.9970989	1.9970987	0	
3.2	1.9969575	1.9969585	1.9969583	0	
3.3	1.9968639	1.9968649	1.9968647	0	
3.4	1.9967236	1.9967245	1.9967243	0	
3.6	1.9965365	1.9965375	1.9965372	0	
3.8	1.9963495	1.9963504	1.9963502	0	
4	1.9960691	1.9960701	1.9960698	0	
4.4	1.9958355	1.9958365	1.9958363	0	
4.5	1.9956488	1.9956498	1.9956495	0	
4.8	1.9954155	1.9954164	1.9954162	0	
5	1.995089	1.9950899	1.9950897	0	
5.5	1.9946229	1.9946239	1.9946237	0	
6	1.9941713	1.9941722	1.994172	0	
6.47	1.9932415	1.9932424	1.9932422	0	
8	1.9920675	1.9920684	1.9920682	0	
9	1.9911414	1.9911424	1.9911422	0	
10	1.9902171	1.9902181	1.9902179	0	
11	1.9892945	1.9892955	1.9892953	0	
12	1.9883737	1.9883746	1.9883744	0	
13	1.9874545	1.9874554	1.9874552	0	
14	1.986537	1.986538	1.9865378	0	
15	1.9856213	1.9856222	1.985622	0	
16	1.9847072	1.9847082	1.9847079	0	
17	1.9837948	1.9837958	1.9837956	0	
18	1.9828842	1.9828851	1.9828849	0	
19	1.9819751	1.9819761	1.9819759	0	
20	1.9810678	1.9810687	1.9810685	0	
21	1.9801621	1.9801631	1.9801629	0	
22	1.9792581	1.9792591	1.9792589	0	
23	1.9783558	1.9783567	1.9783565	0	
24	1.9774551	1.9774561	1.9774558	0	
25	1.9765561	1.976557	1.9765568	0	
26	1.9756587	1.9756596	1.9756594	0	
27	1.974763	1.9747639	1.9747637	0	
28	1.9738688	1.9738698	1.9738696	0	
29	1.9729764	1.9729773	1.9729771	0	
30	1.9720855	1.9720864	1.9720862	0	
31	1.9711963	1.9711972	1.971197	0	
32	1.9703087	1.9703096	1.9703094	0	
33	1.9694227	1.9694236	1.9694234	0	
34	1.9685383	1.9685392	1.968539	0	
35	1.9676555	1.9676564	1.9676562	0	
36	1.9667743	1.9667752	1.966775	0	
37	1.9658947	1.9658956	1.9658954	0	
38	1.9650167	1.9650176	1.9650174	0	
39	1.9641403	1.9641412	1.964141	0	
40	1.9632654	1.9632663	1.9632661	0	
41	1.9623922	1.9623931	1.9623929	0	
42	1.9615205	1.9615214	1.9615212	0	
43	1.9606504	1.9606513	1.9606511	0	
44	1.9597818	1.9597827	1.9597825	0	
45	1.957187	1.9571879	1.9571877	0	
50	1.9528906	1.9528915	1.9528913	0	
55	1.9486323	1.9486332	1.948633	0	
60	1.9444115	1.9444124	1.9444122	0	
65	1.9402278	1.9402287	1.9402285	0	
70	1.9360806	1.9360815	1.9360813	0	
75	1.9319695	1.9319703	1.9319701	0	
80	1.9278939	1.9278947	1.9278945	0	
85	1.9238533	1.9238541	1.923854	0	


precision, %
wave=450 nm
height, km	60	
0	0.074114124	
0.05	0.095415613	
0.1	0.07377113	
0.15	0.074012914	
0.2	0.07403844	
0.25	0.074053441	
0.3	0.074053725	
0.35	0.07405377	
0.4	0.074053778	
0.45	0.07405378	
0.5	0.074053781	
0.55	0.074053781	
0.6	0.074053781	
0.65	0.074053781	
0.7	0.074053781	
0.75	0.074053781	
0.8	0.074053781	
0.85	0.074053781	
0.9	0.074053781	
0.95	0.074053781	
1	0.074053781	
1.1	0.074053781	
1.2	0.074053781	
1.3	0.074053781	
1.4	0.074053781	
1.5	0.074053781	
1.6	0.074053781	
1.7	0.074053781	
1.8	0.074053781	
1.9	0.074053781	
2	0.074053781	
2.2	0.074053781	
2.4	0.074053782	
2.6	0.074053782	
2.8	0.074053782	
3	0.074053782	
3.2	0.074053782	
3.3	0.074053782	
3.4	0.074053782	
3.6	0.074053782	
3.8	0.074053782	
4	0.074053782	
4.4	0.074053782	
4.5	0.074053782	
4.8	0.074053783	
5	0.074053783	
5.5	0.074053783	
6	0.074053783	
6.47	0.074053783	
8	0.074053784	
9	0.074053784	
10	0.074053785	
11	0.074053785	
12	0.074053785	
13	0.074053786	
14	0.074053786	
15	0.074053787	
16	0.074053787	
17	0.074053787	
18	0.074053788	
19	0.074053788	
20	0.074053789	
21	0.074053789	
22	0.074053789	
23	0.07405379	
24	0.07405379	
25	0.07405379	
26	0.074053791	
27	0.074053791	
28	0.074053792	
29	0.074053792	
30	0.074053792	
31	0.074053793	
32	0.074053793	
33	0.074053793	
34	0.074053794	
35	0.074053794	
36	0.074053795	
37	0.074053795	
38	0.074053795	
39	0.074053796	
40	0.074053796	
41	0.074053796	
42	0.074053797	
43	0.074053797	
44	0.074053798	
45	0.074053799	
50	0.0740538	
55	0.074053802	
60	0.074053804	
65	0.074053806	
70	0.074053807	
75	0.074053809	
80	0.074053811	
85	0.074053812	


-------------------------------------------------
tet=89.8  fi=180
	60	
450	0.017949039	

	60	
450	7.7650213	

	60	
450	0.93753333	



ord=1
	60	
450	31.065143	

	60	
450	5.6220009	

	60	
450	0.067188708	

enhancement factor
ord=0
wave=450 nm
zenith, km	60	
Stoks:	     1.1277714	  -0.087571688	 -0.0035449298	 0.00028963909	
enhancement factor
0	50.947853	47.034629	-13.670094	43.043249	
0.05	3.7297352	0.049995034	3.2529645	0.047585829	
0.1	3.1005342	-0.1832415	2.6027835	2.9668515	
0.15	2.9803177	-0.098122581	2.1425487	3.2968065	
0.2	2.8727115	0.066021231	-0.76351736	3.7866879	
0.25	2.7869034	0.17562456	-1.4778747	1.9512531	
0.3	2.7131164	0.21805094	-3.4774277	3.0681064	
0.35	2.684047	0.28509937	0.37664564	4.3756423	
0.4	2.6413728	0.26349161	0.61901758	3.4546507	
0.45	2.6245731	0.33217638	3.3164788	5.473566	
0.5	2.579333	0.29349663	3.6445418	6.0545937	
0.55	2.5468779	0.36903969	5.4266926	4.5096084	
0.6	2.5291307	0.47966581	7.0766729	1.3978461	
0.65	2.524493	0.48974823	7.8461969	3.0108295	
0.7	2.4959815	0.47385399	6.3175317	5.1948642	
0.75	2.489811	0.27418192	3.9241194	3.0961577	
0.8	2.4749243	0.30804005	3.3559708	4.8325062	
0.85	2.4660225	0.44040784	4.039497	2.0845157	
0.9	2.4527301	0.54847589	3.7657205	3.2236289	
0.95	2.4519386	0.60821931	5.3237157	5.3657134	
1	2.463519	0.35506962	4.3101661	13.577612	
1.1	2.451617	0.68759119	3.2862509	4.2206482	
1.2	2.44339	0.71152441	2.8208763	3.762367	
1.3	2.4015107	0.76233545	2.0488032	1.3785994	
1.4	2.3892804	0.85815889	3.5613481	1.7884133	
1.5	2.3950112	0.85833328	5.1410323	-0.0057814685	
1.6	2.3666474	0.96603342	3.609291	0.24171418	
1.7	2.3482296	0.97786268	2.4828842	2.8144468	
1.8	2.3630358	1.0000587	3.6582464	6.7205229	
1.9	2.3669718	0.9682682	3.2736013	8.2708297	
2	2.327914	1.0534293	3.1510818	5.7290756	
2.2	2.3299104	1.0695524	6.1873475	3.9343831	
2.4	2.3228028	1.091997	10.453876	6.0512304	
2.6	2.3275866	1.1245489	12.63283	7.2988311	
2.8	2.3328758	1.1272905	9.2980146	10.387923	
3	2.3333118	1.2891447	3.2357728	6.8252368	
3.2	2.3197192	1.3939068	-1.5960887	5.2846892	
3.3	2.3013363	1.1943624	2.2886179	3.7764791	
3.4	2.3074654	1.2435378	0.66897383	3.7632258	
3.6	2.3075526	1.3171942	0.22815016	5.1230139	
3.8	2.310174	1.3721277	-0.46227099	7.3161627	
4	2.3225109	1.2473376	0.88647844	6.4725189	
4.4	2.3261416	1.1319474	1.2223416	8.5450335	
4.5	2.3111894	1.2828908	-1.4457651	8.2300866	
4.8	2.3382063	1.1479543	-3.0421788	8.3430989	
5	2.314604	1.4046622	-0.65899773	3.4374285	
5.5	2.3134205	1.6882565	2.20272	0.65123086	
6	2.3095346	1.3693621	4.247454	-1.1369751	
6.47	2.2926746	1.4845554	6.5189017	-1.0973392	
8	2.260172	1.5930444	7.8818552	-0.81657422	
9	2.2122671	1.527956	2.4259394	-0.50275215	
10	2.1708848	1.5978974	0.024027442	0.41194807	
11	2.1709703	1.8092729	-2.7430979	-3.2976862	
12	2.1381275	1.8316933	0.76644744	1.3325426	
13	2.1129684	1.7867656	0.84028659	1.6437282	
14	2.0918484	1.8031225	1.0923055	1.6905122	
15	2.1113965	1.7916913	-0.5454494	2.658529	
16	2.0808155	1.7787798	0.73675322	2.6568918	
17	2.0870928	2.1702386	-0.28074586	6.1534343	
18	2.0729206	2.1971395	0.97571501	5.5278048	
19	2.0881505	1.8928105	10.474549	-0.44524207	
20	2.075142	1.7318147	10.530174	5.4398645	
21	2.0568415	1.7868865	7.2459456	4.5865346	
22	2.0288388	1.8986014	2.4986996	2.1758445	
23	2.0178769	1.9195808	1.2368985	1.5646789	
24	2.0160084	1.911303	0.99589305	1.5052938	
25	2.0086403	1.9314522	0.41644105	1.4340334	
26	2.0028861	1.9068884	0.50374813	1.267801	
27	1.9963925	1.8979338	0.87988777	1.1801593	
28	1.9945522	1.905446	0.94599895	1.2575403	
29	1.9919211	1.9022692	0.90099834	1.5036238	
30	1.9903516	1.901876	0.90990053	1.5806483	
31	1.9888601	1.9044006	0.94092972	1.5624522	
32	1.9859209	1.9143783	1.1757341	1.6921828	
33	1.9782965	1.9737254	2.3377162	2.1550222	
34	1.9768165	1.9752695	2.3267589	2.1766902	
35	1.9743236	1.9753689	2.2428854	2.1159715	
36	1.9725669	1.9776471	2.0331703	2.1788627	
37	1.9715145	1.9768639	2.0047807	2.1812207	
38	1.9700132	1.9765318	2.0447185	1.9717268	
39	1.9687694	1.977017	2.0084474	1.9660042	
40	1.9674581	1.9746502	1.9583696	1.9856067	
41	1.966456	1.9728513	1.9726394	1.9715001	
42	1.9655333	1.9719561	1.9707959	1.9708414	
43	1.9646556	1.9710685	1.9699119	1.9699536	
44	1.9637811	1.9701905	1.969082	1.9690675	
45	1.9611673	1.967553	1.9665085	1.9664202	
50	1.9568495	1.9632692	1.9633717	1.9609435	
55	1.9525632	1.9589469	1.9595146	1.9562368	
60	1.9483095	1.9546416	1.9553299	1.9519283	
65	1.9440969	1.9503917	1.9517603	1.9476893	
70	1.93992	1.9461685	1.9477396	1.9434768	
75	1.93577	1.9419766	1.94338	1.9392423	
80	1.9316431	1.9378216	1.9387855	1.9349556	
85	1.9275726	1.9337023	1.9346667	1.930849	


precision, %
wave=450 nm
height, km	60	
0	0.97885742	
0.05	1.3745817	
0.1	1.474975	
0.15	1.4647766	
0.2	1.32773	
0.25	1.2889122	
0.3	1.3103752	
0.35	1.3022884	
0.4	1.1715474	
0.45	1.2623079	
0.5	1.2529257	
0.55	1.192417	
0.6	1.1996993	
0.65	1.2459584	
0.7	1.1771921	
0.75	1.2558594	
0.8	1.2076287	
0.85	1.2986588	
0.9	1.3465922	
0.95	1.3723243	
1	1.6507505	
1.1	1.4494516	
1.2	1.4163965	
1.3	1.2890716	
1.4	1.2942675	
1.5	1.3850244	
1.6	1.3479398	
1.7	1.2584508	
1.8	1.308247	
1.9	1.2975129	
2	1.220935	
2.2	1.3218466	
2.4	1.3762735	
2.6	1.5556608	
2.8	1.7407011	
3	1.4379225	
3.2	1.6485991	
3.3	1.3135988	
3.4	1.3327776	
3.6	1.3187386	
3.8	1.323282	
4	1.3249529	
4.4	1.5938997	
4.5	1.3816561	
4.8	1.6902584	
5	1.6077514	
5.5	1.6058305	
6	1.6861757	
6.47	1.5439804	
8	1.6161992	
9	1.416171	
10	1.2877865	
11	1.7554594	
12	1.5298246	
13	1.3521592	
14	1.2846767	
15	1.4685182	
16	1.2419246	
17	1.7358049	
18	1.7546719	
19	1.7710639	
20	1.8051159	
21	1.5044347	
22	1.0983685	
23	1.0516274	
24	1.0587534	
25	1.049289	
26	1.0198511	
27	1.0157382	
28	1.014953	
29	1.0157958	
30	1.0135489	
31	1.0110136	
32	0.99457031	
33	0.95298372	
34	0.95328436	
35	0.94323849	
36	0.93927876	
37	0.93865228	
38	0.93894109	
39	0.93828665	
40	0.93710039	
41	0.9370569	
42	0.9371389	
43	0.93713867	
44	0.93713859	
45	0.93713913	
50	0.93715248	
55	0.93716017	
60	0.93716797	
65	0.93717292	
70	0.93717329	
75	0.93723255	
80	0.93738928	
85	0.93738941	


ord=1
wave=450 nm
zenith, km	60	
Stoks:	    0.35034378	  -0.019696331	  0.0004540582	             0	
enhancement factor
0	49.563258	48.199725	229.91324	0	
0.05	2.5085776	2.2450448	36.017694	0	
0.1	2.0137583	2.014726	1.9894913	0	
0.15	2.0019364	2.0018804	2.0038414	0	
0.2	2.0011956	2.0011165	2.0061505	0	
0.25	2.0010762	2.0010412	2.0067877	0	
0.3	2.0010214	2.0009854	2.00674	0	
0.35	2.000973	2.0009368	2.0066924	0	
0.4	2.0009256	2.0008894	2.0066447	0	
0.45	2.0008784	2.0008422	2.006597	0	
0.5	2.0008313	2.000795	2.0065494	0	
0.55	2.0007841	2.0007479	2.0065017	0	
0.6	2.000737	2.0007007	2.0064541	0	
0.65	2.0006898	2.0006536	2.0064065	0	
0.7	2.0006427	2.0006064	2.0063588	0	
0.75	2.0005955	2.0005593	2.0063112	0	
0.8	2.0005484	2.0005122	2.0062636	0	
0.85	2.0005013	2.0004651	2.0062159	0	
0.9	2.0004542	2.0004179	2.0061683	0	
0.95	2.000407	2.0003708	2.0061207	0	
1	2.0003364	2.0003002	2.0060493	0	
1.1	2.0002422	2.000206	2.0059541	0	
1.2	2.000148	2.0001118	2.0058589	0	
1.3	2.0000538	2.0000176	2.0057637	0	
1.4	1.9999596	1.9999234	2.0056686	0	
1.5	1.9998655	1.9998293	2.0055735	0	
1.6	1.9997714	1.9997352	2.0054784	0	
1.7	1.9996773	1.9996411	2.0053833	0	
1.8	1.9995832	1.999547	2.0052882	0	
1.9	1.9994891	1.999453	2.0051931	0	
2	1.999348	1.9993119	2.0050506	0	
2.2	1.99916	1.9991239	2.0048606	0	
2.4	1.998972	1.9989359	2.0046707	0	
2.6	1.9987842	1.9987481	2.0044808	0	
2.8	1.9985963	1.9985603	2.004291	0	
3	1.9984086	1.9983725	2.0041013	0	
3.2	1.9982678	1.9982318	2.0039591	0	
3.3	1.998174	1.9981379	2.0038642	0	
3.4	1.9980333	1.9979973	2.0037221	0	
3.6	1.9978458	1.9978097	2.0035326	0	
3.8	1.9976583	1.9976223	2.0033431	0	
4	1.9973772	1.9973412	2.0030591	0	
4.4	1.9971431	1.9971071	2.0028226	0	
4.5	1.9969559	1.99692	2.0026334	0	
4.8	1.996722	1.9966861	2.0023971	0	
5	1.9963948	1.9963588	2.0020664	0	
5.5	1.9959276	1.9958917	2.0015943	0	
6	1.9954748	1.995439	2.0011368	0	
6.47	1.9945428	1.994507	2.0001951	0	
8	1.993366	1.9933302	1.999006	0	
9	1.9924377	1.9924021	1.9980681	0	
10	1.9915112	1.9914756	1.9971319	0	
11	1.9905864	1.9905509	1.9961975	0	
12	1.9896633	1.9896279	1.9952649	0	
13	1.988742	1.9887066	1.9943339	0	
14	1.9878223	1.987787	1.9934048	0	
15	1.9869044	1.9868691	1.9924773	0	
16	1.9859882	1.9859529	1.9915516	0	
17	1.9850736	1.9850384	1.9906276	0	
18	1.9841608	1.9841256	1.9897053	0	
19	1.9832496	1.9832145	1.9887848	0	
20	1.9823401	1.9823051	1.9878659	0	
21	1.9814323	1.9813974	1.9869488	0	
22	1.9805262	1.9804913	1.9860333	0	
23	1.9796217	1.9795869	1.9851196	0	
24	1.9787189	1.9786841	1.9842075	0	
25	1.9778177	1.977783	1.9832971	0	
26	1.9769182	1.9768836	1.9823884	0	
27	1.9760204	1.9759858	1.9814813	0	
28	1.9751242	1.9750896	1.980576	0	
29	1.9742296	1.9741951	1.9796723	0	
30	1.9733366	1.9733022	1.9787702	0	
31	1.9724453	1.972411	1.9778698	0	
32	1.9715556	1.9715213	1.9769711	0	
33	1.9706676	1.9706333	1.976074	0	
34	1.9697811	1.9697469	1.9751785	0	
35	1.9688963	1.9688621	1.9742847	0	
36	1.968013	1.9679789	1.9733925	0	
37	1.9671314	1.9670973	1.9725019	0	
38	1.9662513	1.9662173	1.971613	0	
39	1.9653729	1.9653389	1.9707256	0	
40	1.964496	1.9644621	1.9698399	0	
41	1.9636207	1.9635869	1.9689558	0	
42	1.962747	1.9627132	1.9680733	0	
43	1.9618748	1.9618412	1.9671924	0	
44	1.9610043	1.9609706	1.966313	0	
45	1.9584035	1.95837	1.9636861	0	
50	1.9540972	1.954064	1.9593368	0	
55	1.9498291	1.9497962	1.9550262	0	
60	1.9455987	1.9455661	1.950754	0	
65	1.9414055	1.9413731	1.9465194	0	
70	1.937249	1.9372168	1.9423221	0	
75	1.9331286	1.9330967	1.9381615	0	
80	1.9290439	1.9290122	1.9340371	0	
85	1.9249943	1.9249629	1.9299484	0	


precision, %
wave=450 nm
height, km	60	
0	0.066506141	
0.05	0.082482871	
0.1	0.066906894	
0.15	0.067130569	
0.2	0.067153673	
0.25	0.067166934	
0.3	0.067167192	
0.35	0.067167234	
0.4	0.067167243	
0.45	0.067167246	
0.5	0.067167247	
0.55	0.067167249	
0.6	0.06716725	
0.65	0.067167252	
0.7	0.067167253	
0.75	0.067167254	
0.8	0.067167256	
0.85	0.067167257	
0.9	0.067167258	
0.95	0.06716726	
1	0.067167262	
1.1	0.067167264	
1.2	0.067167267	
1.3	0.06716727	
1.4	0.067167272	
1.5	0.067167275	
1.6	0.067167278	
1.7	0.067167281	
1.8	0.067167283	
1.9	0.067167286	
2	0.06716729	
2.2	0.067167295	
2.4	0.067167301	
2.6	0.067167306	
2.8	0.067167311	
3	0.067167317	
3.2	0.067167321	
3.3	0.067167324	
3.4	0.067167328	
3.6	0.067167333	
3.8	0.067167338	
4	0.067167346	
4.4	0.067167353	
4.5	0.067167358	
4.8	0.067167365	
5	0.067167374	
5.5	0.067167388	
6	0.067167401	
6.47	0.067167427	
8	0.067167461	
9	0.067167487	
10	0.067167514	
11	0.06716754	
12	0.067167566	
13	0.067167592	
14	0.067167619	
15	0.067167645	
16	0.067167671	
17	0.067167697	
18	0.067167722	
19	0.067167748	
20	0.067167774	
21	0.0671678	
22	0.067167825	
23	0.067167851	
24	0.067167877	
25	0.067167902	
26	0.067167928	
27	0.067167953	
28	0.067167978	
29	0.067168004	
30	0.067168029	
31	0.067168054	
32	0.067168079	
33	0.067168104	
34	0.067168129	
35	0.067168154	
36	0.067168179	
37	0.067168204	
38	0.067168228	
39	0.067168253	
40	0.067168278	
41	0.067168302	
42	0.067168327	
43	0.067168351	
44	0.067168376	
45	0.067168448	
50	0.067168569	
55	0.067168688	
60	0.067168806	
65	0.067168922	
70	0.067169038	
75	0.067169152	
80	0.067169264	
85	0.067169376	


