RT Model MCC++	 O.Postylyakov	ver.72
MixedSimC<atmos::StoksC,MCSimC<atmos::StoksC,MCWMethodC<atmos::StoksC,SphericalGeomT>>,SSSimC<atmos::StoksC,MCSimC<atmos::StoksC,MSSMethodC<atmos::StoksC,SphericalGeomT,1000>>>>	ps::cLCG2C	Density: double	AMFs: Yes	ORDERS_ACCOUNT: ATM_COLLGS_ORDERS
photons passed	base/max expendeture	EPS-breakes	MaxCollgs-Breaks	MinPhWgt-Breaks	average colligions
25000	0.0419889/0.0578879	0	0	0	3.22576	
SpecialSamplingCollgs	ForceCollgSimul	EPS	ssEPS	MaxCollgs	MinPhWgt	BaseMod	
1	0	0.001	1e-12	500	1e-300	0	
Albedo	time	IY
0.05	0.0580333	{ 25106317 49980005 ; 40014 40692 2147483563 2147483399 }	
 -6370.99	 -6370.99	 -5791.81	 -5212.63	 -4633.45	 -4054.27	 -3475.09	  -2895.9	 -2316.72	 -1737.54	 -1158.36	 -579.181	-9.09495e-13	  12.8571	  25.7143	  38.5714	  51.4286	  64.2857	  77.1429	       90	
        0	        0	0.0080361	 0.024108	 0.040179	 0.056251	 0.072322	 0.088394	  0.10447	  0.12054	  0.13661	  0.15268	  0.16875	0.0039284	0.0039364	0.0039443	0.0039522	0.0039601	 0.003968	 0.003976	
        0	        0	        0	        0	        0	        0	        0	        0	        0	        0	        0	        0	        0	        0	        0	        0	        0	        0	        0	        0	
        0	        0	        0	        0	        0	        0	        0	        0	        0	        0	        0	        0	        0	        0	        0	        0	        0	        0	        0	        0	

-------------------------------------------------
tet=88  fi=0
	60	
450	0.04724	

	60	
450	0.74881	

	60	
450	0.62046	



ord=1
	60	
450	46.55	

	60	
450	3.5789	

	60	
450	0.014816	

enhancement factor
ord=0
wave=450 nm
zenith, km	60	
Stoks:	     2.9681602	  -0.022225762	 0.00014412103	-1.8790354e-05	
enhancement factor
0	25.209965	23.517716	-58.069522	-279.83955	
0.05	17.394106	10.783911	171.67606	-121.42115	
0.1	11.326942	-0.016090472	26.438812	-118.38951	
0.15	7.838388	-8.108127	-54.359433	69.868174	
0.2	5.7647188	-9.3392614	-59.048219	-51.680573	
0.25	4.4947049	-8.8589761	-124.98735	-48.515547	
0.3	3.783099	-9.5346606	-77.284265	-50.726624	
0.35	3.3238672	-9.2789138	-19.304752	-38.787761	
0.4	3.0350579	-9.5598175	28.782343	-57.03396	
0.45	2.8279484	-9.1695948	25.53241	-22.831217	
0.5	2.6882448	-8.3028497	21.842375	-39.845987	
0.55	2.599812	-7.7007366	-3.7493071	-4.1105587	
0.6	2.5281085	-7.165199	40.283352	14.513411	
0.65	2.4678836	-6.9531341	66.8992	6.5492105	
0.7	2.4269938	-7.1879012	13.550864	-42.794796	
0.75	2.4049342	-7.4584814	-23.151655	-11.053934	
0.8	2.3700974	-7.0434632	20.817849	-50.023636	
0.85	2.3567479	-7.2422337	47.285698	-50.877118	
0.9	2.3410062	-6.8387217	25.144064	-80.30304	
0.95	2.3171577	-6.9130865	-1.8309637	-79.089534	
1	2.3169006	-7.1836309	-17.050661	-86.446266	
1.1	2.286608	-6.850785	15.858196	-82.53067	
1.2	2.2640912	-5.8157835	63.769449	-40.823132	
1.3	2.2468003	-5.6883432	-13.740809	-36.648842	
1.4	2.2362733	-5.3666055	-10.627143	-63.167817	
1.5	2.2336826	-5.732038	-83.634429	-15.589325	
1.6	2.2295631	-5.8832274	-12.587942	-22.374987	
1.7	2.2282055	-4.9290972	-43.504865	11.770755	
1.8	2.2163239	-5.2330863	-5.6860323	-1.1451617	
1.9	2.2030638	-4.8902717	7.6104514	-8.0062168	
2	2.1932155	-4.5872953	-141.43624	-64.423409	
2.2	2.1790211	-4.2515245	-196.9893	-82.631423	
2.4	2.1760078	-4.72476	-152.8778	-42.422761	
2.6	2.1774083	-3.9663318	-106.74818	-67.999066	
2.8	2.1699275	-3.4380913	-107.15221	27.522386	
3	2.168105	-4.1010395	-153.87023	43.171733	
3.2	2.1593436	-3.9522842	-174.94456	66.420516	
3.3	2.1503052	-3.7002717	-89.329739	67.050456	
3.4	2.1457948	-3.1727054	-63.212865	81.870096	
3.6	2.1439567	-2.6762413	-100.10591	60.219396	
3.8	2.1364735	-2.4740664	-95.590935	34.245833	
4	2.1294557	-1.8523784	-90.658252	5.3057006	
4.4	2.1427409	-2.5453634	-303.22423	-105.2332	
4.5	2.1413009	-2.0655965	-210.69248	-91.43555	
4.8	2.1366375	-1.9077704	-68.367371	-70.349597	
5	2.1339962	-1.821686	36.389071	-18.17143	
5.5	2.1314163	-1.8802161	54.6576	26.229478	
6	2.1324474	-1.9650166	8.9125914	62.901339	
6.47	2.1321764	-2.3357831	49.980274	79.391105	
8	2.1143283	-1.4265103	123.86845	61.936924	
9	2.1020797	-1.4470096	29.727	23.409428	
10	2.0966486	-2.0961612	84.152854	10.407483	
11	2.0798131	-0.69173916	20.324385	-3.5805063	
12	2.0725318	0.0018879225	-35.553398	-57.935164	
13	2.0708906	-0.71921788	-112.31434	-20.791775	
14	2.0600209	0.010969532	82.078944	-59.522928	
15	2.0387142	0.14247233	93.901757	-43.942503	
16	2.0297896	0.66379096	101.03187	28.587598	
17	2.0165774	1.2829053	23.444995	-5.5464912	
18	2.0118833	1.6684065	2.7167612	-16.591786	
19	2.0192557	1.540481	-88.291948	-57.533649	
20	1.9999424	1.8220748	32.204744	-15.215845	
21	1.9941224	1.8282044	25.15496	-11.003142	
22	1.9904039	1.8038367	16.213202	-7.4881577	
23	1.9878677	1.808367	8.2439401	-5.5460676	
24	1.9843286	1.8119303	1.5689731	-0.30424283	
25	1.9826404	1.7969401	8.3336763	5.0254754	
26	1.9801979	1.8615446	11.238171	4.4697774	
27	1.9782359	1.9522385	13.901589	3.5214899	
28	1.9768227	1.9312139	15.266147	0.59287878	
29	1.9754539	1.9261408	16.345075	1.7985935	
30	1.9741892	1.9285309	17.915607	1.6461762	
31	1.972606	1.9155477	18.154048	2.2426941	
32	1.9713033	1.9352648	15.490563	3.3081253	
33	1.9703925	1.9411464	15.029719	3.6638897	
34	1.9695024	1.9418031	14.791471	3.6321535	
35	1.9684793	1.9501414	13.670188	2.6855771	
36	1.9673565	1.9679204	12.987187	1.0968214	
37	1.9660117	1.9969862	8.2702471	-0.065567459	
38	1.9644454	2.0005625	3.9389428	0.14525206	
39	1.9634737	1.9957148	3.3923593	-0.07885051	
40	1.9625908	1.9949462	3.5423855	-0.095713089	
41	1.9617047	1.9942041	3.6599959	-0.1047	
42	1.960822	1.9933084	3.6758808	-0.10503182	
43	1.9598917	1.9923018	3.3548597	0.076677745	
44	1.9587907	1.9876007	2.2707962	1.0985111	
45	1.9560095	1.9710292	2.0533274	2.2691008	
50	1.9516609	1.9640544	1.8717636	2.4148504	
55	1.947408	1.9596018	1.7496828	2.2987187	
60	1.9431782	1.9538314	1.4897648	2.0325178	
65	1.9390042	1.9495726	1.4891712	2.0276842	
70	1.9348666	1.9453514	1.4885662	2.022895	
75	1.9307648	1.9411672	1.4879504	2.0181498	
80	1.9266985	1.9370195	1.4873239	2.0134477	
85	1.9226671	1.9329078	1.4866874	2.0087883	


precision, %
wave=450 nm
height, km	60	
0	0.56767954	
0.05	0.61577881	
0.1	0.68276407	
0.15	0.73185129	
0.2	0.73045008	
0.25	0.72932401	
0.3	0.75384931	
0.35	0.74370806	
0.4	0.74969003	
0.45	0.75693168	
0.5	0.7760508	
0.55	0.7833934	
0.6	0.76178713	
0.65	0.7325867	
0.7	0.72454187	
0.75	0.77414805	
0.8	0.75335492	
0.85	0.83528078	
0.9	0.79579542	
0.95	0.74235353	
1	0.85183033	
1.1	0.84755092	
1.2	0.80532516	
1.3	0.78678414	
1.4	0.79492564	
1.5	0.82979232	
1.6	0.83174126	
1.7	0.9153251	
1.8	0.80981741	
1.9	0.79656312	
2	0.77425281	
2.2	0.78714577	
2.4	0.79589135	
2.6	0.79230377	
2.8	0.81063792	
3	0.80042274	
3.2	0.80182043	
3.3	0.78794513	
3.4	0.76874737	
3.6	0.74770703	
3.8	0.72693624	
4	0.73594503	
4.4	0.90053598	
4.5	0.82947176	
4.8	0.8142714	
5	0.80048405	
5.5	0.77863563	
6	0.83727312	
6.47	0.82498052	
8	0.80635924	
9	0.82736699	
10	0.88983743	
11	0.79793444	
12	0.80530118	
13	0.85686546	
14	0.84323674	
15	0.73583422	
16	0.75057307	
17	0.67614801	
18	0.68597346	
19	0.86524166	
20	0.68158	
21	0.66683235	
22	0.66053478	
23	0.65893618	
24	0.6383976	
25	0.63493695	
26	0.62849666	
27	0.62612811	
28	0.62404285	
29	0.62406716	
30	0.624046	
31	0.62100379	
32	0.62101286	
33	0.62113413	
34	0.6212229	
35	0.62081319	
36	0.62064187	
37	0.62108771	
38	0.62157888	
39	0.62136887	
40	0.62133738	
41	0.62137432	
42	0.62138105	
43	0.62135307	
44	0.62124872	
45	0.62058004	
50	0.62063726	
55	0.62065187	
60	0.62063186	
65	0.62063081	
70	0.62062977	
75	0.62062875	
80	0.62062773	
85	0.62062673	


ord=1
wave=450 nm
zenith, km	60	
Stoks:	     1.3816883	  -0.049448865	-0.00018548667	             0	
enhancement factor
0	27.410542	27.360497	25.685965	0	
0.05	19.419439	19.517758	14.853213	0	
0.1	12.105359	12.202727	10.385242	0	
0.15	7.983352	8.0726841	13.359327	0	
0.2	5.6145968	5.6779297	12.256635	0	
0.25	4.2257066	4.26884	11.77129	0	
0.3	3.3951318	3.4263658	11.596702	0	
0.35	2.890032	2.9097785	11.67707	0	
0.4	2.5775741	2.5885233	11.147708	0	
0.45	2.3810279	2.3863892	10.887807	0	
0.5	2.2556935	2.257069	10.556331	0	
0.55	2.1746193	2.1733388	10.380246	0	
0.6	2.1169213	2.1189851	5.6695585	0	
0.65	2.0781462	2.0827242	2.1099419	0	
0.7	2.0542064	2.0577254	2.059002	0	
0.75	2.0378289	2.040526	2.0816786	0	
0.8	2.0265115	2.0286922	2.0438981	0	
0.85	2.0185735	2.0202769	2.0171301	0	
0.9	2.012943	2.0142801	2.0042054	0	
0.95	2.0089067	2.0099647	2.0188404	0	
1	2.0049116	2.005697	2.0098413	0	
1.1	2.001615	2.0021593	2.0047533	0	
1.2	1.9997288	2.000101	1.9995202	0	
1.3	1.9986036	1.998878	1.9995048	0	
1.4	1.9978924	1.9980802	1.9926845	0	
1.5	1.9974191	1.9975488	1.9952558	0	
1.6	1.9970862	1.9971804	1.9967145	0	
1.7	1.996837	1.9969003	1.9998638	0	
1.8	1.9966409	1.9966882	1.9997312	0	
1.9	1.9964778	1.9965133	1.9995998	0	
2	1.9962728	1.9962961	1.9994045	0	
2.2	1.9960346	1.9960465	1.9969656	0	
2.4	1.99582	1.9958224	1.9952566	0	
2.6	1.9956173	1.9956129	1.9942474	0	
2.8	1.9954212	1.9954138	1.9940612	0	
3	1.9952287	1.9952192	1.993875	0	
3.2	1.9950856	1.9950749	1.9937354	0	
3.3	1.9949908	1.9949794	1.9936424	0	
3.4	1.9948491	1.9948369	1.9935029	0	
3.6	1.9946608	1.9946477	1.9933169	0	
3.8	1.9944732	1.9944593	1.993131	0	
4	1.9941924	1.9941778	1.9928523	0	
4.4	1.9939589	1.9939437	1.9926202	0	
4.5	1.9937723	1.9937568	1.9924346	0	
4.8	1.9935393	1.9935234	1.9922026	0	
5	1.9932135	1.9931973	1.9918781	0	
5.5	1.9927487	1.9927319	1.9914148	0	
6	1.9922983	1.9922813	1.9909658	0	
6.47	1.9913714	1.9913539	1.9900416	0	
8	1.9902012	1.9901834	1.9888745	0	
9	1.9892782	1.9892603	1.987954	0	
10	1.988357	1.988339	1.9870351	0	
11	1.9874375	1.9874195	1.9861183	0	
12	1.9865198	1.9865017	1.9852035	0	
13	1.9856037	1.9855857	1.9842897	0	
14	1.9846894	1.9846713	1.9833777	0	
15	1.9837768	1.9837587	1.9824675	0	
16	1.9828658	1.9828478	1.9815588	0	
17	1.9819565	1.9819385	1.9806517	0	
18	1.9810489	1.9810309	1.9797463	0	
19	1.980143	1.980125	1.9788426	0	
20	1.9792387	1.9792208	1.9779405	0	
21	1.9783361	1.9783182	1.9770401	0	
22	1.9774352	1.9774173	1.9761413	0	
23	1.9765359	1.9765181	1.9752442	0	
24	1.9756383	1.9756205	1.9743487	0	
25	1.9747423	1.9747245	1.9734548	0	
26	1.9738479	1.9738302	1.9725626	0	
27	1.9729552	1.9729375	1.971672	0	
28	1.9720641	1.9720464	1.9707831	0	
29	1.9711746	1.9711569	1.9698957	0	
30	1.9702868	1.9702691	1.96901	0	
31	1.9694005	1.9693829	1.9681258	0	
32	1.9685159	1.9684983	1.9672433	0	
33	1.9676329	1.9676153	1.9663624	0	
34	1.9667514	1.9667339	1.965483	0	
35	1.9658716	1.9658541	1.9646053	0	
36	1.9649934	1.9649759	1.9637291	0	
37	1.9641167	1.9640993	1.9628545	0	
38	1.9632416	1.9632242	1.9619815	0	
39	1.9623681	1.9623507	1.9611101	0	
40	1.9614962	1.9614788	1.9602402	0	
41	1.9606259	1.9606085	1.9593719	0	
42	1.9597571	1.9597398	1.9585052	0	
43	1.9588898	1.9588725	1.95764	0	
44	1.9580242	1.9580069	1.9567763	0	
45	1.9554379	1.9554208	1.9541962	0	
50	1.9511557	1.9511387	1.949924	0	
55	1.9469114	1.9468945	1.9456895	0	
60	1.9427044	1.9426876	1.9414923	0	
65	1.9385343	1.9385177	1.9373318	0	
70	1.9344005	1.934384	1.9332075	0	
75	1.9303026	1.9302863	1.929119	0	
80	1.9262401	1.9262239	1.9250656	0	
85	1.9222124	1.9221963	1.9210471	0	


precision, %
wave=450 nm
height, km	60	
0	0.014371358	
0.05	0.013308031	
0.1	0.013560745	
0.15	0.013610382	
0.2	0.014018746	
0.25	0.01478867	
0.3	0.01416799	
0.35	0.014255774	
0.4	0.014166883	
0.45	0.013597523	
0.5	0.013582687	
0.55	0.013972822	
0.6	0.014042131	
0.65	0.014222696	
0.7	0.014349063	
0.75	0.014454754	
0.8	0.014599142	
0.85	0.014652256	
0.9	0.014687076	
0.95	0.014727759	
1	0.014777788	
1.1	0.014797578	
1.2	0.014810778	
1.3	0.014819118	
1.4	0.014818051	
1.5	0.014818024	
1.6	0.01481847	
1.7	0.014816942	
1.8	0.014817743	
1.9	0.014818298	
2	0.014818834	
2.2	0.014819929	
2.4	0.014822337	
2.6	0.01482436	
2.8	0.014824427	
3	0.014824469	
3.2	0.01482449	
3.3	0.014824501	
3.4	0.014824513	
3.6	0.014824524	
3.8	0.014824532	
4	0.014824538	
4.4	0.014824542	
4.5	0.014824543	
4.8	0.014824543	
5	0.014824543	
5.5	0.014824541	
6	0.014824537	
6.47	0.014824529	
8	0.014824517	
9	0.014824508	
10	0.014824497	
11	0.014824487	
12	0.014824477	
13	0.014824467	
14	0.014824456	
15	0.014824446	
16	0.014824435	
17	0.014824425	
18	0.014824415	
19	0.014824404	
20	0.014824394	
21	0.014824384	
22	0.014824373	
23	0.014824363	
24	0.014824353	
25	0.014824342	
26	0.014824332	
27	0.014824322	
28	0.014824312	
29	0.014824301	
30	0.014824291	
31	0.014824281	
32	0.014824271	
33	0.014824261	
34	0.014824251	
35	0.014824241	
36	0.014824231	
37	0.014824221	
38	0.014824211	
39	0.014824201	
40	0.014824191	
41	0.014824181	
42	0.014824171	
43	0.014824161	
44	0.014824151	
45	0.014824122	
50	0.014824074	
55	0.014824026	
60	0.014823978	
65	0.014823931	
70	0.014823885	
75	0.014823839	
80	0.014823793	
85	0.014823748	


-------------------------------------------------
tet=88  fi=90
	60	
450	0.019032641	

	60	
450	-23.522561	

	60	
450	0.8877667	



ord=1
	60	
450	28.428135	

	60	
450	-31.638963	

	60	
450	0.060157611	

enhancement factor
ord=0
wave=450 nm
zenith, km	60	
Stoks:	     1.1958561	    0.28129598	  -0.069191705	-0.00050085931	
enhancement factor
0	23.320627	23.474688	25.191607	37.813091	
0.05	15.328049	15.861887	18.859753	44.410039	
0.1	10.344676	10.925122	14.101769	39.295353	
0.15	7.4367801	8.0604033	10.9645	37.902759	
0.2	5.6289966	6.1692405	8.8320358	32.058012	
0.25	4.5102152	5.0143258	7.2118643	25.079489	
0.3	3.8796328	4.3083075	6.4320437	22.202757	
0.35	3.4804755	3.8998809	5.7264274	16.456456	
0.4	3.2431285	3.7014583	5.1508766	13.64646	
0.45	3.0265981	3.3881013	4.8753271	13.530394	
0.5	2.8961722	3.2299386	4.7227717	12.846299	
0.55	2.8027149	3.1233641	4.5805426	11.862766	
0.6	2.7238262	3.0140436	4.4476308	12.529428	
0.65	2.6747185	2.9657736	4.2827109	12.33012	
0.7	2.6235615	2.8812529	4.2194134	9.633391	
0.75	2.6156142	2.8775442	4.2230527	10.082838	
0.8	2.6016656	2.8679288	4.0634452	8.0321796	
0.85	2.5638244	2.8010428	4.0481903	9.0792748	
0.9	2.5640082	2.7670752	3.8863297	8.9046449	
0.95	2.5307331	2.7449106	3.9630525	8.5631758	
1	2.5304568	2.7440203	3.8548837	7.3329136	
1.1	2.4834751	2.7054404	3.5875109	8.7205843	
1.2	2.4638019	2.6540829	3.4986015	6.8632355	
1.3	2.4433413	2.6420718	3.4557386	6.998039	
1.4	2.4284092	2.5997595	3.4394434	6.9630462	
1.5	2.4336529	2.6034287	3.5675362	6.6358126	
1.6	2.4446156	2.6191453	3.4395336	6.7162823	
1.7	2.4467365	2.5744007	3.5990306	6.3487109	
1.8	2.4255043	2.542997	3.3418953	7.2272803	
1.9	2.3984468	2.5241819	3.1925775	6.127209	
2	2.4009512	2.5216895	3.4229985	2.9648784	
2.2	2.3757899	2.4772227	3.461949	2.3060221	
2.4	2.3586772	2.4917021	3.3150422	3.2336275	
2.6	2.3684211	2.4499011	3.2956124	1.0595173	
2.8	2.3458323	2.4214296	3.2272669	2.2568342	
3	2.365656	2.464395	3.3417813	1.2821358	
3.2	2.3493883	2.447062	3.3337131	3.0646725	
3.3	2.3247059	2.4194274	3.0976561	3.8832256	
3.4	2.3229993	2.3958409	3.039495	4.734687	
3.6	2.3325658	2.3912353	3.1186451	2.9103726	
3.8	2.3173745	2.3798048	3.1112124	2.3917046	
4	2.291864	2.3382106	3.0707699	2.0400673	
4.4	2.3340663	2.3591717	3.5057873	0.76382349	
4.5	2.3303518	2.3232141	3.4867425	-0.36398834	
4.8	2.3175712	2.3285	3.2402051	-0.055585267	
5	2.306912	2.3448851	2.9955189	2.2773994	
5.5	2.2980829	2.378188	3.06579	2.6287151	
6	2.3219792	2.3981286	3.0368541	5.2638694	
6.47	2.3041771	2.3392531	2.9622657	2.9063896	
8	2.2650184	2.2839202	2.6993824	2.3120709	
9	2.2537326	2.2695501	2.7954071	1.9700338	
10	2.2379999	2.3258747	2.5655157	-0.69097435	
11	2.1999123	2.2243151	2.6703086	0.016915494	
12	2.1799183	2.1951332	2.6867973	-0.84010105	
13	2.2042217	2.2336288	3.0119945	1.6992454	
14	2.159353	2.2172894	2.5162259	2.2903496	
15	2.1129385	2.1589946	2.3309388	1.7173344	
16	2.0855384	2.1049893	2.2486842	3.780871	
17	2.0578195	2.056949	2.1786641	2.7807892	
18	2.0454905	2.0374133	2.19488	1.9808275	
19	2.0653779	2.0570913	2.5593049	0.5463041	
20	2.0219965	2.0169299	2.1176441	1.9502614	
21	2.0114992	2.0069582	2.0730777	1.7445683	
22	2.0055106	2.0018118	2.0475496	1.6614411	
23	2.0007684	1.9976337	2.0391899	1.6581287	
24	1.9954877	1.9911773	2.032701	2.0514247	
25	1.9926571	1.9915564	2.0190706	2.1816523	
26	1.9886528	1.9863965	2.0121566	2.1224168	
27	1.9852691	1.9812377	2.0045313	2.054291	
28	1.9826246	1.9824124	2.0019986	1.9182153	
29	1.98076	1.981264	1.9949207	1.9618423	
30	1.9791384	1.9798553	1.9900099	1.9780867	
31	1.9771697	1.9785967	1.9781258	1.9433434	
32	1.9752825	1.9760129	1.9781314	1.9865729	
33	1.9742921	1.9747891	1.9776186	1.9994689	
34	1.9733918	1.9739301	1.9769088	1.9930744	
35	1.97227	1.9728227	1.9761805	1.9806191	
36	1.970946	1.9710786	1.9738048	1.9505679	
37	1.9695274	1.9691361	1.9749993	1.9363251	
38	1.9679266	1.9666786	1.9723445	1.9322517	
39	1.9670194	1.9655939	1.970921	1.9471687	
40	1.9661048	1.9646714	1.9698223	1.9468963	
41	1.9652045	1.9637928	1.9688003	1.9460716	
42	1.9643083	1.9629277	1.9678881	1.9446982	
43	1.963299	1.9620367	1.9679819	1.9499654	
44	1.9618844	1.9610378	1.9703207	1.9756483	
45	1.959022	1.9580811	1.9661478	1.9830675	
50	1.954551	1.9537241	1.960888	1.9884358	
55	1.950253	1.9495337	1.9567603	1.97823	
60	1.9459541	1.9455252	1.9530171	1.9595947	
65	1.9417577	1.9413322	1.9487638	1.9552875	
70	1.9375981	1.9371759	1.944548	1.9510185	
75	1.9334746	1.9330558	1.9403692	1.9467872	
80	1.9293869	1.9289713	1.9362267	1.942593	
85	1.9253344	1.924922	1.9321203	1.9384355	


precision, %
wave=450 nm
height, km	60	
0	0.87990569	
0.05	1.0607539	
0.1	1.2076323	
0.15	1.2383089	
0.2	1.2580658	
0.25	1.2253452	
0.3	1.2165346	
0.35	1.1963089	
0.4	1.3399373	
0.45	1.1805202	
0.5	1.2004782	
0.55	1.1886366	
0.6	1.1887189	
0.65	1.1881724	
0.7	1.1049008	
0.75	1.2034767	
0.8	1.3435729	
0.85	1.1965782	
0.9	1.2698115	
0.95	1.1070272	
1	1.1982283	
1.1	1.1613886	
1.2	1.181716	
1.3	1.1951735	
1.4	1.2021924	
1.5	1.348076	
1.6	1.4048504	
1.7	1.6613743	
1.8	1.3435459	
1.9	1.2018944	
2	1.2354251	
2.2	1.3111167	
2.4	1.2076468	
2.6	1.3160131	
2.8	1.2496452	
3	1.350501	
3.2	1.3571922	
3.3	1.2835366	
3.4	1.2463253	
3.6	1.34845	
3.8	1.2183006	
4	1.1941506	
4.4	1.798083	
4.5	1.6179014	
4.8	1.4416084	
5	1.3308067	
5.5	1.233711	
6	1.5979103	
6.47	1.3600396	
8	1.4291664	
9	1.6286366	
10	1.6306344	
11	1.3804576	
12	1.3253027	
13	1.9341429	
14	1.6062017	
15	1.2764426	
16	1.16623	
17	1.0077915	
18	0.99842652	
19	1.7950509	
20	0.95782772	
21	0.94090521	
22	0.93601747	
23	0.93545952	
24	0.91290002	
25	0.91193713	
26	0.89711076	
27	0.88914121	
28	0.88790761	
29	0.88599754	
30	0.88482785	
31	0.88317315	
32	0.88509051	
33	0.88529674	
34	0.88516091	
35	0.88482467	
36	0.88507066	
37	0.88552719	
38	0.88663031	
39	0.88716078	
40	0.88702201	
41	0.88703348	
42	0.88708279	
43	0.88717345	
44	0.88795095	
45	0.8877514	
50	0.88765631	
55	0.88761318	
60	0.88755311	
65	0.88755438	
70	0.88755563	
75	0.88755687	
80	0.8875581	
85	0.88755931	


ord=1
wave=450 nm
zenith, km	60	
Stoks:	    0.33995959	    0.10755969	    0.18662204	             0	
enhancement factor
0	22.399991	22.198054	22.176757	0	
0.05	13.805724	13.82892	13.841703	0	
0.1	8.8115796	8.8884619	8.9021875	0	
0.15	6.0135297	6.0925097	6.1033513	0	
0.2	4.4196326	4.4851721	4.4911468	0	
0.25	3.4894264	3.5391561	3.5418448	0	
0.3	2.9322017	2.9695459	2.9713774	0	
0.35	2.5938679	2.6217864	2.6219872	0	
0.4	2.3843778	2.4055039	2.4050615	0	
0.45	2.2519682	2.2684057	2.26775	0	
0.5	2.1678355	2.1802169	2.179679	0	
0.55	2.1137406	2.122526	2.1221907	0	
0.6	2.0779564	2.0844444	2.0841642	0	
0.65	2.054047	2.0588854	2.0587195	0	
0.7	2.0379432	2.0414428	2.0413791	0	
0.75	2.0268553	2.0294587	2.0293896	0	
0.8	2.0192283	2.021082	2.0211065	0	
0.85	2.0138352	2.0152422	2.0152831	0	
0.9	2.0099973	2.0110924	2.011131	0	
0.95	2.0072558	2.0081024	2.0081146	0	
1	2.004519	2.0051084	2.005126	0	
1.1	2.0022352	2.0026038	2.0026245	0	
1.2	2.0008931	2.0011506	2.0011659	0	
1.3	2.0000889	2.0002492	2.0002665	0	
1.4	1.9995585	1.999675	1.9996899	0	
1.5	1.9991926	1.9992807	1.9992874	0	
1.6	1.9989271	1.9989918	1.9989955	0	
1.7	1.9987185	1.9987724	1.998769	0	
1.8	1.99855	1.998591	1.9985879	0	
1.9	1.9984049	1.9984367	1.9984337	0	
2	1.9982156	1.9982383	1.9982355	0	
2.2	1.9979872	1.998005	1.9980038	0	
2.4	1.9977765	1.9977929	1.9977917	0	
2.6	1.9975753	1.9975911	1.9975896	0	
2.8	1.9973801	1.997394	1.9973924	0	
3	1.9971877	1.9972002	1.9971987	0	
3.2	1.9970445	1.9970563	1.9970548	0	
3.3	1.9969495	1.9969608	1.9969593	0	
3.4	1.9968074	1.9968182	1.9968167	0	
3.6	1.9966186	1.9966288	1.9966273	0	
3.8	1.9964302	1.99644	1.9964386	0	
4	1.9961484	1.9961577	1.9961563	0	
4.4	1.995914	1.995923	1.9959215	0	
4.5	1.9957267	1.9957355	1.995734	0	
4.8	1.9954928	1.9955013	1.9954999	0	
5	1.9951657	1.995174	1.9951726	0	
5.5	1.994699	1.9947071	1.9947056	0	
6	1.9942469	1.9942548	1.9942534	0	
6.47	1.9933165	1.9933241	1.9933227	0	
8	1.9921419	1.9921493	1.9921479	0	
9	1.9912156	1.9912229	1.9912215	0	
10	1.990291	1.9902983	1.9902968	0	
11	1.9893683	1.9893754	1.989374	0	
12	1.9884472	1.9884543	1.9884529	0	
13	1.9875279	1.9875349	1.9875335	0	
14	1.9866102	1.9866173	1.9866159	0	
15	1.9856943	1.9857014	1.9857	0	
16	1.9847801	1.9847871	1.9847857	0	
17	1.9838676	1.9838746	1.9838732	0	
18	1.9829568	1.9829638	1.9829624	0	
19	1.9820477	1.9820546	1.9820532	0	
20	1.9811402	1.9811471	1.9811457	0	
21	1.9802344	1.9802413	1.9802399	0	
22	1.9793303	1.9793372	1.9793358	0	
23	1.9784278	1.9784347	1.9784333	0	
24	1.977527	1.9775339	1.9775325	0	
25	1.9766278	1.9766347	1.9766333	0	
26	1.9757303	1.9757372	1.9757358	0	
27	1.9748345	1.9748413	1.9748399	0	
28	1.9739402	1.9739471	1.9739457	0	
29	1.9730476	1.9730545	1.9730531	0	
30	1.9721567	1.9721635	1.9721621	0	
31	1.9712673	1.9712741	1.9712727	0	
32	1.9703796	1.9703864	1.970385	0	
33	1.9694935	1.9695002	1.9694989	0	
34	1.968609	1.9686157	1.9686143	0	
35	1.967726	1.9677328	1.9677314	0	
36	1.9668447	1.9668515	1.9668501	0	
37	1.965965	1.9659718	1.9659704	0	
38	1.9650869	1.9650936	1.9650923	0	
39	1.9642104	1.9642171	1.9642157	0	
40	1.9633354	1.9633421	1.9633408	0	
41	1.962462	1.9624687	1.9624674	0	
42	1.9615902	1.9615969	1.9615956	0	
43	1.96072	1.9607267	1.9607253	0	
44	1.9598513	1.959858	1.9598566	0	
45	1.9572562	1.9572628	1.9572615	0	
50	1.9529592	1.9529658	1.9529644	0	
55	1.9487003	1.9487068	1.9487055	0	
60	1.944479	1.9444855	1.9444842	0	
65	1.9402948	1.9403012	1.9402999	0	
70	1.9361471	1.9361534	1.9361521	0	
75	1.9320354	1.9320417	1.9320404	0	
80	1.9279593	1.9279655	1.9279642	0	
85	1.9239182	1.9239244	1.9239231	0	


precision, %
wave=450 nm
height, km	60	
0	0.071350452	
0.05	0.075868781	
0.1	0.075421966	
0.15	0.073057859	
0.2	0.071949443	
0.25	0.072349797	
0.3	0.06629406	
0.35	0.064248286	
0.4	0.062007734	
0.45	0.058287868	
0.5	0.057350042	
0.55	0.058348647	
0.6	0.058090953	
0.65	0.058441429	
0.7	0.058746654	
0.75	0.059030931	
0.8	0.059510255	
0.85	0.059654009	
0.9	0.059744004	
0.95	0.059870326	
1	0.060034838	
1.1	0.060085401	
1.2	0.060122686	
1.3	0.060146795	
1.4	0.060137667	
1.5	0.060134629	
1.6	0.060134577	
1.7	0.060127495	
1.8	0.060129897	
1.9	0.060131591	
2	0.060133273	
2.2	0.060137289	
2.4	0.060146528	
2.6	0.060154321	
2.8	0.060154557	
3	0.06015471	
3.2	0.060154793	
3.3	0.060154836	
3.4	0.060154888	
3.6	0.060154941	
3.8	0.060154981	
4	0.060155023	
4.4	0.06015505	
4.5	0.060155066	
4.8	0.060155083	
5	0.0601551	
5.5	0.060155119	
6	0.060155132	
6.47	0.06015515	
8	0.060155166	
9	0.060155174	
10	0.060155181	
11	0.060155186	
12	0.060155191	
13	0.060155196	
14	0.0601552	
15	0.060155203	
16	0.060155207	
17	0.06015521	
18	0.060155214	
19	0.060155217	
20	0.06015522	
21	0.060155223	
22	0.060155226	
23	0.060155229	
24	0.060155232	
25	0.060155235	
26	0.060155238	
27	0.060155241	
28	0.060155244	
29	0.060155247	
30	0.06015525	
31	0.060155253	
32	0.060155256	
33	0.060155259	
34	0.060155261	
35	0.060155264	
36	0.060155267	
37	0.06015527	
38	0.060155273	
39	0.060155276	
40	0.060155278	
41	0.060155281	
42	0.060155284	
43	0.060155287	
44	0.06015529	
45	0.060155298	
50	0.060155312	
55	0.060155325	
60	0.060155339	
65	0.060155352	
70	0.060155365	
75	0.060155378	
80	0.060155391	
85	0.060155404	


-------------------------------------------------
tet=88  fi=180
	60	
450	0.01962175	

	60	
450	8.2042377	

	60	
450	0.99874649	



ord=1
	60	
450	29.538966	

	60	
450	7.8177711	

	60	
450	0.056103266	

enhancement factor
ord=0
wave=450 nm
zenith, km	60	
Stoks:	     1.2328709	   -0.10114766	-0.00085252421	  0.0001489725	
enhancement factor
0	23.211078	19.952295	40.19724	26.060282	
0.05	15.238927	10.96397	-47.735876	21.393327	
0.1	10.22459	6.2623749	-9.6058531	0.91550912	
0.15	7.3340913	3.3146551	-35.930378	5.5773002	
0.2	5.5004638	1.9636821	-8.6519105	-1.4224945	
0.25	4.4080509	1.1711714	-3.6389458	-8.906358	
0.3	3.8179415	0.69310092	-17.893535	-4.1268988	
0.35	3.4240601	0.51430804	-11.401226	2.1434942	
0.4	3.1786112	0.18948123	-14.939334	9.8162088	
0.45	2.9581954	0.47532405	-6.1162738	4.8138165	
0.5	2.8367397	0.55418932	-8.6542563	9.947971	
0.55	2.7579206	0.56552603	-11.246836	8.0996434	
0.6	2.6836137	0.64142543	-12.786245	8.8331114	
0.65	2.6256967	0.61704347	-7.5016805	5.9279619	
0.7	2.5858133	0.65874446	4.6791473	6.8860186	
0.75	2.584667	0.6222472	14.602413	3.5353445	
0.8	2.5584671	0.51915902	0.15042204	10.378622	
0.85	2.5389548	0.55770759	6.9565816	9.2805496	
0.9	2.5480163	0.78460101	-1.8674443	-1.3368514	
0.95	2.5066264	0.61607611	4.4553585	9.9702971	
1	2.5186613	0.64433917	3.220712	9.5714519	
1.1	2.4858666	0.61232915	-4.7159248	11.7363	
1.2	2.4685103	0.78255538	-3.9480795	10.173954	
1.3	2.4461019	0.79719298	0.261571	10.664563	
1.4	2.425365	0.87970748	8.8106975	15.91761	
1.5	2.4128931	0.83527824	11.182234	9.8668062	
1.6	2.4178305	0.76472359	8.2795408	4.6214657	
1.7	2.4554461	1.057384	13.963788	-2.9576057	
1.8	2.4202351	0.97859229	-8.3995548	2.4365458	
1.9	2.3891907	0.97065141	-1.8308412	8.4224612	
2	2.3786283	1.0262485	17.079204	7.5187862	
2.2	2.3491665	1.1475514	19.588118	7.2599221	
2.4	2.3392784	1.0722367	19.218502	8.2611218	
2.6	2.3441904	1.24906	20.011705	6.4839094	
2.8	2.3233181	1.2780791	18.154745	6.7377311	
3	2.3351357	1.1686221	21.161147	7.5528226	
3.2	2.321902	1.214819	22.673268	5.8085005	
3.3	2.2981618	1.2720808	11.362212	7.5096515	
3.4	2.3106678	1.2686623	5.505796	4.5566514	
3.6	2.3224886	1.2497565	10.474527	6.9902501	
3.8	2.3132111	1.2174845	11.566213	4.0435158	
4	2.3003489	1.404384	22.74921	7.7687221	
4.4	2.3437684	1.349222	83.33369	19.17643	
4.5	2.3359159	1.492054	58.702131	17.018557	
4.8	2.3194358	1.5333279	42.143437	13.572541	
5	2.3070884	1.5931073	18.822544	9.5871008	
5.5	2.3048383	1.4204361	14.88422	5.0870206	
6	2.3174894	1.3268498	19.782236	-2.6763534	
6.47	2.3116801	1.4285601	14.386486	2.0245589	
8	2.2765242	1.529789	3.8471113	4.8189317	
9	2.2469272	1.6801449	-11.903711	3.3336741	
10	2.2337535	1.4153554	-17.909794	13.42588	
11	2.1989789	1.6109846	7.6968925	5.5160435	
12	2.1841743	1.7521085	16.413504	8.8447169	
13	2.2112218	1.5510217	64.106278	4.1012721	
14	2.1827128	1.6584225	8.8618715	9.1503002	
15	2.1214784	1.6441037	12.790473	4.4234121	
16	2.0979308	1.7550144	-2.7281605	-2.4866117	
17	2.0632939	1.8830479	5.8413923	1.8758617	
18	2.0573045	1.9638672	5.521329	2.6008628	
19	2.0800454	1.94327	12.89173	3.3592922	
20	2.0337383	1.9850791	-1.0195029	2.3766916	
21	2.0195278	1.9725291	0.29190528	2.686976	
22	2.011065	1.9626664	2.1025734	2.4110182	
23	2.0058507	1.9653759	2.1325409	2.7086549	
24	1.9986011	1.9598168	2.151217	2.2711405	
25	1.9965983	1.9584357	1.7389561	2.0947405	
26	1.9929103	1.9689344	1.3922104	2.1615426	
27	1.9897263	1.9824361	0.93095946	2.4779271	
28	1.9874673	1.9749816	0.45696416	2.964328	
29	1.9853213	1.9732622	0.058852206	2.9219098	
30	1.9835088	1.974756	-0.29317022	2.9086468	
31	1.9812061	1.9744169	-0.52621377	2.8579788	
32	1.9796377	1.9755861	-0.41253103	2.6868702	
33	1.9787066	1.9754935	-0.37784208	2.6453801	
34	1.9777776	1.9748395	-0.35458423	2.6563712	
35	1.9765847	1.9740594	-0.390097	2.7145902	
36	1.9753196	1.9741032	-0.48139049	2.7474228	
37	1.9736686	1.9765163	0.056274843	2.7425376	
38	1.9714997	1.9765034	0.62969862	2.6233848	
39	1.9704897	1.9753813	0.69808058	2.5841989	
40	1.9695753	1.9746828	0.69006794	2.5764155	
41	1.9686722	1.9738036	0.6805008	2.5748407	
42	1.9677576	1.9728932	0.67897519	2.5736985	
43	1.9666215	1.9718207	0.93114409	2.4644822	
44	1.9647301	1.9698037	1.8723784	2.0062474	
45	1.9614881	1.9669818	1.7996351	1.9457915	
50	1.9569953	1.9630782	1.7886714	1.9111913	
55	1.9526839	1.958624	1.8053449	1.9270791	
60	1.9483653	1.9537037	1.8480039	1.9714994	
65	1.9441495	1.9494451	1.8446222	1.9670832	
70	1.9399706	1.9452242	1.8412657	1.9627068	
75	1.9358282	1.9410402	1.8379343	1.9583698	
80	1.9317218	1.9368928	1.8346275	1.9540715	
85	1.9276508	1.9327813	1.8313451	1.9498114	


precision, %
wave=450 nm
height, km	60	
0	0.95695681	
0.05	1.1214334	
0.1	1.2487642	
0.15	1.262391	
0.2	1.2552952	
0.25	1.1942961	
0.3	1.2835555	
0.35	1.1916514	
0.4	1.3983917	
0.45	1.1414164	
0.5	1.2255675	
0.55	1.1983404	
0.6	1.1938089	
0.65	1.1761439	
0.7	1.1700147	
0.75	1.2862291	
0.8	1.3209912	
0.85	1.3264123	
0.9	1.705387	
0.95	1.2429295	
1	1.389883	
1.1	1.3665926	
1.2	1.3636807	
1.3	1.3383598	
1.4	1.3251527	
1.5	1.3270381	
1.6	1.3487474	
1.7	2.050734	
1.8	1.5107058	
1.9	1.3261157	
2	1.3064035	
2.2	1.2908497	
2.4	1.2976354	
2.6	1.4374256	
2.8	1.3069094	
3	1.399151	
3.2	1.4108302	
3.3	1.2852968	
3.4	1.3351937	
3.6	1.360654	
3.8	1.2960666	
4	1.3247561	
4.4	2.1997037	
4.5	1.8095119	
4.8	1.592442	
5	1.4033353	
5.5	1.3782455	
6	1.5471368	
6.47	1.4933919	
8	1.6178995	
9	1.4967644	
10	1.6196749	
11	1.4465999	
12	1.5345688	
13	2.2699902	
14	2.0400046	
15	1.4337741	
16	1.5150359	
17	1.1256863	
18	1.1748544	
19	1.7027349	
20	1.1457938	
21	1.0968922	
22	1.0841337	
23	1.082007	
24	1.030151	
25	1.028098	
26	1.0150869	
27	1.0067481	
28	1.0052032	
29	1.0058743	
30	1.0059408	
31	1.0026098	
32	1.0033746	
33	1.0034034	
34	1.0033044	
35	1.0029517	
36	1.0028685	
37	1.0035835	
38	1.0044953	
39	1.0042387	
40	1.0041756	
41	1.0041631	
42	1.0042072	
43	1.003153	
44	0.99992295	
45	0.99823196	
50	0.99847173	
55	0.99842408	
60	0.9983372	
65	0.99833947	
70	0.99834172	
75	0.99834394	
80	0.99834615	
85	0.99834833	


ord=1
wave=450 nm
zenith, km	60	
Stoks:	    0.36417732	  -0.028470549	 0.00035900154	             0	
enhancement factor
0	22.418829	22.082505	35.185091	0	
0.05	13.881352	13.852836	41.364388	0	
0.1	8.9101356	8.8980814	43.397294	0	
0.15	6.1214591	6.0954032	41.605234	0	
0.2	4.5303097	4.4508605	41.911134	0	
0.25	3.600035	3.4781511	41.904788	0	
0.3	3.0414814	2.8950704	41.743781	0	
0.35	2.6616635	2.5844992	25.274849	0	
0.4	2.3920933	2.4332783	1.5101453	0	
0.45	2.258437	2.2885396	1.6199093	0	
0.5	2.1732231	2.1952139	1.7660999	0	
0.55	2.1182231	2.134531	1.8337806	0	
0.6	2.0817448	2.093726	1.8827598	0	
0.65	2.0572965	2.066167	1.9496918	0	
0.7	2.0407689	2.0475095	1.9752279	0	
0.75	2.0293625	2.0345051	1.9637949	0	
0.8	2.0214953	2.0255896	1.9826365	0	
0.85	2.0159304	2.0191159	1.9959302	0	
0.9	2.011966	2.014463	2.0023116	0	
0.95	2.0091284	2.0110937	1.9949569	0	
1	2.0062883	2.0077386	1.9993091	0	
1.1	2.0039096	2.0049108	2.0016742	0	
1.2	2.0025056	2.003202	2.0041161	0	
1.3	2.0016578	2.0021721	2.0039823	0	
1.4	2.001098	2.001462	2.0071766	0	
1.5	2.0007117	2.0009758	2.0057797	0	
1.6	2.0004316	2.0006338	2.0049327	0	
1.7	2.0002125	2.0003632	2.0032671	0	
1.8	2.0000362	2.0001589	2.0031907	0	
1.9	1.9998852	1.9999876	2.0031139	0	
2	1.9996897	1.999771	2.0029978	0	
2.2	1.9994558	1.9995187	2.0038764	0	
2.4	1.9992415	1.9992896	2.0044054	0	
2.6	1.9990378	1.9990753	2.0046028	0	
2.8	1.9988406	1.9988732	2.0044133	0	
3	1.9986466	1.9986757	2.0042239	0	
3.2	1.9985024	1.9985295	2.0040818	0	
3.3	1.9984068	1.9984328	2.0039871	0	
3.4	1.9982639	1.9982886	2.0038452	0	
3.6	1.9980741	1.9980972	2.0036559	0	
3.8	1.9978849	1.9979067	2.0034761	0	
4	1.9976018	1.9976222	2.0032056	0	
4.4	1.9973665	1.997386	2.002969	0	
4.5	1.9971785	1.9971974	2.0027797	0	
4.8	1.9969438	1.9969621	2.0025433	0	
5	1.9966156	1.9966333	2.0022126	0	
5.5	1.9961474	1.9961644	2.0017404	0	
6	1.9956939	1.9957103	2.0012828	0	
6.47	1.9947608	1.9947764	2.0003408	0	
8	1.9935829	1.993598	1.9991514	0	
9	1.992654	1.9926688	1.9982132	0	
10	1.991727	1.9917415	1.9972768	0	
11	1.9908017	1.990816	1.9963422	0	
12	1.9898781	1.9898924	1.9954093	0	
13	1.9889563	1.9889705	1.9944781	0	
14	1.9880363	1.9880504	1.9935487	0	
15	1.9871179	1.987132	1.992621	0	
16	1.9862013	1.9862153	1.9916951	0	
17	1.9852864	1.9853003	1.9907708	0	
18	1.9843731	1.984387	1.9898483	0	
19	1.9834616	1.9834755	1.9889275	0	
20	1.9825517	1.9825656	1.9880084	0	
21	1.9816436	1.9816574	1.987091	0	
22	1.9807371	1.9807508	1.9861754	0	
23	1.9798322	1.979846	1.9852614	0	
24	1.9789291	1.9789428	1.984349	0	
25	1.9780275	1.9780412	1.9834384	0	
26	1.9771277	1.9771414	1.9825295	0	
27	1.9762295	1.9762431	1.9816222	0	
28	1.9753329	1.9753465	1.9807166	0	
29	1.974438	1.9744516	1.9798127	0	
30	1.9735447	1.9735583	1.9789104	0	
31	1.972653	1.9726666	1.9780098	0	
32	1.971763	1.9717765	1.9771108	0	
33	1.9708746	1.9708881	1.9762135	0	
34	1.9699878	1.9700012	1.9753178	0	
35	1.9691026	1.969116	1.9744238	0	
36	1.968219	1.9682324	1.9735313	0	
37	1.967337	1.9673504	1.9726405	0	
38	1.9664566	1.96647	1.9717514	0	
39	1.9655778	1.9655912	1.9708638	0	
40	1.9647006	1.9647139	1.9699779	0	
41	1.963825	1.9638383	1.9690935	0	
42	1.9629509	1.9629642	1.9682108	0	
43	1.9620785	1.9620917	1.9673297	0	
44	1.9612075	1.9612208	1.9664501	0	
45	1.9586058	1.9586189	1.9638226	0	
50	1.9542978	1.9543109	1.9594721	0	
55	1.9500281	1.9500411	1.9551605	0	
60	1.9457961	1.945809	1.9508872	0	
65	1.9416013	1.9416141	1.9466517	0	
70	1.9374432	1.9374559	1.9424533	0	
75	1.9333213	1.9333339	1.9382917	0	
80	1.9292351	1.9292475	1.9341663	0	
85	1.925184	1.9251964	1.9300766	0	


precision, %
wave=450 nm
height, km	60	
0	0.066437986	
0.05	0.070237741	
0.1	0.06935677	
0.15	0.066653183	
0.2	0.065138134	
0.25	0.065074852	
0.3	0.05932984	
0.35	0.058177364	
0.4	0.057483254	
0.45	0.054126273	
0.5	0.053319575	
0.55	0.054281473	
0.6	0.054081793	
0.65	0.054429164	
0.7	0.054728204	
0.75	0.055003914	
0.8	0.055454386	
0.85	0.055594587	
0.9	0.05568309	
0.95	0.055802767	
1	0.055957819	
1.1	0.056008272	
1.2	0.056044805	
1.3	0.056068416	
1.4	0.056061291	
1.5	0.056059328	
1.6	0.056059851	
1.7	0.056053862	
1.8	0.056056309	
1.9	0.056058042	
2	0.056059769	
2.2	0.056063556	
2.4	0.056071902	
2.6	0.056078915	
2.8	0.056079182	
3	0.05607936	
3.2	0.056079459	
3.3	0.056079511	
3.4	0.056079576	
3.6	0.056079644	
3.8	0.056079698	
4	0.056079758	
4.4	0.056079798	
4.5	0.056079823	
4.8	0.056079851	
5	0.056079883	
5.5	0.05607992	
6	0.05607995	
6.47	0.05608	
8	0.056080053	
9	0.056080089	
10	0.056080124	
11	0.056080156	
12	0.056080187	
13	0.056080218	
14	0.056080248	
15	0.056080277	
16	0.056080307	
17	0.056080336	
18	0.056080365	
19	0.056080393	
20	0.056080422	
21	0.05608045	
22	0.056080478	
23	0.056080506	
24	0.056080534	
25	0.056080562	
26	0.05608059	
27	0.056080618	
28	0.056080646	
29	0.056080673	
30	0.056080701	
31	0.056080728	
32	0.056080756	
33	0.056080783	
34	0.05608081	
35	0.056080838	
36	0.056080865	
37	0.056080892	
38	0.056080919	
39	0.056080946	
40	0.056080973	
41	0.056081	
42	0.056081026	
43	0.056081053	
44	0.05608108	
45	0.056081159	
50	0.056081291	
55	0.056081421	
60	0.05608155	
65	0.056081677	
70	0.056081803	
75	0.056081927	
80	0.05608205	
85	0.056082172	


