RT Model MCC++	 O.Postylyakov	ver.72
MixedSimC<atmos::StoksC,MCSimC<atmos::StoksC,MCWMethodC<atmos::StoksC,SphericalGeomT>>,SSSimC<atmos::StoksC,MCSimC<atmos::StoksC,MSSMethodC<atmos::StoksC,SphericalGeomT,1000>>>>	ps::cLCG2C	Density: double	AMFs: Yes	ORDERS_ACCOUNT: ATM_COLLGS_ORDERS
photons passed	base/max expendeture	EPS-breakes	MaxCollgs-Breaks	MinPhWgt-Breaks	average colligions
26700	0.0430836/0.0543842	0	0	0	3.16213	
SpecialSamplingCollgs	ForceCollgSimul	EPS	ssEPS	MaxCollgs	MinPhWgt	BaseMod	
1	0	0.001	1e-12	500	1e-300	0	
Albedo	time	IY
0.05	0.0551333	{ 1365021426 1412361927 ; 40014 40692 2147483563 2147483399 }	
 -6370.99	 -6370.99	 -5791.81	 -5212.63	 -4633.45	 -4054.27	 -3475.09	  -2895.9	 -2316.72	 -1737.54	 -1158.36	 -579.181	-9.09495e-13	  12.8571	  25.7143	  38.5714	  51.4286	  64.2857	  77.1429	       90	
        0	        0	0.0080361	 0.024108	 0.040179	 0.056251	 0.072322	 0.088394	  0.10447	  0.12054	  0.13661	  0.15268	  0.16875	0.0039284	0.0039364	0.0039443	0.0039522	0.0039601	 0.003968	 0.003976	
        0	        0	        0	        0	        0	        0	        0	        0	        0	        0	        0	        0	        0	        0	        0	        0	        0	        0	        0	        0	
        0	        0	        0	        0	        0	        0	        0	        0	        0	        0	        0	        0	        0	        0	        0	        0	        0	        0	        0	        0	

-------------------------------------------------
tet=89.9  fi=0
	60	
450	0.040528	

	60	
450	1.041	

	60	
450	0.61869	



ord=1
	60	
450	45.813	

	60	
450	4.2307	

	60	
450	0.017216	

enhancement factor
ord=0
wave=450 nm
zenith, km	60	
Stoks:	      2.546441	  -0.026508229	 -0.0019491745	-0.00025136043	
enhancement factor
0	59.565355	76.92016	40.064647	72.581102	
0.05	3.1485439	-9.9695204	5.1575488	6.9168257	
0.1	2.88506	-8.7142689	4.2889972	2.2619235	
0.15	2.7637113	-8.1204538	4.2813685	1.3681448	
0.2	2.6777403	-7.324481	2.9537474	0.68789956	
0.25	2.6053204	-7.0579664	1.7405575	2.6840514	
0.3	2.5578767	-6.6381048	1.3766953	5.2690329	
0.35	2.5243647	-6.4057565	7.4002578	4.5128465	
0.4	2.4824641	-6.2638457	4.032796	1.1611126	
0.45	2.4523091	-6.0181488	4.6104746	1.6786744	
0.5	2.4114687	-6.1138567	1.8352931	2.05776	
0.55	2.3918125	-6.098682	6.9460357	5.1912569	
0.6	2.3699821	-5.3236702	9.8647668	-0.32097449	
0.65	2.3546968	-5.4155351	8.3831926	-1.0358144	
0.7	2.3441981	-5.4541462	6.6948213	0.62179655	
0.75	2.3284591	-5.2856457	3.808979	0.29387318	
0.8	2.3125951	-5.0709519	6.9180012	-0.46939251	
0.85	2.3007364	-4.8694238	9.6733357	0.95386623	
0.9	2.2897096	-4.7251497	9.2757727	1.3847449	
0.95	2.2874464	-4.4477105	10.365033	-0.056519838	
1	2.2928451	-4.9316046	7.9167193	1.1095919	
1.1	2.2643118	-3.8981962	5.971895	4.1033082	
1.2	2.2549607	-3.8655313	5.8720734	5.9200502	
1.3	2.2511218	-4.263296	7.4844235	7.6042352	
1.4	2.2389144	-3.9565785	7.323311	4.0562891	
1.5	2.2258928	-3.9377584	6.5376983	5.2100355	
1.6	2.2192547	-3.4881082	9.7198973	5.0901269	
1.7	2.2130432	-2.7566192	8.76163	3.1296885	
1.8	2.2213186	-3.0213926	7.7713804	-0.065407722	
1.9	2.2052076	-3.2013544	5.7808223	2.4075708	
2	2.1837812	-2.8555403	3.9209025	3.5540791	
2.2	2.1811621	-3.0405661	12.513898	-1.1826348	
2.4	2.1799628	-2.8506201	13.40882	1.4778627	
2.6	2.1714575	-2.6345411	16.230783	1.7738497	
2.8	2.1695231	-2.2329789	13.703014	0.61313452	
3	2.1668693	-1.5995328	2.8601728	1.6929611	
3.2	2.1583397	-1.9130306	0.37309069	1.0967799	
3.3	2.1542039	-2.2103196	1.6367689	2.1421057	
3.4	2.1534865	-1.9956517	0.028768947	2.3976416	
3.6	2.1600154	-1.0534798	4.9140414	5.1740088	
3.8	2.1514834	-1.629306	0.86075875	1.937569	
4	2.1611832	-1.8875654	3.2664275	0.83608277	
4.4	2.1645421	-1.6547422	-1.4289733	-0.67321346	
4.5	2.1615563	-1.6574109	-1.0470207	0.65103795	
4.8	2.1642912	-2.1573314	-0.13324609	5.253778	
5	2.1576393	-1.2644605	-3.2155763	5.0859497	
5.5	2.1521933	-0.79045323	2.824148	5.1335068	
6	2.1438278	-1.6973447	8.634679	0.73471088	
6.47	2.1343728	-1.4505738	11.678903	0.65591079	
8	2.1175888	-0.46240506	12.4204	2.2048464	
9	2.0995737	-0.70735019	3.4188882	4.0217422	
10	2.0857626	0.051627385	-3.4661475	4.6207709	
11	2.0851661	0.60221731	-9.0264891	9.773927	
12	2.0716933	0.94403085	-8.2839458	4.0666829	
13	2.0559752	0.79021004	-6.3635549	-1.7534917	
14	2.0444987	1.0217744	2.3971719	4.9291199	
15	2.0404237	1.6758424	-1.4755383	2.708358	
16	2.0312017	1.8762362	2.6850033	0.27261572	
17	2.0228654	1.7248302	10.361345	0.81050616	
18	2.0226809	1.4303515	14.109384	-0.28469565	
19	2.019329	1.2308511	10.363032	-1.0920486	
20	2.0137153	1.538518	9.6811617	1.9878717	
21	2.0050514	1.7964472	3.6466481	-0.56704707	
22	1.9987471	1.8121646	2.6123438	-0.21791137	
23	1.9944501	1.845385	2.628576	0.31026473	
24	1.9894237	1.9980862	3.444252	0.36873363	
25	1.9849729	1.9483458	4.1652614	0.6849548	
26	1.98219	1.9253795	4.2647584	0.6514497	
27	1.9806369	1.9326317	4.1936111	0.66480956	
28	1.9786057	1.9504702	3.7682193	0.98591284	
29	1.9766583	1.9690834	3.298654	1.2450643	
30	1.9754551	1.9724762	2.9474396	1.2853578	
31	1.9748579	1.9534418	2.4319364	1.963515	
32	1.9731501	1.9361027	1.8237839	1.8853405	
33	1.9716151	1.9439464	2.0527709	1.8321043	
34	1.9702209	1.955479	2.4522628	1.7753658	
35	1.9682643	1.9880546	2.6395582	1.6695162	
36	1.9669839	1.9987266	2.6667701	1.6430408	
37	1.9657959	1.9927313	2.7848699	1.6375372	
38	1.9646135	1.980378	2.4949877	1.5839629	
39	1.9634282	1.9632581	2.3054093	1.8403148	
40	1.9624145	1.9558894	2.2654454	1.9322167	
41	1.961528	1.9550244	2.2663281	1.9311163	
42	1.9606405	1.9542822	2.2638506	1.9291551	
43	1.9596332	1.9594116	2.1304987	1.9483231	
44	1.9586694	1.9635372	2.0202751	1.9637369	
45	1.9560154	1.9607686	2.0188686	1.960751	
50	1.9517093	1.9563741	2.0145994	1.9563109	
55	1.9474618	1.9520713	2.0101862	1.9520259	
60	1.9432494	1.9478206	2.0056712	1.9477788	
65	1.9390739	1.9436082	2.0011166	1.9435691	
70	1.9349356	1.9394341	1.996468	1.9393962	
75	1.9308333	1.9352963	1.9918624	1.9352597	
80	1.9267664	1.9311945	1.9872992	1.9311591	
85	1.9227345	1.9271281	1.9827778	1.9270939	


precision, %
wave=450 nm
height, km	60	
0	0.56504435	
0.05	1.0148632	
0.1	0.96306095	
0.15	0.91346338	
0.2	0.89994897	
0.25	0.84286085	
0.3	0.84675353	
0.35	0.88017027	
0.4	0.8641001	
0.45	0.85941138	
0.5	0.85721074	
0.55	0.83771739	
0.6	0.86515945	
0.65	0.80511696	
0.7	0.81926405	
0.75	0.84438867	
0.8	0.8337333	
0.85	0.84037158	
0.9	0.82453873	
0.95	0.84687232	
1	0.90868085	
1.1	0.82256905	
1.2	0.86569629	
1.3	0.8644406	
1.4	0.84898761	
1.5	0.79640484	
1.6	0.8077662	
1.7	0.78454819	
1.8	0.85678872	
1.9	0.84790812	
2	0.76021645	
2.2	0.75694354	
2.4	0.78806999	
2.6	0.79098047	
2.8	0.8376464	
3	0.83459965	
3.2	0.79124215	
3.3	0.77131735	
3.4	0.78184422	
3.6	0.93423807	
3.8	0.79064205	
4	0.80924124	
4.4	0.88446883	
4.5	0.8443165	
4.8	0.87826548	
5	0.95250365	
5.5	0.87780986	
6	0.91669552	
6.47	0.81664052	
8	0.84797008	
9	0.83043885	
10	0.8889527	
11	1.0977362	
12	1.0454463	
13	0.88720674	
14	0.83914987	
15	0.8078611	
16	0.82669173	
17	0.76044148	
18	0.76503936	
19	0.78213536	
20	0.71302915	
21	0.66516992	
22	0.6515312	
23	0.64794403	
24	0.64129886	
25	0.63766581	
26	0.63661908	
27	0.6352213	
28	0.63314075	
29	0.63007657	
30	0.62890596	
31	0.62816002	
32	0.62614786	
33	0.62422792	
34	0.62419678	
35	0.62276939	
36	0.62281218	
37	0.62256318	
38	0.62003071	
39	0.61924597	
40	0.61903295	
41	0.61903391	
42	0.61903311	
43	0.61872439	
44	0.61864043	
45	0.61881718	
50	0.61886906	
55	0.61887064	
60	0.61886739	
65	0.61886497	
70	0.61886375	
75	0.61886254	
80	0.61886135	
85	0.61886018	


ord=1
wave=450 nm
zenith, km	60	
Stoks:	     1.1665909	  -0.049354783	 -1.309713e-05	             0	
enhancement factor
0	68.862299	69.451074	121.57795	0	
0.05	2.072776	2.0747542	4.6365661	0	
0.1	1.9993804	1.9993573	2.1258643	0	
0.15	1.998079	1.9980551	1.9897902	0	
0.2	1.9979757	1.9979584	1.9964889	0	
0.25	1.9979246	1.9979071	1.9964421	0	
0.3	1.9978772	1.9978597	1.9963953	0	
0.35	1.9978302	1.9978128	1.9963485	0	
0.4	1.9977833	1.9977658	1.9963018	0	
0.45	1.9977364	1.997719	1.996255	0	
0.5	1.9976895	1.9976721	1.9962082	0	
0.55	1.9976426	1.9976252	1.9961613	0	
0.6	1.9975958	1.9975783	1.9961146	0	
0.65	1.9975489	1.9975314	1.9960678	0	
0.7	1.997502	1.9974846	1.9960211	0	
0.75	1.9974552	1.9974377	1.9959744	0	
0.8	1.9974083	1.9973908	1.9959276	0	
0.85	1.9973614	1.997344	1.9958809	0	
0.9	1.9973146	1.9972971	1.9958342	0	
0.95	1.9972677	1.9972503	1.9957875	0	
1	1.9971975	1.99718	1.9957174	0	
1.1	1.9971038	1.9970864	1.995624	0	
1.2	1.9970102	1.9969927	1.9955306	0	
1.3	1.9969165	1.9968991	1.9954372	0	
1.4	1.9968229	1.9968055	1.9953438	0	
1.5	1.9967293	1.9967119	1.9952505	0	
1.6	1.9966357	1.9966183	1.9951571	0	
1.7	1.9965422	1.9965247	1.9950638	0	
1.8	1.9964486	1.9964312	1.9949705	0	
1.9	1.9963551	1.9963377	1.9948773	0	
2	1.9962148	1.9961974	1.9947374	0	
2.2	1.9960279	1.9960105	1.9945509	0	
2.4	1.995841	1.9958236	1.9943646	0	
2.6	1.9956542	1.9956368	1.9941783	0	
2.8	1.9954674	1.99545	1.993992	0	
3	1.9952808	1.9952634	1.9938058	0	
3.2	1.9951408	1.9951234	1.9936663	0	
3.3	1.9950475	1.9950301	1.9935732	0	
3.4	1.9949076	1.9948903	1.9934337	0	
3.6	1.9947212	1.9947038	1.9932478	0	
3.8	1.9945348	1.9945174	1.9930619	0	
4	1.9942553	1.994238	1.9927832	0	
4.4	1.9940225	1.9940052	1.992551	0	
4.5	1.9938364	1.9938191	1.9923654	0	
4.8	1.9936039	1.9935865	1.9921335	0	
5	1.9932785	1.9932611	1.9918089	0	
5.5	1.992814	1.9927966	1.9913457	0	
6	1.9923638	1.9923465	1.9908968	0	
6.47	1.9914371	1.9914198	1.9899725	0	
8	1.990267	1.9902498	1.9888056	0	
9	1.989344	1.9893268	1.9878851	0	
10	1.9884228	1.9884056	1.9869663	0	
11	1.9875032	1.9874861	1.9860492	0	
12	1.9865854	1.9865683	1.9851339	0	
13	1.9856693	1.9856522	1.9842202	0	
14	1.9847548	1.9847378	1.9833082	0	
15	1.9838421	1.9838251	1.9823979	0	
16	1.982931	1.9829141	1.9814893	0	
17	1.9820217	1.9820047	1.9805823	0	
18	1.981114	1.981097	1.979677	0	
19	1.9802079	1.980191	1.9787734	0	
20	1.9793036	1.9792867	1.9778715	0	
21	1.9784009	1.978384	1.9769711	0	
22	1.9774998	1.977483	1.9760725	0	
23	1.9766005	1.9765837	1.9751755	0	
24	1.9757027	1.9756859	1.9742801	0	
25	1.9748066	1.9747899	1.9733864	0	
26	1.9739121	1.9738954	1.9724943	0	
27	1.9730193	1.9730026	1.9716038	0	
28	1.9721281	1.9721115	1.9707149	0	
29	1.9712385	1.9712219	1.9698277	0	
30	1.9703506	1.970334	1.9689421	0	
31	1.9694642	1.9694476	1.9680581	0	
32	1.9685795	1.9685629	1.9671756	0	
33	1.9676963	1.9676798	1.9662948	0	
34	1.9668148	1.9667983	1.9654156	0	
35	1.9659349	1.9659184	1.964538	0	
36	1.9650565	1.9650401	1.9636619	0	
37	1.9641798	1.9641634	1.9627874	0	
38	1.9633046	1.9632882	1.9619146	0	
39	1.962431	1.9624146	1.9610432	0	
40	1.961559	1.9615426	1.9601735	0	
41	1.9606885	1.9606722	1.9593053	0	
42	1.9598196	1.9598033	1.9584386	0	
43	1.9589523	1.958936	1.9575736	0	
44	1.9580865	1.9580703	1.95671	0	
45	1.9555	1.9554839	1.9541302	0	
50	1.9512172	1.9512012	1.9498585	0	
55	1.9469724	1.9469565	1.9456246	0	
60	1.942765	1.9427492	1.9414279	0	
65	1.9385944	1.9385788	1.9372679	0	
70	1.9344601	1.9344446	1.9331441	0	
75	1.9303618	1.9303464	1.9290561	0	
80	1.9262988	1.9262835	1.9250033	0	
85	1.9222707	1.9222555	1.9209852	0	


precision, %
wave=450 nm
height, km	60	
0	0.014181023	
0.05	0.017323947	
0.1	0.017185561	
0.15	0.017223364	
0.2	0.017225162	
0.25	0.017225198	
0.3	0.017225202	
0.35	0.017225202	
0.4	0.017225201	
0.45	0.017225201	
0.5	0.0172252	
0.55	0.017225199	
0.6	0.017225199	
0.65	0.017225198	
0.7	0.017225198	
0.75	0.017225197	
0.8	0.017225196	
0.85	0.017225196	
0.9	0.017225195	
0.95	0.017225195	
1	0.017225194	
1.1	0.017225193	
1.2	0.017225192	
1.3	0.01722519	
1.4	0.017225189	
1.5	0.017225188	
1.6	0.017225187	
1.7	0.017225186	
1.8	0.017225185	
1.9	0.017225183	
2	0.017225182	
2.2	0.017225179	
2.4	0.017225177	
2.6	0.017225175	
2.8	0.017225172	
3	0.01722517	
3.2	0.017225168	
3.3	0.017225167	
3.4	0.017225165	
3.6	0.017225163	
3.8	0.017225161	
4	0.017225157	
4.4	0.017225154	
4.5	0.017225152	
4.8	0.017225149	
5	0.017225145	
5.5	0.017225139	
6	0.017225134	
6.47	0.017225122	
8	0.017225108	
9	0.017225096	
10	0.017225085	
11	0.017225074	
12	0.017225062	
13	0.017225051	
14	0.01722504	
15	0.017225029	
16	0.017225017	
17	0.017225006	
18	0.017224995	
19	0.017224984	
20	0.017224973	
21	0.017224961	
22	0.01722495	
23	0.017224939	
24	0.017224928	
25	0.017224917	
26	0.017224906	
27	0.017224895	
28	0.017224884	
29	0.017224873	
30	0.017224863	
31	0.017224852	
32	0.017224841	
33	0.01722483	
34	0.017224819	
35	0.017224809	
36	0.017224798	
37	0.017224787	
38	0.017224776	
39	0.017224766	
40	0.017224755	
41	0.017224745	
42	0.017224734	
43	0.017224723	
44	0.017224713	
45	0.017224681	
50	0.017224629	
55	0.017224578	
60	0.017224527	
65	0.017224477	
70	0.017224427	
75	0.017224378	
80	0.017224329	
85	0.017224281	


-------------------------------------------------
tet=89.9  fi=90
	60	
450	0.017302608	

	60	
450	-22.804268	

	60	
450	0.99318258	



ord=1
	60	
450	29.111741	

	60	
450	-31.268979	

	60	
450	0.063394821	

enhancement factor
ord=0
wave=450 nm
zenith, km	60	
Stoks:	     1.0871549	    0.24791772	  -0.057439493	 0.00016013703	
enhancement factor
0	51.385576	50.928644	55.483563	-185.13063	
0.05	3.449055	3.9277397	8.421602	-81.897893	
0.1	3.1780505	3.67281	7.2218211	-60.197354	
0.15	3.0394114	3.4867676	6.554753	-49.193366	
0.2	2.9205546	3.3596636	5.9468451	-39.702308	
0.25	2.8361804	3.2597477	5.4199987	-34.368446	
0.3	2.7688174	3.1473416	5.1611325	-33.379121	
0.35	2.7560773	3.1124508	5.1989639	-26.159972	
0.4	2.7097406	3.0653789	4.8657369	-20.27389	
0.45	2.6796201	3.0198953	4.6782467	-18.581686	
0.5	2.6254015	2.9824925	4.4343161	-20.161074	
0.55	2.6131651	2.9638834	4.5491683	-33.487675	
0.6	2.5827231	2.8868958	4.4711074	-18.273778	
0.65	2.5737154	2.8824567	4.2065223	-17.016275	
0.7	2.5527867	2.8709765	4.2225252	-18.707062	
0.75	2.5161335	2.8265086	4.026038	-19.917377	
0.8	2.4999171	2.8056189	3.9719904	-15.602966	
0.85	2.4839095	2.7772453	3.9357774	-13.800908	
0.9	2.46633	2.752051	3.8763571	-11.636026	
0.95	2.4717996	2.7269233	4.0046547	1.4190436	
1	2.4581939	2.7233273	3.771392	-9.4075964	
1.1	2.4444717	2.6698434	3.6838699	-10.694496	
1.2	2.4336936	2.6346569	3.6849633	-13.581826	
1.3	2.4185272	2.626128	3.5480969	-19.691996	
1.4	2.414285	2.6193789	3.5734799	-15.389239	
1.5	2.4247734	2.6204232	3.5616934	-15.897427	
1.6	2.407101	2.5695988	3.5454882	-12.914942	
1.7	2.3995595	2.5472957	3.307078	-10.617334	
1.8	2.4314705	2.5908933	3.2289774	-6.388092	
1.9	2.3892851	2.5542011	3.1929029	-11.797599	
2	2.3540426	2.5031457	2.9278597	-11.451692	
2.2	2.3760457	2.5068845	3.3797249	2.8469266	
2.4	2.3628344	2.4802965	3.4678662	-4.2909657	
2.6	2.3564756	2.4552149	3.4941778	-4.1174037	
2.8	2.3526109	2.4149391	3.4053831	1.0678005	
3	2.3598578	2.3399576	2.8711832	-2.7675235	
3.2	2.3394659	2.3893099	2.8491442	-4.7023665	
3.3	2.3351167	2.4336023	2.9230605	-6.4156636	
3.4	2.3322011	2.391492	2.8632072	-5.5715672	
3.6	2.3363983	2.361014	3.0913729	-0.13663003	
3.8	2.3329754	2.3917239	2.9797541	-3.6546404	
4	2.3566512	2.4214345	3.0046616	-2.3892141	
4.4	2.3637759	2.3918809	2.7976335	4.7423742	
4.5	2.3492891	2.3809969	2.8611313	3.7710306	
4.8	2.3578946	2.4257132	2.8299396	-4.8969693	
5	2.3287571	2.3596818	2.9537916	-3.1213366	
5.5	2.3334572	2.3059428	3.0831441	-6.022951	
6	2.3050685	2.3287906	3.2596072	0.50823877	
6.47	2.2964909	2.3541944	3.1233937	4.2997991	
8	2.2709384	2.279021	3.0593767	3.3386588	
9	2.2225171	2.2822879	2.6637197	1.297291	
10	2.1810809	2.2023211	2.5708511	1.6286508	
11	2.1745766	2.177906	2.6335728	1.5239642	
12	2.1526501	2.1274101	2.639409	11.852155	
13	2.1376664	2.1306664	2.2790759	12.185633	
14	2.1048356	2.105395	2.4470179	0.74995648	
15	2.0859007	2.0841335	2.4124913	1.0570838	
16	2.0820762	2.0748306	2.2736787	3.9326248	
17	2.0726519	2.0465851	2.5524082	3.5131537	
18	2.0743383	2.0725819	2.6851464	4.5693576	
19	2.0609787	2.078136	2.496677	5.7457907	
20	2.0610139	2.0367191	2.6068551	-5.5625994	
21	2.044458	2.0493528	2.166441	2.6714436	
22	2.0257377	2.0349912	2.0931942	2.953643	
23	2.0164886	2.0233113	2.0723721	2.6646495	
24	2.0068832	2.0028943	2.0986236	2.7634456	
25	2.0004919	1.9963524	2.1078647	2.7820245	
26	1.9961709	1.9942271	2.0825416	2.3295618	
27	1.9940351	1.9928211	2.079571	2.1691326	
28	1.9910801	1.9887263	2.0662874	1.7481814	
29	1.9880187	1.9847371	2.043891	1.5534825	
30	1.9861907	1.9828856	2.0293792	1.5676561	
31	1.9854449	1.9812208	2.0239065	1.1515365	
32	1.9811298	1.9770503	2.0061859	1.5763628	
33	1.9783716	1.9751772	1.9977429	1.7251207	
34	1.9764004	1.974235	2.0005285	1.772572	
35	1.9732337	1.9707605	2.0010696	1.8565474	
36	1.9714888	1.9686804	1.9961454	2.1100883	
37	1.9702726	1.9677402	1.9947999	2.1254109	
38	1.9683083	1.9670804	1.986211	2.2390802	
39	1.9666439	1.966575	1.9822293	2.0275549	
40	1.9655496	1.9659779	1.9792086	1.9655772	
41	1.9646496	1.9650925	1.9782766	1.965434	
42	1.9637474	1.9642091	1.9773335	1.9682551	
43	1.9624941	1.9624921	1.9725159	1.9680732	
44	1.9612884	1.960992	1.9687106	1.9673656	
45	1.9586188	1.9582671	1.9652746	1.9655098	
50	1.9542954	1.9539248	1.9606678	1.9613859	
55	1.950028	1.9496587	1.9563521	1.9570575	
60	1.945794	1.9454297	1.9520753	1.9527676	
65	1.9415971	1.9412377	1.9478339	1.9485158	
70	1.9374388	1.9370822	1.9436255	1.9443014	
75	1.9333166	1.9329629	1.9394541	1.9401239	
80	1.9292301	1.9288792	1.935319	1.9359829	
85	1.9251789	1.9248307	1.9312197	1.9318779	


precision, %
wave=450 nm
height, km	60	
0	1.0364489	
0.05	1.5737818	
0.1	1.5412053	
0.15	1.4664644	
0.2	1.4161193	
0.25	1.3157001	
0.3	1.2774723	
0.35	1.322899	
0.4	1.3320287	
0.45	1.3322573	
0.5	1.3358712	
0.55	1.4022995	
0.6	1.3902668	
0.65	1.3270582	
0.7	1.3275389	
0.75	1.3053031	
0.8	1.2741533	
0.85	1.2940504	
0.9	1.2634525	
0.95	1.690499	
1	1.2672577	
1.1	1.2565242	
1.2	1.3159285	
1.3	1.2485854	
1.4	1.3444223	
1.5	1.4359124	
1.6	1.3762832	
1.7	1.3555181	
1.8	1.7580145	
1.9	1.6406466	
2	1.3382191	
2.2	1.5078939	
2.4	1.3731667	
2.6	1.4599239	
2.8	1.5847476	
3	1.5835717	
3.2	1.3504208	
3.3	1.300816	
3.4	1.3407744	
3.6	1.4159271	
3.8	1.3458078	
4	1.4270134	
4.4	1.5598888	
4.5	1.4303485	
4.8	1.5671592	
5	1.3624496	
5.5	1.5114351	
6	1.4204394	
6.47	1.4431893	
8	1.5868121	
9	1.4497254	
10	1.3592705	
11	1.4637067	
12	1.4742694	
13	1.5268146	
14	1.2564929	
15	1.1777351	
16	1.5162571	
17	1.371591	
18	1.4185247	
19	1.3837576	
20	1.4515845	
21	1.2951618	
22	1.1251642	
23	1.0890467	
24	1.0566789	
25	1.0497407	
26	1.0385431	
27	1.032454	
28	1.0272662	
29	1.0198179	
30	1.0166539	
31	1.0134389	
32	1.0076547	
33	1.0027736	
34	1.0015895	
35	0.99758147	
36	0.99788571	
37	0.99842287	
38	0.99340448	
39	0.99262537	
40	0.99307954	
41	0.99309881	
42	0.99315565	
43	0.99280056	
44	0.99311194	
45	0.99327592	
50	0.99329304	
55	0.99330083	
60	0.99329153	
65	0.9932832	
70	0.99328236	
75	0.99328153	
80	0.99328071	
85	0.99327991	


ord=1
wave=450 nm
zenith, km	60	
Stoks:	    0.31648972	   0.098963104	    0.17130529	             0	
enhancement factor
0	49.622867	49.724323	49.735506	0	
0.05	2.0481439	2.0490173	2.0492415	0	
0.1	2.0007252	2.000777	2.000752	0	
0.15	1.9998796	1.9998856	1.9998822	0	
0.2	1.9997965	1.9997974	1.9997972	0	
0.25	1.9997468	1.9997475	1.9997473	0	
0.3	1.9996995	1.9997001	1.9996999	0	
0.35	1.9996524	1.999653	1.9996528	0	
0.4	1.9996053	1.9996059	1.9996058	0	
0.45	1.9995583	1.9995589	1.9995587	0	
0.5	1.9995112	1.9995118	1.9995117	0	
0.55	1.9994642	1.9994648	1.9994646	0	
0.6	1.9994172	1.9994178	1.9994176	0	
0.65	1.9993701	1.9993707	1.9993706	0	
0.7	1.9993231	1.9993237	1.9993235	0	
0.75	1.9992761	1.9992767	1.9992765	0	
0.8	1.9992291	1.9992297	1.9992295	0	
0.85	1.999182	1.9991827	1.9991825	0	
0.9	1.999135	1.9991356	1.9991355	0	
0.95	1.999088	1.9990886	1.9990885	0	
1	1.9990175	1.9990181	1.999018	0	
1.1	1.9989235	1.9989242	1.998924	0	
1.2	1.9988296	1.9988302	1.99883	0	
1.3	1.9987356	1.9987362	1.9987361	0	
1.4	1.9986417	1.9986423	1.9986421	0	
1.5	1.9985478	1.9985484	1.9985482	0	
1.6	1.9984539	1.9984545	1.9984543	0	
1.7	1.99836	1.9983606	1.9983605	0	
1.8	1.9982662	1.9982668	1.9982666	0	
1.9	1.9981723	1.9981729	1.9981728	0	
2	1.9980316	1.9980322	1.998032	0	
2.2	1.997844	1.9978446	1.9978445	0	
2.4	1.9976565	1.9976571	1.997657	0	
2.6	1.9974691	1.9974697	1.9974695	0	
2.8	1.9972817	1.9972823	1.9972821	0	
3	1.9970944	1.997095	1.9970949	0	
3.2	1.996954	1.9969546	1.9969544	0	
3.3	1.9968604	1.996861	1.9968608	0	
3.4	1.99672	1.9967206	1.9967205	0	
3.6	1.9965329	1.9965336	1.9965334	0	
3.8	1.9963459	1.9963465	1.9963464	0	
4	1.9960655	1.9960662	1.996066	0	
4.4	1.995832	1.9958326	1.9958324	0	
4.5	1.9956453	1.9956459	1.9956457	0	
4.8	1.9954119	1.9954125	1.9954123	0	
5	1.9950854	1.995086	1.9950859	0	
5.5	1.9946194	1.99462	1.9946198	0	
6	1.9941677	1.9941683	1.9941682	0	
6.47	1.9932379	1.9932385	1.9932384	0	
8	1.9920639	1.9920645	1.9920644	0	
9	1.9911379	1.9911385	1.9911383	0	
10	1.9902136	1.9902142	1.990214	0	
11	1.989291	1.9892916	1.9892915	0	
12	1.9883702	1.9883708	1.9883706	0	
13	1.987451	1.9874516	1.9874514	0	
14	1.9865336	1.9865342	1.986534	0	
15	1.9856178	1.9856184	1.9856182	0	
16	1.9847037	1.9847043	1.9847042	0	
17	1.9837914	1.983792	1.9837918	0	
18	1.9828807	1.9828813	1.9828811	0	
19	1.9819717	1.9819723	1.9819721	0	
20	1.9810644	1.981065	1.9810648	0	
21	1.9801587	1.9801593	1.9801591	0	
22	1.9792547	1.9792553	1.9792551	0	
23	1.9783524	1.978353	1.9783528	0	
24	1.9774517	1.9774523	1.9774521	0	
25	1.9765527	1.9765533	1.9765531	0	
26	1.9756553	1.9756559	1.9756557	0	
27	1.9747595	1.9747601	1.97476	0	
28	1.9738654	1.973866	1.9738659	0	
29	1.972973	1.9729735	1.9729734	0	
30	1.9720821	1.9720827	1.9720825	0	
31	1.9711929	1.9711935	1.9711933	0	
32	1.9703053	1.9703059	1.9703057	0	
33	1.9694193	1.9694199	1.9694197	0	
34	1.9685349	1.9685355	1.9685353	0	
35	1.9676521	1.9676527	1.9676525	0	
36	1.9667709	1.9667715	1.9667714	0	
37	1.9658914	1.9658919	1.9658918	0	
38	1.9650134	1.9650139	1.9650138	0	
39	1.9641369	1.9641375	1.9641374	0	
40	1.9632621	1.9632627	1.9632625	0	
41	1.9623888	1.9623894	1.9623893	0	
42	1.9615172	1.9615177	1.9615176	0	
43	1.960647	1.9606476	1.9606475	0	
44	1.9597785	1.9597791	1.9597789	0	
45	1.9571837	1.9571843	1.9571841	0	
50	1.9528873	1.9528879	1.9528877	0	
55	1.948629	1.9486296	1.9486294	0	
60	1.9444083	1.9444088	1.9444087	0	
65	1.9402246	1.9402252	1.940225	0	
70	1.9360774	1.936078	1.9360778	0	
75	1.9319663	1.9319669	1.9319667	0	
80	1.9278907	1.9278913	1.9278911	0	
85	1.9238502	1.9238507	1.9238506	0	


precision, %
wave=450 nm
height, km	60	
0	0.072227089	
0.05	0.064500867	
0.1	0.063266013	
0.15	0.063388753	
0.2	0.063394609	
0.25	0.063394691	
0.3	0.0633947	
0.35	0.063394701	
0.4	0.063394702	
0.45	0.063394702	
0.5	0.063394702	
0.55	0.063394702	
0.6	0.063394702	
0.65	0.063394702	
0.7	0.063394702	
0.75	0.063394702	
0.8	0.063394702	
0.85	0.063394702	
0.9	0.063394702	
0.95	0.063394702	
1	0.063394702	
1.1	0.063394702	
1.2	0.063394702	
1.3	0.063394702	
1.4	0.063394702	
1.5	0.063394702	
1.6	0.063394702	
1.7	0.063394702	
1.8	0.063394702	
1.9	0.063394702	
2	0.063394702	
2.2	0.063394702	
2.4	0.063394702	
2.6	0.063394702	
2.8	0.063394702	
3	0.063394702	
3.2	0.063394702	
3.3	0.063394702	
3.4	0.063394702	
3.6	0.063394702	
3.8	0.063394702	
4	0.063394702	
4.4	0.063394702	
4.5	0.063394702	
4.8	0.063394702	
5	0.063394702	
5.5	0.063394702	
6	0.063394702	
6.47	0.063394703	
8	0.063394703	
9	0.063394703	
10	0.063394703	
11	0.063394703	
12	0.063394703	
13	0.063394704	
14	0.063394704	
15	0.063394704	
16	0.063394704	
17	0.063394704	
18	0.063394704	
19	0.063394704	
20	0.063394705	
21	0.063394705	
22	0.063394705	
23	0.063394705	
24	0.063394705	
25	0.063394705	
26	0.063394705	
27	0.063394706	
28	0.063394706	
29	0.063394706	
30	0.063394706	
31	0.063394706	
32	0.063394706	
33	0.063394706	
34	0.063394706	
35	0.063394707	
36	0.063394707	
37	0.063394707	
38	0.063394707	
39	0.063394707	
40	0.063394707	
41	0.063394707	
42	0.063394708	
43	0.063394708	
44	0.063394708	
45	0.063394708	
50	0.063394709	
55	0.06339471	
60	0.06339471	
65	0.063394711	
70	0.063394712	
75	0.063394712	
80	0.063394713	
85	0.063394713	


-------------------------------------------------
tet=89.9  fi=180
	60	
450	0.017870367	

	60	
450	7.4414619	

	60	
450	0.98749458	



ord=1
	60	
450	31.143705	

	60	
450	5.5084721	

	60	
450	0.057318952	

enhancement factor
ord=0
wave=450 nm
zenith, km	60	
Stoks:	     1.1228283	  -0.083554839	 -0.0027967491	 4.5099621e-05	
enhancement factor
0	51.270488	48.689269	-3.6263319	26.315172	
0.05	3.3360524	-0.31742505	4.8254495	-14.788999	
0.1	3.0776463	-0.29026897	2.604245	-15.048336	
0.15	2.9537153	-0.19240055	1.8460694	-5.7297158	
0.2	2.8688413	-0.16437496	-3.1074671	11.829629	
0.25	2.7927962	-0.13025066	-5.171683	20.06061	
0.3	2.7110977	0.12007357	-3.7826952	7.1526124	
0.35	2.6861452	0.16149965	1.1651592	8.0965427	
0.4	2.6367675	0.19905143	1.7022363	10.644784	
0.45	2.634738	0.4255779	5.4460756	11.917451	
0.5	2.5668017	0.24989384	2.5263415	14.864773	
0.55	2.5465138	0.22807278	6.4006231	-0.69104095	
0.6	2.5222715	0.38999539	7.7331886	-1.0689633	
0.65	2.5214111	0.33793689	7.7258372	1.5460538	
0.7	2.4973709	0.26427485	5.9490771	8.5743673	
0.75	2.4925708	0.20861703	3.6372728	12.089176	
0.8	2.4884034	0.13152874	5.2846826	21.963394	
0.85	2.4706893	0.34423244	4.5993018	8.8963755	
0.9	2.458144	0.41164157	3.2596852	6.4036736	
0.95	2.4665228	0.51555875	5.6196503	35.260284	
1	2.4687315	0.30970152	3.6332662	51.796201	
1.1	2.4505806	0.59033893	2.5816423	10.419638	
1.2	2.4355261	0.65505732	1.4641548	4.005579	
1.3	2.4040661	0.68970609	0.26761917	-2.6170575	
1.4	2.3894181	0.7902896	2.9725416	-1.0270511	
1.5	2.3967567	0.7709397	3.9214869	-8.6190591	
1.6	2.3838646	0.91356649	3.8570093	-12.213053	
1.7	2.3827306	1.0292064	2.1437987	-8.2453144	
1.8	2.3929461	1.0141686	1.217652	8.1239157	
1.9	2.3668803	0.919532	-1.2503537	14.471971	
2	2.3372465	0.95402069	-0.96229048	2.8057842	
2.2	2.3450086	0.95367842	7.2420766	5.2345301	
2.4	2.3467862	0.99563106	11.362242	10.536226	
2.6	2.3469803	1.0592493	13.729066	17.736063	
2.8	2.351921	1.0967434	9.5350189	36.304402	
3	2.3529417	1.2867731	0.46512564	16.505006	
3.2	2.3236911	1.2247921	-0.27703136	7.8338475	
3.3	2.3225186	1.1384216	1.2830106	-0.37160582	
3.4	2.3205316	1.1776431	0.16623794	-3.8003792	
3.6	2.3485738	1.3342486	1.7916167	-15.921745	
3.8	2.3384598	1.1716622	-0.26123756	7.8183532	
4	2.346665	1.0767646	2.0950651	10.078769	
4.4	2.3475317	1.1332718	-0.46508242	28.444594	
4.5	2.3425291	1.1982388	-0.66961179	24.485784	
4.8	2.3541527	1.0869837	0.0038920184	13.61829	
5	2.3333164	1.3492667	0.96821217	-10.747012	
5.5	2.3270582	1.4959414	5.0470309	-22.205664	
6	2.3129645	1.3059361	7.476598	-16.002866	
6.47	2.2909232	1.3068452	9.0315357	-11.106378	
8	2.270279	1.4211714	13.750623	-10.373504	
9	2.2231678	1.3185783	4.1903718	-17.612275	
10	2.1842316	1.5751212	-0.6177521	-4.6252112	
11	2.1766585	1.7284247	0.24350732	-12.387666	
12	2.1576598	1.8616988	3.6975987	5.2860136	
13	2.1258359	1.7540859	4.4553916	6.9813932	
14	2.1081076	1.7785435	2.7330258	2.7764459	
15	2.106768	1.9554629	0.94859165	11.498	
16	2.0950547	1.9538099	0.080799518	14.359981	
17	2.0844468	1.9358783	12.544628	13.981128	
18	2.0863149	1.8114768	15.192349	21.364514	
19	2.0742411	1.7495587	10.745158	22.273913	
20	2.0732943	1.8830756	13.381498	-28.438137	
21	2.0435572	1.8907396	3.9091363	-6.0105656	
22	2.0277758	1.9057328	2.1691638	1.2767217	
23	2.0197793	1.9213399	1.7735189	2.4048998	
24	2.0095105	1.9830176	2.7252865	4.8197749	
25	2.0007915	1.9691992	3.291184	4.8784895	
26	1.9956022	1.9618352	2.9599112	5.0805133	
27	1.9938214	1.9603659	2.9369627	4.8388753	
28	1.9910951	1.9623263	2.8806248	4.4010251	
29	1.9877158	1.964224	2.4992139	3.8697304	
30	1.9857673	1.9656837	2.1099269	4.0048142	
31	1.9851395	1.963149	2.0453437	1.5807003	
32	1.9831275	1.964454	2.0458662	2.4058956	
33	1.9808054	1.9690677	1.9475688	2.7331241	
34	1.9789716	1.9702219	1.9811604	3.1730589	
35	1.9757477	1.9744808	2.201877	2.3853903	
36	1.9740954	1.97543	2.2099954	2.6587321	
37	1.9727184	1.9733529	2.2873232	2.7662919	
38	1.971025	1.9747235	2.1997115	2.9838554	
39	1.9692159	1.9710836	2.1368256	2.0702854	
40	1.9679632	1.9685247	2.1153374	1.7427473	
41	1.9670498	1.9676344	2.1164341	1.7430136	
42	1.9661306	1.966751	2.1144176	1.749259	
43	1.9649274	1.9690255	2.0367632	1.8218431	
44	1.9637691	1.970906	1.972016	1.9004245	
45	1.9610691	1.9679904	1.9678793	1.9148583	
50	1.9567197	1.9635177	1.963142	1.9160682	
55	1.9524336	1.9591698	1.9589065	1.9120613	
60	1.9481812	1.9548626	1.9547133	1.9080893	
65	1.9439652	1.9505937	1.950511	1.9041517	
70	1.9397878	1.946363	1.9462692	1.9002481	
75	1.9356467	1.9421694	1.9420648	1.8963779	
80	1.9315416	1.9380124	1.9378974	1.8925408	
85	1.927472	1.9338916	1.9337663	1.8887362	


precision, %
wave=450 nm
height, km	60	
0	1.0308816	
0.05	1.4209217	
0.1	1.4584814	
0.15	1.4216013	
0.2	1.4576783	
0.25	1.5047548	
0.3	1.3606494	
0.35	1.3862558	
0.4	1.2957714	
0.45	1.612008	
0.5	1.3205683	
0.55	1.269294	
0.6	1.2772981	
0.65	1.3005615	
0.7	1.3268672	
0.75	1.3707571	
0.8	1.4548048	
0.85	1.3816189	
0.9	1.3498958	
0.95	1.631166	
1	1.5845243	
1.1	1.4461026	
1.2	1.4290267	
1.3	1.264567	
1.4	1.31404	
1.5	1.371108	
1.6	1.3595021	
1.7	1.3591686	
1.8	1.4076798	
1.9	1.3502948	
2	1.2255877	
2.2	1.3030631	
2.4	1.333837	
2.6	1.4895998	
2.8	1.6654277	
3	1.4532554	
3.2	1.2792037	
3.3	1.3023884	
3.4	1.2944416	
3.6	1.6097649	
3.8	1.3774744	
4	1.3913482	
4.4	1.4229276	
4.5	1.4088234	
4.8	1.5846227	
5	1.6292868	
5.5	1.5557762	
6	1.6119192	
6.47	1.4741579	
8	1.5919362	
9	1.4060254	
10	1.3467753	
11	1.5499926	
12	1.58604	
13	1.3153665	
14	1.2584865	
15	1.3322231	
16	1.5482698	
17	1.5924639	
18	1.5573995	
19	1.5439442	
20	1.5447346	
21	1.1595794	
22	1.0974183	
23	1.0844016	
24	1.0368651	
25	1.0207837	
26	1.0173146	
27	1.0148671	
28	1.0106324	
29	1.0013209	
30	0.99627888	
31	0.99599553	
32	0.99482165	
33	0.98994259	
34	0.9892006	
35	0.98808881	
36	0.9883352	
37	0.98842483	
38	0.98486633	
39	0.98465152	
40	0.98547003	
41	0.9854891	
42	0.98551628	
43	0.98592051	
44	0.98674915	
45	0.98707578	
50	0.98715399	
55	0.98715193	
60	0.9871551	
65	0.98715962	
70	0.98716138	
75	0.98716312	
80	0.98716484	
85	0.98716655	


ord=1
wave=450 nm
zenith, km	60	
Stoks:	    0.34969033	  -0.019262594	  0.0003325072	             0	
enhancement factor
0	49.845199	48.5988	281.80217	0	
0.05	2.0488223	2.0525818	1.9066773	0	
0.1	2.0020214	2.0019616	2.0026005	0	
0.15	2.0011873	2.0011422	2.0076551	0	
0.2	2.0011047	2.0010765	2.0073548	0	
0.25	2.001055	2.0010264	2.0073071	0	
0.3	2.0010075	2.0009789	2.0072594	0	
0.35	2.0009603	2.0009317	2.0072117	0	
0.4	2.0009132	2.0008845	2.007164	0	
0.45	2.000866	2.0008374	2.0071163	0	
0.5	2.0008188	2.0007902	2.0070686	0	
0.55	2.0007717	2.0007431	2.0070209	0	
0.6	2.0007245	2.0006959	2.0069732	0	
0.65	2.0006774	2.0006488	2.0069255	0	
0.7	2.0006303	2.0006016	2.0068778	0	
0.75	2.0005831	2.0005545	2.0068301	0	
0.8	2.000536	2.0005074	2.0067825	0	
0.85	2.0004889	2.0004602	2.0067348	0	
0.9	2.0004417	2.0004131	2.0066871	0	
0.95	2.0003946	2.000366	2.0066395	0	
1	2.000324	2.0002953	2.006568	0	
1.1	2.0002297	2.0002011	2.0064727	0	
1.2	2.0001356	2.000107	2.0063774	0	
1.3	2.0000414	2.0000128	2.0062822	0	
1.4	1.9999472	1.9999186	2.0061869	0	
1.5	1.9998531	1.9998245	2.0060917	0	
1.6	1.999759	1.9997304	2.0059965	0	
1.7	1.9996649	1.9996363	2.0059013	0	
1.8	1.9995708	1.9995422	2.0058062	0	
1.9	1.9994767	1.9994482	2.005711	0	
2	1.9993357	1.9993071	2.0055683	0	
2.2	1.9991476	1.9991191	2.0053782	0	
2.4	1.9989597	1.9989311	2.005188	0	
2.6	1.9987718	1.9987433	2.004998	0	
2.8	1.998584	1.9985555	2.004808	0	
3	1.9983962	1.9983677	2.0046181	0	
3.2	1.9982555	1.998227	2.0044758	0	
3.3	1.9981616	1.9981331	2.0043809	0	
3.4	1.9980209	1.9979925	2.0042386	0	
3.6	1.9978334	1.9978049	2.0040489	0	
3.8	1.9976459	1.9976175	2.0038593	0	
4	1.9973649	1.9973364	2.003575	0	
4.4	1.9971308	1.9971024	2.0033382	0	
4.5	1.9969436	1.9969152	2.0031489	0	
4.8	1.9967097	1.9966813	2.0029123	0	
5	1.9963824	1.996354	2.0025813	0	
5.5	1.9959153	1.9958869	2.0021088	0	
6	1.9954625	1.9954342	2.0016509	0	
6.47	1.9945305	1.9945022	2.0007083	0	
8	1.9933537	1.9933255	1.999518	0	
9	1.9924255	1.9923973	1.9985792	0	
10	1.991499	1.9914709	1.9976422	0	
11	1.9905742	1.9905461	1.9967069	0	
12	1.9896512	1.9896231	1.9957734	0	
13	1.9887298	1.9887018	1.9948416	0	
14	1.9878102	1.9877823	1.9939116	0	
15	1.9868923	1.9868644	1.9929833	0	
16	1.9859761	1.9859482	1.9920567	0	
17	1.9850616	1.9850338	1.9911318	0	
18	1.9841487	1.984121	1.9902087	0	
19	1.9832376	1.9832099	1.9892873	0	
20	1.9823281	1.9823004	1.9883676	0	
21	1.9814203	1.9813927	1.9874496	0	
22	1.9805142	1.9804866	1.9865333	0	
23	1.9796098	1.9795822	1.9856187	0	
24	1.978707	1.9786795	1.9847058	0	
25	1.9778058	1.9777784	1.9837945	0	
26	1.9769063	1.976879	1.982885	0	
27	1.9760085	1.9759812	1.9819771	0	
28	1.9751123	1.975085	1.9810709	0	
29	1.9742178	1.9741905	1.9801664	0	
30	1.9733248	1.9732976	1.9792635	0	
31	1.9724335	1.9724064	1.9783623	0	
32	1.9715439	1.9715168	1.9774627	0	
33	1.9706558	1.9706287	1.9765648	0	
34	1.9697694	1.9697424	1.9756685	0	
35	1.9688845	1.9688576	1.9747738	0	
36	1.9680013	1.9679744	1.9738808	0	
37	1.9671197	1.9670928	1.9729894	0	
38	1.9662397	1.9662128	1.9720997	0	
39	1.9653612	1.9653344	1.9712115	0	
40	1.9644844	1.9644576	1.970325	0	
41	1.9636091	1.9635824	1.9694401	0	
42	1.9627354	1.9627087	1.9685568	0	
43	1.9618633	1.9618367	1.9676751	0	
44	1.9609927	1.9609662	1.9667949	0	
45	1.958392	1.9583656	1.9641657	0	
50	1.9540858	1.9540596	1.9598124	0	
55	1.9498178	1.9497918	1.955498	0	
60	1.9455875	1.9455617	1.9512219	0	
65	1.9413944	1.9413688	1.9469836	0	
70	1.937238	1.9372126	1.9427826	0	
75	1.9331177	1.9330925	1.9386183	0	
80	1.929033	1.929008	1.9344903	0	
85	1.9249835	1.9249587	1.930398	0	


precision, %
wave=450 nm
height, km	60	
0	0.064798931	
0.05	0.058248716	
0.1	0.057188271	
0.15	0.057297085	
0.2	0.057302247	
0.25	0.057302321	
0.3	0.057302331	
0.35	0.057302333	
0.4	0.057302334	
0.45	0.057302335	
0.5	0.057302336	
0.55	0.057302337	
0.6	0.057302338	
0.65	0.057302339	
0.7	0.05730234	
0.75	0.057302341	
0.8	0.057302342	
0.85	0.057302343	
0.9	0.057302345	
0.95	0.057302346	
1	0.057302347	
1.1	0.057302349	
1.2	0.057302351	
1.3	0.057302353	
1.4	0.057302355	
1.5	0.057302358	
1.6	0.05730236	
1.7	0.057302362	
1.8	0.057302364	
1.9	0.057302366	
2	0.057302369	
2.2	0.057302373	
2.4	0.057302377	
2.6	0.057302381	
2.8	0.057302386	
3	0.05730239	
3.2	0.057302393	
3.3	0.057302395	
3.4	0.057302398	
3.6	0.057302402	
3.8	0.057302406	
4	0.057302413	
4.4	0.057302418	
4.5	0.057302422	
4.8	0.057302427	
5	0.057302434	
5.5	0.057302445	
6	0.057302455	
6.47	0.057302475	
8	0.057302501	
9	0.057302522	
10	0.057302542	
11	0.057302562	
12	0.057302583	
13	0.057302603	
14	0.057302623	
15	0.057302644	
16	0.057302664	
17	0.057302684	
18	0.057302704	
19	0.057302724	
20	0.057302744	
21	0.057302764	
22	0.057302784	
23	0.057302803	
24	0.057302823	
25	0.057302843	
26	0.057302863	
27	0.057302882	
28	0.057302902	
29	0.057302921	
30	0.057302941	
31	0.05730296	
32	0.05730298	
33	0.057302999	
34	0.057303018	
35	0.057303038	
36	0.057303057	
37	0.057303076	
38	0.057303095	
39	0.057303114	
40	0.057303134	
41	0.057303153	
42	0.057303172	
43	0.057303191	
44	0.057303209	
45	0.057303266	
50	0.057303359	
55	0.057303451	
60	0.057303542	
65	0.057303633	
70	0.057303722	
75	0.05730381	
80	0.057303897	
85	0.057303984	


