RT Model MCC++	 O.Postylyakov	ver.72
MixedSimC<atmos::StoksC,MCSimC<atmos::StoksC,MCWMethodC<atmos::StoksC,SphericalGeomT>>,SSSimC<atmos::StoksC,MCSimC<atmos::StoksC,MSSMethodC<atmos::StoksC,SphericalGeomT,1000>>>>	ps::cLCG2C	Density: double	AMFs: Yes	ORDERS_ACCOUNT: ATM_COLLGS_ORDERS
photons passed	base/max expendeture	EPS-breakes	MaxCollgs-Breaks	MinPhWgt-Breaks	average colligions
20000	0.0097665/0.01259	0	0	0	2.6201	
SpecialSamplingCollgs	ForceCollgSimul	EPS	ssEPS	MaxCollgs	MinPhWgt	BaseMod	
1	0	0.001	1e-12	500	1e-300	0	
Albedo	time	IY
0.05	0.02985	{ 267557178 4095527 ; 40014 40692 2147483563 2147483399 }	
 -6370.99	 -6370.99	 -5791.81	 -5212.63	 -4633.45	 -4054.27	 -3475.09	  -2895.9	 -2316.72	 -1737.54	 -1158.36	 -579.181	-9.09495e-13	  12.8571	  25.7143	  38.5714	  51.4286	  64.2857	  77.1429	       90	
        0	        0	0.0080361	 0.024108	 0.040179	 0.056251	 0.072322	 0.088394	  0.10447	  0.12054	  0.13661	  0.15268	  0.16875	0.0039284	0.0039364	0.0039443	0.0039522	0.0039601	 0.003968	 0.003976	
        0	        0	        0	        0	        0	        0	        0	        0	        0	        0	        0	        0	        0	        0	        0	        0	        0	        0	        0	        0	
        0	        0	        0	        0	        0	        0	        0	        0	        0	        0	        0	        0	        0	        0	        0	        0	        0	        0	        0	        0	

-------------------------------------------------
tet=30  fi=0
	60	
450	0.056117	

	60	
450	4.9639	

	60	
450	0.38804	



ord=1
	60	
450	66.725	

	60	
450	6.0661	

	60	
450	0.0036543	

enhancement factor
ord=0
wave=450 nm
zenith, km	60	
Stoks:	     3.5259303	   -0.17502383	 -0.0061506618	-0.00032500368	
enhancement factor
0	1.1818591	1.1450598	1.301275	0.51843689	
0.05	1.2360271	1.1395717	2.5386858	0.73644294	
0.1	1.2705995	1.1205181	2.3071887	2.8720723	
0.15	1.2960844	1.0987779	1.3997171	-0.020191639	
0.2	1.3251543	1.1365682	1.8744108	-0.98474156	
0.25	1.356791	1.1977789	2.3661523	-1.4007144	
0.3	1.3879774	1.1885711	2.7532039	-3.3807389	
0.35	1.4107586	1.1768967	3.3443248	-2.1438779	
0.4	1.4292393	1.1182589	2.9343233	-3.4042051	
0.45	1.4567509	1.1446238	3.8727941	1.8681037	
0.5	1.4692198	1.1308607	1.4851861	0.9705405	
0.55	1.495177	1.1897642	0.30934895	1.268929	
0.6	1.5204217	1.237015	-1.4379756	1.685628	
0.65	1.5382128	1.2036919	-1.2703055	2.241205	
0.7	1.5552463	1.1157528	-1.0613826	1.8294724	
0.75	1.5660569	1.1147019	-0.38794798	1.1899996	
0.8	1.5735733	1.1146882	0.86731377	2.8885673	
0.85	1.5913304	1.1149254	1.1670994	1.9115653	
0.9	1.6077774	1.1102255	3.3222758	1.0973598	
0.95	1.6210604	1.0385041	2.5631322	-0.91633372	
1	1.6432985	1.0969875	2.0786301	-0.62273567	
1.1	1.6808018	1.0782119	1.8083699	-0.28528839	
1.2	1.7273439	1.0427169	-6.8402489	-1.9146135	
1.3	1.7190636	1.2107624	-0.69481917	0.95189009	
1.4	1.7456238	1.2142877	0.23873048	2.4280743	
1.5	1.779253	1.2810047	-0.71985345	3.1081666	
1.6	1.7980569	1.2294334	-2.8184708	2.1114075	
1.7	1.8316224	1.2083314	-1.7296286	3.0009834	
1.8	1.8466992	1.124121	-0.57820437	1.9951762	
1.9	1.8532158	1.2444484	-1.0991984	2.3422092	
2	1.8790449	1.2031581	-1.723459	3.4592736	
2.2	1.9058218	1.2621515	-0.13169458	1.4751319	
2.4	1.9387683	1.1740494	0.75749333	-0.19427983	
2.6	1.9628392	1.2496953	-0.74528671	-2.1994372	
2.8	1.9843971	1.1859772	-1.2194792	-2.3254045	
3	2.0209241	0.91895697	5.7196745	4.3475779	
3.2	2.0146444	1.0313151	3.4281207	0.79050755	
3.3	2.0149493	1.1246832	2.7941897	1.5721555	
3.4	2.0413536	1.1198324	1.7343749	6.9431875	
3.6	2.0676607	1.2910478	0.25816522	7.3639266	
3.8	2.0668937	1.0876995	3.3678363	5.0966679	
4	2.0823639	1.1786334	2.012572	4.2947034	
4.4	2.0892283	1.0977158	2.0958252	3.0705224	
4.5	2.1057973	0.99696316	1.8810145	6.4675631	
4.8	2.1088744	0.98100196	5.456034	12.076697	
5	2.1178632	1.0357088	3.184643	6.565078	
5.5	2.1125557	1.1067464	2.0834621	4.3468605	
6	2.1212462	1.1653781	0.68379934	2.3318183	
6.47	2.1289585	1.4240569	2.4719112	2.7871431	
8	2.1198706	1.6236319	5.658421	4.6379156	
9	2.1246575	1.4690464	5.5530425	6.0242782	
10	2.1252197	1.454167	3.310139	3.7064195	
11	2.1448863	1.7163475	5.1689534	4.8920741	
12	2.1501806	1.2324926	-7.5161977	6.0886121	
13	2.1083442	1.3011332	-1.7275794	6.0598602	
14	2.0953485	1.571439	9.6225358	7.3322789	
15	2.072494	1.474786	3.262185	4.4927643	
16	2.057164	1.416838	2.7619063	6.1340311	
17	2.0352954	1.6556725	3.7222108	5.0604215	
18	2.0218097	1.7797286	3.0812791	2.4982293	
19	2.0229074	1.7748883	-1.1785777	-4.6813281	
20	2.0341757	1.9785008	0.20691093	2.7446343	
21	2.0156912	1.8872736	1.6578845	2.0126816	
22	2.0135281	1.7912499	3.8634023	3.0794607	
23	2.0055867	1.8771673	1.9860046	2.1982694	
24	2.0000924	1.877007	2.4012385	2.2123765	
25	1.9949691	1.9128444	1.7847257	1.6241816	
26	1.9897425	1.9181414	1.694672	1.721992	
27	1.9872001	1.9296139	1.9265069	1.7327517	
28	1.9836231	1.933098	2.2033547	2.038517	
29	1.9812392	1.9339364	2.3783905	2.1891631	
30	1.9794188	1.9330238	2.4112055	2.1728713	
31	1.9777646	1.9342153	2.1510348	2.1938655	
32	1.975091	1.9499807	2.211368	2.1663595	
33	1.9737936	1.9592985	2.2900623	2.1501313	
34	1.9730819	1.9595488	2.2849024	2.1410862	
35	1.9722974	1.9583392	2.2466063	2.1183455	
36	1.970937	1.9576618	2.2318948	2.1858997	
37	1.9697906	1.9590353	2.2654916	2.23663	
38	1.9686702	1.9585048	2.347689	2.2414753	
39	1.9675295	1.9576086	2.4490806	2.264057	
40	1.9667199	1.9570535	2.4437046	2.2576711	
41	1.9653147	1.9592302	2.2236964	2.2405473	
42	1.9640366	1.9622535	2.0041631	2.1379831	
43	1.9631778	1.961771	2.0052497	2.1286841	
44	1.9622448	1.9615389	2.0016426	2.1104417	
45	1.9596087	1.958819	1.9967292	2.0367726	
50	1.9550173	1.9565521	1.9081057	1.9252204	
55	1.9507831	1.9524913	1.9081494	1.923189	
60	1.9465477	1.948284	1.9086353	1.9194608	
65	1.9422755	1.9437111	1.9526566	1.9417769	
70	1.9381189	1.9395548	1.9484123	1.9376084	
75	1.9339949	1.935425	1.9442052	1.9334764	
80	1.9299048	1.931326	1.940035	1.9293802	
85	1.9258489	1.9272598	1.935901	1.9253196	


precision, %
wave=450 nm
height, km	60	
0	0.42386758	
0.05	0.44256328	
0.1	0.50664546	
0.15	0.49920186	
0.2	0.52205118	
0.25	0.56200463	
0.3	0.59553495	
0.35	0.60030981	
0.4	0.58604489	
0.45	0.66132848	
0.5	0.59479349	
0.55	0.62269135	
0.6	0.69030381	
0.65	0.65163956	
0.7	0.64927551	
0.75	0.63993236	
0.8	0.6072965	
0.85	0.67640473	
0.9	0.66524412	
0.95	0.70152641	
1	0.66283518	
1.1	0.76210191	
1.2	0.98917746	
1.3	0.64176206	
1.4	0.63734029	
1.5	0.65970047	
1.6	0.68802887	
1.7	0.74159767	
1.8	0.7237697	
1.9	0.68671436	
2	0.71281356	
2.2	0.64643504	
2.4	0.65667864	
2.6	0.71474013	
2.8	0.71692118	
3	0.87510817	
3.2	0.70605811	
3.3	0.64355807	
3.4	0.76927868	
3.6	0.86967295	
3.8	0.71840372	
4	0.68902404	
4.4	0.74777608	
4.5	0.78115932	
4.8	0.90602032	
5	0.83963227	
5.5	0.76644379	
6	0.75345958	
6.47	0.75927055	
8	0.78281262	
9	0.79982682	
10	0.753432	
11	0.99265115	
12	1.870353	
13	1.392709	
14	1.098342	
15	0.8229339	
16	0.96833751	
17	0.700579	
18	0.5373932	
19	0.59953849	
20	0.8339475	
21	0.52784396	
22	0.57913985	
23	0.50634063	
24	0.47136849	
25	0.44534554	
26	0.43692136	
27	0.429996	
28	0.42180093	
29	0.41838913	
30	0.41583173	
31	0.41142566	
32	0.39845698	
33	0.39563086	
34	0.39561654	
35	0.39557454	
36	0.39397803	
37	0.39356942	
38	0.3930577	
39	0.39215971	
40	0.39221952	
41	0.3910183	
42	0.39000939	
43	0.38983306	
44	0.38958633	
45	0.3891434	
50	0.3889595	
55	0.38895032	
60	0.38878227	
65	0.38810512	
70	0.38810315	
75	0.38810191	
80	0.38810107	
85	0.38810042	


ord=1
wave=450 nm
zenith, km	60	
Stoks:	     2.3526599	   -0.14271459	-2.8323682e-05	             0	
enhancement factor
0	1.1479675	1.1387237	0.94590152	0	
0.05	1.1858326	1.1731584	3.6435183	0	
0.1	1.2005055	1.1845701	4.2543761	0	
0.15	1.2150689	1.1955548	3.2311827	0	
0.2	1.2294496	1.2065977	2.8721355	0	
0.25	1.2436166	1.217303	2.8338953	0	
0.3	1.2575733	1.2277653	2.2678582	0	
0.35	1.2713156	1.2378589	2.7470237	0	
0.4	1.2848756	1.2480388	3.2273113	0	
0.45	1.2982664	1.2581274	3.4207369	0	
0.5	1.3114079	1.2678908	3.4897198	0	
0.55	1.3243413	1.2775048	3.4122278	0	
0.6	1.3370482	1.2871396	2.5525004	0	
0.65	1.3495266	1.29654	2.468359	0	
0.7	1.3617929	1.305877	1.8014329	0	
0.75	1.3738423	1.315069	1.3935643	0	
0.8	1.3856502	1.3241038	1.3015518	0	
0.85	1.397216	1.332912	1.9083253	0	
0.9	1.4085487	1.3414945	2.9416974	0	
0.95	1.4196524	1.3499354	3.7391377	0	
1	1.4357838	1.3623251	3.6531573	0	
1.1	1.456622	1.3785119	4.0018987	0	
1.2	1.4766051	1.3942154	3.8809443	0	
1.3	1.4957583	1.4092569	3.5583005	0	
1.4	1.5140928	1.4237545	3.8277548	0	
1.5	1.5316224	1.4376815	3.9093287	0	
1.6	1.5483937	1.451236	3.9657007	0	
1.7	1.5644103	1.4643725	4.3828108	0	
1.8	1.5796863	1.4770618	4.6840334	0	
1.9	1.5942524	1.489317	4.5933493	0	
2	1.6145995	1.5067371	4.7414433	0	
2.2	1.6398764	1.5287135	4.7150014	0	
2.4	1.6628132	1.5490989	4.0363789	0	
2.6	1.6836138	1.5680559	4.0493011	0	
2.8	1.7024357	1.5857009	3.7707563	0	
3	1.7194987	1.6022432	3.6784042	0	
3.2	1.7313819	1.6140123	3.6463569	0	
3.3	1.7387334	1.621423	3.5400327	0	
3.4	1.7490107	1.632067	3.3933137	0	
3.6	1.7617632	1.645584	3.4633959	0	
3.8	1.7733594	1.6583129	3.5037726	0	
4	1.7885647	1.6758323	3.3906913	0	
4.4	1.8003801	1.6898036	3.1636439	0	
4.5	1.8084319	1.6999181	3.0314433	0	
4.8	1.8178597	1.7121092	3.2161038	0	
5	1.8290891	1.7275896	3.0624948	0	
5.5	1.8431311	1.7480874	2.7643105	0	
6	1.8546029	1.7660738	2.7068358	0	
6.47	1.8733497	1.7978945	2.5262003	0	
8	1.8937877	1.8343589	2.0932378	0	
9	1.9062266	1.8582416	2.1115169	0	
10	1.9169197	1.8778105	2.0450846	0	
11	1.9259799	1.8935294	2.0730221	0	
12	1.9333708	1.9070425	2.0784065	0	
13	1.9396823	1.918561	2.0613558	0	
14	1.9451991	1.9281857	1.9765712	0	
15	1.9500235	1.9361646	2.0622219	0	
16	1.9542478	1.9427595	2.1745008	0	
17	1.9579874	1.9481624	2.0225563	0	
18	1.9612632	1.9526188	1.9639449	0	
19	1.964011	1.9564111	1.9274081	0	
20	1.9662149	1.9595998	1.8107056	0	
21	1.9679403	1.9621948	1.8202767	0	
22	1.9692562	1.9642755	1.8557843	0	
23	1.9702217	1.9659166	1.8073177	0	
24	1.9708983	1.9671995	1.8154604	0	
25	1.971334	1.9681773	1.7860203	0	
26	1.9715589	1.9688704	1.7954912	0	
27	1.9716046	1.9693148	1.8349445	0	
28	1.9715051	1.9695718	1.8194431	0	
29	1.9712892	1.9696727	1.814404	0	
30	1.9709691	1.9696338	1.8052641	0	
31	1.9705575	1.9694636	1.8010948	0	
32	1.9700708	1.9691807	1.8949271	0	
33	1.9695285	1.9688239	1.8940578	0	
34	1.9689394	1.9684032	1.8931902	0	
35	1.9683062	1.9679172	1.8949622	0	
36	1.9676359	1.9673711	1.9027133	0	
37	1.9669349	1.9667874	1.8823255	0	
38	1.9662086	1.9661617	1.8742328	0	
39	1.9654611	1.9655009	1.8733743	0	
40	1.9646958	1.9648116	1.8725173	0	
41	1.9639159	1.964099	1.871662	0	
42	1.9631239	1.9633665	1.8708082	0	
43	1.9623217	1.9626167	1.8699559	0	
44	1.9615109	1.9618521	1.8691052	0	
45	1.959029	1.9594776	1.952121	0	
50	1.9548622	1.9554367	1.9536968	0	
55	1.9506625	1.9513062	1.9494321	0	
60	1.9464645	1.9471455	1.945205	0	
65	1.9422851	1.9429846	1.9410151	0	
70	1.9381322	1.9388391	1.9368618	0	
75	1.9340101	1.934718	1.9327446	0	
80	1.9299209	1.9306263	1.928663	0	
85	1.9258655	1.9265667	1.9246166	0	


precision, %
wave=450 nm
height, km	60	
0	0.018759056	
0.05	0.016379041	
0.1	0.015243417	
0.15	0.014465454	
0.2	0.014055323	
0.25	0.013394912	
0.3	0.012738194	
0.35	0.012213832	
0.4	0.011711353	
0.45	0.011317759	
0.5	0.010878833	
0.55	0.010505715	
0.6	0.010219474	
0.65	0.0098557399	
0.7	0.0096413207	
0.75	0.009455692	
0.8	0.0092467265	
0.85	0.009128045	
0.9	0.0089492546	
0.95	0.0087540497	
1	0.0085269439	
1.1	0.0082292761	
1.2	0.0080099082	
1.3	0.0078006021	
1.4	0.0074342841	
1.5	0.0071083404	
1.6	0.0068939863	
1.7	0.0066873505	
1.8	0.0065203778	
1.9	0.0064581977	
2	0.0062923617	
2.2	0.0061011194	
2.4	0.0058847988	
2.6	0.0057361634	
2.8	0.0055743853	
3	0.005426702	
3.2	0.005315726	
3.3	0.0052712974	
3.4	0.0052014504	
3.6	0.0050658611	
3.8	0.0049711322	
4	0.0049097977	
4.4	0.0048196316	
4.5	0.0047885916	
4.8	0.0047889734	
5	0.0047499529	
5.5	0.0046600655	
6	0.0045781329	
6.47	0.0044199624	
8	0.0043127586	
9	0.0042390733	
10	0.0041013415	
11	0.0040220204	
12	0.0039888911	
13	0.0039587871	
14	0.0039321952	
15	0.0039004028	
16	0.0038659382	
17	0.0038601301	
18	0.0038267963	
19	0.0038005028	
20	0.003770328	
21	0.0037637719	
22	0.0037644492	
23	0.0037504256	
24	0.0037345635	
25	0.0037168494	
26	0.003703618	
27	0.0036916656	
28	0.0036737142	
29	0.0036714072	
30	0.003668967	
31	0.0036660923	
32	0.0036543248	
33	0.0036536906	
34	0.003653146	
35	0.0036531251	
36	0.0036518291	
37	0.0036477662	
38	0.0036462986	
39	0.0036460589	
40	0.0036458551	
41	0.0036456811	
42	0.0036455323	
43	0.0036454054	
44	0.0036452972	
45	0.0036496512	
50	0.0036499252	
55	0.0036498114	
60	0.0036497642	
65	0.0036497516	
70	0.0036497576	
75	0.0036497737	
80	0.003649795	
85	0.0036498186	


-------------------------------------------------
tet=30  fi=90
	60	
450	0.027534454	

	60	
450	-32.838214	

	60	
450	0.64944295	



ord=1
	60	
450	50.456428	

	60	
450	-39.89521	

	60	
450	0.0098408394	

enhancement factor
ord=0
wave=450 nm
zenith, km	60	
Stoks:	     1.7300408	    0.56811449	   0.077908556	 -0.0003190363	
enhancement factor
0	1.2188233	1.1439129	1.087003	1.0332658	
0.05	1.2888833	1.2141003	0.99690503	-0.84356293	
0.1	1.3441157	1.2726402	0.90147677	-0.49214923	
0.15	1.3683217	1.2728796	0.88121287	-3.0532317	
0.2	1.3980065	1.2885616	0.81572855	-5.2686016	
0.25	1.434799	1.3017826	0.76955465	-5.9120786	
0.3	1.474138	1.3417899	0.58184859	-7.2474357	
0.35	1.4996178	1.3600293	0.51593744	-6.8680272	
0.4	1.5253518	1.3764253	0.57095512	-9.7230227	
0.45	1.5572256	1.3988497	0.46264945	-6.0036125	
0.5	1.5685468	1.4067533	0.57415983	-7.5125985	
0.55	1.585919	1.4157332	0.54762405	-7.3819705	
0.6	1.6056726	1.4227584	0.56652631	-7.7519547	
0.65	1.6312664	1.4609828	0.54204763	-7.0229152	
0.7	1.6584979	1.4966871	0.5628107	-6.2492581	
0.75	1.6776518	1.5013232	0.45888635	-7.1386546	
0.8	1.6939093	1.5255323	0.42586779	-4.8563309	
0.85	1.7057816	1.5370569	0.42973253	-6.3133396	
0.9	1.7300612	1.5543473	0.29447664	-8.6779483	
0.95	1.7540255	1.5855167	0.33149184	-9.2680756	
1	1.7764576	1.5926066	0.34495748	-10.624042	
1.1	1.8073629	1.6176797	0.27304953	-8.7555647	
1.2	1.863598	1.666511	0.3347668	-10.539922	
1.3	1.8553469	1.627797	0.37505456	-8.5312438	
1.4	1.8945181	1.6623688	0.2790072	-8.2767273	
1.5	1.9271287	1.6968566	0.18637663	-9.7651741	
1.6	1.9501419	1.713276	0.23244904	-9.5965484	
1.7	1.98935	1.7269041	0.14100316	-8.0187284	
1.8	2.0022614	1.7681568	0.10945776	-8.0716108	
1.9	2.0073182	1.7646428	0.033059313	-9.5735615	
2	2.0305552	1.7938065	0.043326202	-7.9635002	
2.2	2.0619328	1.800457	0.052443986	-9.1422491	
2.4	2.106119	1.8694413	-0.086235154	-7.877247	
2.6	2.1185617	1.8680739	0.034643919	-10.719175	
2.8	2.1411787	1.9013422	-0.019784813	-11.603016	
3	2.1859429	1.9517069	-0.2254937	-7.7161309	
3.2	2.1704887	1.9415995	-0.08564021	-8.76781	
3.3	2.1828196	1.9514907	-0.13032102	-8.020468	
3.4	2.215548	1.9793523	-0.26115538	-3.9311016	
3.6	2.2482774	1.9428826	-0.23028575	-3.9609334	
3.8	2.2529111	2.0063296	-0.22929358	-4.124298	
4	2.2718055	2.0208842	-0.047571689	-5.0783616	
4.4	2.2748706	2.0616814	-0.0071598544	-6.2109804	
4.5	2.3002956	2.0960378	-0.18796534	-1.9332224	
4.8	2.2996292	2.1252779	-0.44460238	3.7939992	
5	2.3055835	2.1194824	-0.30769329	0.70255395	
5.5	2.2866046	2.1023023	-0.003346982	0.4409289	
6	2.2897449	2.0926306	0.13566234	-5.31263	
6.47	2.2841743	2.0836014	0.048559073	-2.410627	
8	2.255682	2.1001026	-0.00095530307	0.67721379	
9	2.2667355	2.1613729	0.19636822	4.0863685	
10	2.2661223	2.1494197	0.62228367	3.8553072	
11	2.2757332	2.0928402	0.21189364	2.7563699	
12	2.2847514	2.1672783	1.0249366	5.5617215	
13	2.2240982	2.161571	1.0777082	4.9260625	
14	2.2169574	2.0835295	0.27618334	9.1194975	
15	2.1587358	2.1296912	1.1116316	3.5396808	
16	2.1286307	2.1325626	1.2334437	4.5574159	
17	2.0878197	2.0763648	1.2988615	4.2659805	
18	2.0641451	2.043908	1.4551529	1.1667632	
19	2.0616013	2.0495922	1.7276466	-2.3337697	
20	2.0722639	2.0122763	1.7368057	1.426671	
21	2.0488633	2.0163253	1.7077004	1.3929649	
22	2.044052	2.0364785	1.6156929	2.6214679	
23	2.0289368	2.0193813	1.7518649	2.5233233	
24	2.0210085	2.0185386	1.7706142	2.0910039	
25	2.011459	2.0094133	1.804561	2.0666197	
26	2.004159	2.002507	1.8307925	2.1794362	
27	1.9996823	1.9988387	1.8414764	2.1245804	
28	1.9945353	1.9944838	1.8582581	2.1919208	
29	1.9911419	1.990742	1.8731812	2.3055441	
30	1.9888229	1.9886861	1.8898963	2.2429166	
31	1.9862131	1.9879453	1.9245575	2.2379188	
32	1.9814307	1.9809749	1.9313775	2.2423563	
33	1.9794262	1.9772681	1.9249143	2.2117384	
34	1.9785635	1.9765053	1.9257475	2.1958652	
35	1.9776538	1.976069	1.9270055	2.1727771	
36	1.9758528	1.9744594	1.9310973	2.1873228	
37	1.9741289	1.9722122	1.9327075	2.190874	
38	1.9727597	1.9713774	1.9329275	2.1769958	
39	1.9714165	1.9712093	1.9328792	2.2740943	
40	1.970571	1.9703971	1.9327969	2.260794	
41	1.9686847	1.9684643	1.9482821	2.2572567	
42	1.9669854	1.9664037	1.962428	2.1922198	
43	1.9660838	1.9655751	1.9624935	2.1775135	
44	1.9650359	1.9646121	1.9641025	2.1434484	
45	1.9622694	1.9621265	1.9626425	2.0635639	
50	1.9571751	1.9568671	1.9635833	1.9439773	
55	1.9529347	1.9526684	1.9596509	1.9427437	
60	1.9486682	1.9485056	1.9553802	1.9408627	
65	1.9440363	1.9449682	1.9436844	1.9610493	
70	1.939868	1.9407996	1.9395874	1.956725	
75	1.9357312	1.9366589	1.9354874	1.9524392	
80	1.9316278	1.9325497	1.9314024	1.9481915	
85	1.9275585	1.9284737	1.9273422	1.9439812	


precision, %
wave=450 nm
height, km	60	
0	0.70712203	
0.05	0.77497639	
0.1	1.1374001	
0.15	0.84947526	
0.2	0.90600627	
0.25	0.9464538	
0.3	1.0186862	
0.35	1.0724858	
0.4	1.0181942	
0.45	1.0736266	
0.5	0.9724787	
0.55	0.95325431	
0.6	0.94796479	
0.65	0.95188231	
0.7	0.98100153	
0.75	1.0496718	
0.8	1.1670012	
0.85	1.1208215	
0.9	1.1468018	
0.95	1.193728	
1	1.078022	
1.1	1.0412213	
1.2	1.1909796	
1.3	0.9985275	
1.4	1.1144725	
1.5	1.1699986	
1.6	1.3120189	
1.7	1.2185774	
1.8	1.137922	
1.9	1.1224477	
2	1.1223748	
2.2	1.0257621	
2.4	1.1604675	
2.6	1.1051987	
2.8	1.0632735	
3	1.1180424	
3.2	1.039871	
3.3	1.0753095	
3.4	1.219552	
3.6	1.3406988	
3.8	1.1987185	
4	1.1950699	
4.4	1.2728963	
4.5	1.410195	
4.8	1.6202234	
5	1.3775093	
5.5	1.3108385	
6	1.3161951	
6.47	1.220985	
8	1.2124623	
9	1.355303	
10	1.2832222	
11	1.3948478	
12	2.5057406	
13	2.0615517	
14	2.4366146	
15	1.3865578	
16	1.5705723	
17	1.1611507	
18	0.9196298	
19	0.9887889	
20	1.1416823	
21	0.90379795	
22	0.97510427	
23	0.85552635	
24	0.82375211	
25	0.77021829	
26	0.75244153	
27	0.7377764	
28	0.724452	
29	0.72003603	
30	0.71718558	
31	0.69726528	
32	0.66888703	
33	0.66707573	
34	0.66661542	
35	0.66634965	
36	0.6645895	
37	0.66444076	
38	0.66340173	
39	0.66167085	
40	0.66161411	
41	0.65918018	
42	0.65547708	
43	0.65520416	
44	0.65480954	
45	0.65360994	
50	0.65162301	
55	0.65158037	
60	0.65124309	
65	0.64889022	
70	0.64888968	
75	0.64889077	
80	0.6488927	
85	0.64889505	


ord=1
wave=450 nm
zenith, km	60	
Stoks:	    0.87291678	    0.34825198	     0.2194102	             0	
enhancement factor
0	1.161694	1.1356989	1.1364343	0	
0.05	1.1956747	1.1686233	1.1690874	0	
0.1	1.2067218	1.1782441	1.178791	0	
0.15	1.2179108	1.1878525	1.1885793	0	
0.2	1.2290521	1.1972454	1.1981525	0	
0.25	1.2400667	1.2065914	1.2075598	0	
0.3	1.2509636	1.2158693	1.2169239	0	
0.35	1.2617337	1.225139	1.2260479	0	
0.4	1.2724672	1.2342123	1.2350651	0	
0.45	1.2832017	1.24316	1.2440117	0	
0.5	1.2937231	1.2520768	1.2528656	0	
0.55	1.3041432	1.2608897	1.2616297	0	
0.6	1.3144129	1.2695286	1.2703845	0	
0.65	1.3245267	1.2780973	1.278929	0	
0.7	1.3345277	1.2865259	1.2874386	0	
0.75	1.3444048	1.2948348	1.2957951	0	
0.8	1.3540956	1.3030032	1.3039721	0	
0.85	1.3635999	1.3110463	1.3119107	0	
0.9	1.3729391	1.3189643	1.3196462	0	
0.95	1.382121	1.3267235	1.3272647	0	
1	1.3954873	1.3380413	1.338566	0	
1.1	1.4128114	1.3527631	1.3532377	0	
1.2	1.4295436	1.3670416	1.3675432	0	
1.3	1.4457075	1.3809648	1.3814579	0	
1.4	1.4612866	1.3945009	1.3948901	0	
1.5	1.4762713	1.4076642	1.4079417	0	
1.6	1.4907429	1.4203624	1.4205822	0	
1.7	1.5046616	1.4326177	1.4327634	0	
1.8	1.5180122	1.444461	1.4445588	0	
1.9	1.5308236	1.4559064	1.4560168	0	
2	1.5488872	1.4722466	1.4723442	0	
2.2	1.5716094	1.4930024	1.4931022	0	
2.4	1.5925593	1.5124658	1.5126325	0	
2.6	1.6118811	1.5307229	1.5308634	0	
2.8	1.6296137	1.547872	1.5480183	0	
3	1.6459892	1.5639664	1.5641293	0	
3.2	1.6575679	1.5755066	1.575671	0	
3.3	1.6648328	1.582886	1.5830422	0	
3.4	1.675162	1.5934776	1.593642	0	
3.6	1.688161	1.6070399	1.607172	0	
3.8	1.7002413	1.6198839	1.6199966	0	
4	1.7166434	1.6377363	1.6378495	0	
4.4	1.7296096	1.65206	1.652189	0	
4.5	1.7388111	1.6625934	1.6627202	0	
4.8	1.7497635	1.6753085	1.6754003	0	
5	1.7634618	1.6916776	1.6917674	0	
5.5	1.7812925	1.7135235	1.7136325	0	
6	1.7966239	1.7329688	1.7330527	0	
6.47	1.823213	1.7677642	1.7678152	0	
8	1.8532368	1.8077386	1.8078238	0	
9	1.872606	1.8342471	1.8342971	0	
10	1.8889822	1.8566611	1.8567212	0	
11	1.9026728	1.8754024	1.8754539	0	
12	1.9142618	1.8915513	1.8915675	0	
13	1.9241538	1.9052795	1.9052924	0	
14	1.9325814	1.9168661	1.9168851	0	
15	1.9397346	1.9265758	1.9265852	0	
16	1.9457747	1.9346778	1.9346864	0	
17	1.9509228	1.9414785	1.9415087	0	
18	1.9553246	1.9472409	1.9472656	0	
19	1.9590555	1.952146	1.9521724	0	
20	1.9621401	1.9562696	1.9563118	0	
21	1.9646446	1.9596566	1.9596987	0	
22	1.9666378	1.9624287	1.9624611	0	
23	1.9681832	1.9646704	1.9647001	0	
24	1.9693672	1.9664453	1.9664709	0	
25	1.9702491	1.96783	1.9678595	0	
26	1.9708573	1.9688738	1.9689002	0	
27	1.9712307	1.9696209	1.9696383	0	
28	1.9714154	1.9701262	1.9701443	0	
29	1.9714525	1.9704369	1.9704549	0	
30	1.9713506	1.9705713	1.9705911	0	
31	1.9711238	1.9705454	1.9705664	0	
32	1.9707942	1.970392	1.9703992	0	
33	1.9703933	1.9701417	1.9701488	0	
34	1.9699304	1.9698126	1.9698195	0	
35	1.9694046	1.9694092	1.9694142	0	
36	1.9688272	1.9689388	1.9689398	0	
37	1.9682066	1.9684066	1.968411	0	
38	1.9675507	1.9678262	1.9678319	0	
39	1.9668645	1.9672049	1.9672105	0	
40	1.9661523	1.966549	1.9665546	0	
41	1.9654188	1.9658646	1.9658701	0	
42	1.9646673	1.9651561	1.9651616	0	
43	1.9639002	1.9644265	1.9644319	0	
44	1.9631199	1.9636788	1.9636842	0	
45	1.9606964	1.9613327	1.9613281	0	
50	1.9566026	1.9573246	1.9573195	0	
55	1.9524387	1.9532043	1.9531992	0	
60	1.9482547	1.949042	1.9490368	0	
65	1.9440767	1.9448732	1.944868	0	
70	1.9399181	1.9407165	1.9407113	0	
75	1.9357861	1.9365823	1.9365772	0	
80	1.9316849	1.9324768	1.9324717	0	
85	1.9276165	1.928403	1.928398	0	


precision, %
wave=450 nm
height, km	60	
0	0.049927083	
0.05	0.043744475	
0.1	0.04083292	
0.15	0.03885507	
0.2	0.03785349	
0.25	0.036166707	
0.3	0.034477453	
0.35	0.033134723	
0.4	0.031839014	
0.45	0.030829925	
0.5	0.029690928	
0.55	0.028723738	
0.6	0.027987852	
0.65	0.027034541	
0.7	0.026485632	
0.75	0.026012521	
0.8	0.025472928	
0.85	0.025179047	
0.9	0.024716529	
0.95	0.02420584	
1	0.023615296	
1.1	0.022835613	
1.2	0.022267874	
1.3	0.021720218	
1.4	0.020729528	
1.5	0.019845301	
1.6	0.019268424	
1.7	0.018709165	
1.8	0.018258324	
1.9	0.01809675	
2	0.017647672	
2.2	0.017127606	
2.4	0.016530849	
2.6	0.016118885	
2.8	0.015668358	
3	0.015253036	
3.2	0.014939495	
3.3	0.014812355	
3.4	0.014611781	
3.6	0.014224988	
3.8	0.013951013	
4	0.013764328	
4.4	0.013498167	
4.5	0.013399603	
4.8	0.013384825	
5	0.013253813	
5.5	0.012971431	
6	0.012713209	
6.47	0.012217401	
8	0.011857049	
9	0.011609386	
10	0.011199603	
11	0.010958148	
12	0.010843271	
13	0.010741613	
14	0.010652104	
15	0.0105531	
16	0.010450575	
17	0.010427842	
18	0.010333178	
19	0.010258271	
20	0.010175707	
21	0.010154014	
22	0.010152654	
23	0.0101121	
24	0.010066496	
25	0.0100168	
26	0.0099787227	
27	0.009944469	
28	0.0098949465	
29	0.0098875292	
30	0.0098799913	
31	0.0098714378	
32	0.009839197	
33	0.0098367788	
34	0.0098346773	
35	0.009834105	
36	0.0098302875	
37	0.0098193776	
38	0.0098151983	
39	0.0098142409	
40	0.0098134206	
41	0.0098127143	
42	0.009812105	
43	0.009811581	
44	0.0098111305	
45	0.0098227581	
50	0.0098231753	
55	0.0098226535	
60	0.0098224205	
65	0.0098223438	
70	0.0098223543	
75	0.0098224128	
80	0.0098224964	
85	0.0098225921	


-------------------------------------------------
tet=30  fi=180
	60	
450	0.020632731	

	60	
450	56.396117	

	60	
450	0.63969082	



ord=1
	60	
450	43.836054	

	60	
450	81.716255	

	60	
450	0.015113327	

enhancement factor
ord=0
wave=450 nm
zenith, km	60	
Stoks:	     1.2963927	   -0.73111517	 -0.0041109248	-0.00036714037	
enhancement factor
0	1.2459052	1.1453517	1.2598227	1.2837634	
0.05	1.3242659	1.1781039	3.2322579	1.0978953	
0.1	1.3636099	1.2054539	1.7444691	1.1128671	
0.15	1.3952542	1.2117054	2.1883401	-0.0141549	
0.2	1.4309934	1.2275448	3.4903719	-0.34674851	
0.25	1.4880872	1.2649577	2.1502958	0.87056069	
0.3	1.528892	1.2795777	1.8234193	0.17443112	
0.35	1.5672481	1.2809646	1.5201477	1.7718896	
0.4	1.5898063	1.2887073	1.0836853	0.90466358	
0.45	1.6199331	1.3075675	3.1673758	4.6531063	
0.5	1.6277496	1.3136314	1.1564403	1.7404574	
0.55	1.6566662	1.3306632	0.88278426	0.63327966	
0.6	1.6813504	1.3456201	0.40550055	0.86071295	
0.65	1.7293379	1.3537101	-1.0417582	2.7346874	
0.7	1.7443258	1.3570084	-1.3278447	3.826128	
0.75	1.7595657	1.3749496	1.1537608	3.38987	
0.8	1.7659877	1.3747218	0.90062311	5.3915366	
0.85	1.7904568	1.3764973	0.22639486	4.7540488	
0.9	1.8050138	1.3907642	3.2553708	3.9210134	
0.95	1.8133216	1.4052799	3.3469502	3.3858287	
1	1.8458771	1.432752	1.9943525	2.6254241	
1.1	1.8814057	1.4489129	1.095835	0.90590272	
1.2	1.9599008	1.4810517	-7.1406501	-1.6636192	
1.3	1.9468761	1.5083073	-1.308217	0.63738854	
1.4	1.9733898	1.520569	-0.076673442	2.3529762	
1.5	2.000708	1.5378483	1.0998913	1.6733855	
1.6	2.021044	1.5401105	0.61772713	0.6628676	
1.7	2.0762119	1.5691156	3.6076112	1.6228887	
1.8	2.0853294	1.5671198	2.4184862	0.28873887	
1.9	2.083277	1.5751659	2.5976373	0.52483788	
2	2.1213754	1.603664	1.3439235	0.98359557	
2.2	2.1595852	1.6382616	4.6341926	2.4411674	
2.4	2.1954304	1.6544756	5.8005547	3.4631414	
2.6	2.2145029	1.6776614	2.0290258	1.0517408	
2.8	2.2438033	1.6894779	-0.48608227	0.46986805	
3	2.2799415	1.6930625	2.0935619	3.1680219	
3.2	2.2545439	1.7220744	0.5559023	0.7517096	
3.3	2.2790754	1.7363963	2.0180156	0.297942	
3.4	2.3306264	1.7507449	0.74321517	5.7831779	
3.6	2.3508055	1.8120341	-0.67607749	4.3634515	
3.8	2.3376075	1.7979855	3.8377721	3.1790451	
4	2.3579471	1.8283522	4.0734928	4.8452964	
4.4	2.353783	1.8469431	2.9575161	4.7573933	
4.5	2.3802564	1.8529493	3.6578102	5.4382865	
4.8	2.3771483	1.8428174	8.2886711	9.5412632	
5	2.3789808	1.8821247	3.2941927	4.1915679	
5.5	2.360864	1.916744	1.6347173	3.1502627	
6	2.371031	1.9321877	-2.3195028	-2.4256988	
6.47	2.366295	1.9635154	0.41946321	0.92270493	
8	2.3295513	2.0106458	3.4127825	3.0646342	
9	2.3256467	2.0004917	1.4425747	3.5250684	
10	2.3069584	2.015628	2.1821118	1.1692579	
11	2.3650437	2.0916174	5.8445732	1.8181934	
12	2.3378825	2.0130603	-7.9928065	2.6975178	
13	2.2762053	1.9858171	-5.8585644	4.0308925	
14	2.2514772	1.993292	3.6878402	8.1160491	
15	2.2023316	1.9582752	3.0272664	4.3752854	
16	2.1578578	1.9455429	2.0708684	4.8303124	
17	2.1122511	1.9703824	2.6212729	4.1808271	
18	2.0817765	1.9863239	2.7799122	2.0821991	
19	2.0809444	1.9775325	-0.92276276	-0.86189986	
20	2.0990374	2.0260346	2.529943	3.0777778	
21	2.0612341	2.0068306	2.7102298	2.1916613	
22	2.0559021	1.9828912	4.3742649	2.9339365	
23	2.0436358	1.9915785	1.527704	1.7169633	
24	2.0270836	1.9859013	2.9031416	2.3620994	
25	2.0167467	1.9870988	2.5859891	2.1591182	
26	2.006443	1.9850798	2.5505755	2.1587512	
27	2.0017159	1.9842675	2.6366119	2.1222931	
28	1.9954065	1.9819547	2.7355524	2.1479834	
29	1.9912778	1.9800497	2.7120207	2.2021395	
30	1.9876272	1.9783883	2.7382068	2.1980494	
31	1.9849484	1.9769512	2.4915119	2.1914717	
32	1.9813488	1.9756112	2.3270008	2.2005497	
33	1.9800215	1.975363	2.3094211	2.2075162	
34	1.9793881	1.9750194	2.3044845	2.2003301	
35	1.9784713	1.9743924	2.250426	2.1768543	
36	1.9767491	1.9732254	2.1411217	2.1797731	
37	1.9754868	1.9725444	2.0577898	2.1656099	
38	1.9738143	1.9717732	2.1232167	2.0955049	
39	1.9720401	1.9704992	2.2085734	2.1739775	
40	1.9712278	1.9697909	2.2063171	2.1743799	
41	1.9694661	1.9687841	2.0833096	2.1621078	
42	1.9681506	1.9681482	1.9989679	2.1524995	
43	1.9672343	1.9673989	1.9967044	2.1388658	
44	1.9661413	1.9666214	1.9785943	2.1023391	
45	1.9634204	1.9640707	1.9632845	2.0392244	
50	1.958761	1.9596562	1.9178805	1.9467793	
55	1.9545261	1.9554867	1.9140015	1.9444581	
60	1.9502643	1.9512485	1.9116913	1.9437405	
65	1.9459492	1.9469665	1.9360118	1.9490278	
70	1.9417669	1.9427848	1.9318996	1.9448014	
75	1.9376156	1.9386299	1.9278229	1.9406122	
80	1.9334974	1.9345059	1.9237813	1.9364597	
85	1.9294134	1.9304151	1.9197743	1.9323434	


precision, %
wave=450 nm
height, km	60	
0	0.70750488	
0.05	0.97961503	
0.1	1.1010108	
0.15	0.90949589	
0.2	1.0255001	
0.25	1.286936	
0.3	1.1742	
0.35	1.2012307	
0.4	1.1197195	
0.45	1.264326	
0.5	1.0866571	
0.55	1.170185	
0.6	1.1090978	
0.65	1.2663742	
0.7	1.2295447	
0.75	1.3173177	
0.8	1.1498178	
0.85	1.4415114	
0.9	1.2342558	
0.95	1.1240365	
1	1.2902473	
1.1	1.1789669	
1.2	1.629747	
1.3	1.1831271	
1.4	1.1997019	
1.5	1.1014301	
1.6	1.2163967	
1.7	1.3152699	
1.8	1.2274243	
1.9	1.2238967	
2	1.4451265	
2.2	1.332508	
2.4	1.2987181	
2.6	1.2673036	
2.8	1.3875352	
3	1.4640831	
3.2	1.2366107	
3.3	1.3274851	
3.4	1.8404261	
3.6	1.6119664	
3.8	1.3181212	
4	1.2782302	
4.4	1.3168856	
4.5	1.4147093	
4.8	1.6623101	
5	1.4409355	
5.5	1.4612713	
6	1.4283702	
6.47	1.3650306	
8	1.408164	
9	1.4334047	
10	1.3490463	
11	1.9592274	
12	2.6113013	
13	2.4118924	
14	1.983492	
15	1.5758508	
16	1.62284	
17	1.1616482	
18	0.91132934	
19	1.0800313	
20	1.4577554	
21	0.89408705	
22	0.99543723	
23	0.94118144	
24	0.78645793	
25	0.73427356	
26	0.7108393	
27	0.69438611	
28	0.6802363	
29	0.67516821	
30	0.66984948	
31	0.66367747	
32	0.6529661	
33	0.65061088	
34	0.65136299	
35	0.65186413	
36	0.65009176	
37	0.6486514	
38	0.64769789	
39	0.64640754	
40	0.64630843	
41	0.64418488	
42	0.64220628	
43	0.6416309	
44	0.64064784	
45	0.64059267	
50	0.64099118	
55	0.64095304	
60	0.64080645	
65	0.63990423	
70	0.63989874	
75	0.63989513	
80	0.63989253	
85	0.63989046	


ord=1
wave=450 nm
zenith, km	60	
Stoks:	    0.56828742	    -0.4643832	-2.8387786e-05	             0	
enhancement factor
0	1.1735755	1.1364418	0.95032188	0	
0.05	1.2046999	1.1685876	3.6496119	0	
0.1	1.2130946	1.1775929	4.2622772	0	
0.15	1.2218375	1.1864031	3.2418393	0	
0.2	1.2306386	1.1951652	2.8840275	0	
0.25	1.239378	1.2037622	2.8474972	0	
0.3	1.2480899	1.2122524	2.282767	0	
0.35	1.2567173	1.2205659	2.7572924	0	
0.4	1.2654212	1.2288604	3.2342131	0	
0.45	1.2742601	1.2370804	3.4274681	0	
0.5	1.2829061	1.2451538	3.4956067	0	
0.55	1.2915308	1.2531339	3.4160381	0	
0.6	1.3000592	1.2610725	2.5596658	0	
0.65	1.308502	1.2689078	2.4753526	0	
0.7	1.3168865	1.2766584	1.8099057	0	
0.75	1.325216	1.2843084	1.4018786	0	
0.8	1.3333973	1.291838	1.31105	0	
0.85	1.3414315	1.299218	1.916607	0	
0.9	1.3493683	1.3064643	2.9463021	0	
0.95	1.3571831	1.3135713	3.7392714	0	
1	1.3685875	1.3240072	3.6536106	0	
1.1	1.3834027	1.3376529	4.0015825	0	
1.2	1.3978115	1.3509569	3.8799676	0	
1.3	1.4118526	1.3638822	3.5576296	0	
1.4	1.425456	1.3764421	3.8268597	0	
1.5	1.4386242	1.3886516	3.9102816	0	
1.6	1.4514412	1.4005325	3.9664573	0	
1.7	1.4638608	1.4120928	4.3821338	0	
1.8	1.4758167	1.4233039	4.6798678	0	
1.9	1.4873638	1.4341998	4.5902487	0	
2	1.5037633	1.4498279	4.7368568	0	
2.2	1.5246078	1.4697516	4.7085086	0	
2.4	1.544085	1.4885295	4.0323433	0	
2.6	1.562276	1.5062375	4.0437304	0	
2.8	1.579148	1.5229753	3.7688189	0	
3	1.5949324	1.5388323	3.6776514	0	
3.2	1.6062179	1.5502492	3.646088	0	
3.3	1.6133694	1.5575525	3.5421504	0	
3.4	1.623661	1.568122	3.3967295	0	
3.6	1.6367174	1.5816877	3.465626	0	
3.8	1.6490271	1.5946328	3.5055045	0	
4	1.6661072	1.6127837	3.3935695	0	
4.4	1.6797473	1.6274059	3.1686563	0	
4.5	1.6896436	1.6382375	3.0364589	0	
4.8	1.7015265	1.6513831	3.2167435	0	
5	1.7167684	1.6684381	3.0675619	0	
5.5	1.7369968	1.691373	2.7712101	0	
6	1.7547869	1.7119196	2.712294	0	
6.47	1.7864101	1.7489772	2.5339582	0	
8	1.8226156	1.7918241	2.1081976	0	
9	1.8464777	1.8203881	2.1280633	0	
10	1.8668527	1.8448507	2.0649644	0	
11	1.8840804	1.8655158	2.0951573	0	
12	1.8987951	1.8832796	2.1002215	0	
13	1.911377	1.8984442	2.0731353	0	
14	1.9220593	1.9112688	1.9922912	0	
15	1.9310897	1.9220496	2.0730134	0	
16	1.938669	1.9310914	2.1794664	0	
17	1.9450912	1.9386866	2.0294539	0	
18	1.9505691	1.9451158	1.974028	0	
19	1.9552413	1.9506194	1.9364568	0	
20	1.9591507	1.9552692	1.825791	0	
21	1.9623748	1.9591059	1.8353009	0	
22	1.9649848	1.9622522	1.8695561	0	
23	1.9670524	1.9648066	1.8217142	0	
24	1.9686882	1.9668564	1.8288067	0	
25	1.9699625	1.9684809	1.8001836	0	
26	1.9709045	1.9697245	1.808833	0	
27	1.9715615	1.9706366	1.8453768	0	
28	1.9719898	1.9712869	1.8303806	0	
29	1.9722409	1.9717227	1.8254809	0	
30	1.9723219	1.9719658	1.8164681	0	
31	1.9722492	1.9720319	1.8120499	0	
32	1.9720499	1.9719521	1.8999189	0	
33	1.9717645	1.9717676	1.8990509	0	
34	1.9714033	1.971496	1.8981846	0	
35	1.9709631	1.9711392	1.8998942	0	
36	1.9704591	1.9707056	1.9072367	0	
37	1.9699013	1.9702107	1.8873555	0	
38	1.9692999	1.969661	1.8794512	0	
39	1.9686609	1.9690651	1.878594	0	
40	1.9679893	1.9684307	1.8777384	0	
41	1.9672907	1.9677645	1.8768843	0	
42	1.9665693	1.9670715	1.8760318	0	
43	1.965828	1.9663549	1.8751808	0	
44	1.9650699	1.9656181	1.8743314	0	
45	1.9626866	1.9632944	1.9509637	0	
50	1.958641	1.959307	1.9521228	0	
55	1.954497	1.9551904	1.9478708	0	
60	1.9503168	1.9510229	1.9436563	0	
65	1.9461336	1.9468442	1.9394787	0	
70	1.9419645	1.9426749	1.9353376	0	
75	1.9378193	1.9385268	1.9312325	0	
80	1.9337033	1.9344066	1.9271627	0	
85	1.9296196	1.9303178	1.923128	0	


precision, %
wave=450 nm
height, km	60	
0	0.07592743	
0.05	0.066689762	
0.1	0.062387599	
0.15	0.059485538	
0.2	0.058061827	
0.25	0.055575726	
0.3	0.053073894	
0.35	0.051092055	
0.4	0.049170654	
0.45	0.047679113	
0.5	0.04598124	
0.55	0.044541371	
0.6	0.043455746	
0.65	0.04202388	
0.7	0.041218164	
0.75	0.040527064	
0.8	0.039728494	
0.85	0.039309786	
0.9	0.038623624	
0.95	0.037859093	
1	0.036978138	
1.1	0.035811853	
1.2	0.034969599	
1.3	0.034153871	
1.4	0.032633192	
1.5	0.031271869	
1.6	0.030388718	
1.7	0.029528458	
1.8	0.028838529	
1.9	0.028600836	
2	0.027912945	
2.2	0.027111239	
2.4	0.026179531	
2.6	0.025535434	
2.8	0.024827873	
3	0.024170933	
3.2	0.023675669	
3.3	0.023472422	
3.4	0.02315037	
3.6	0.022532143	
3.8	0.022089324	
4	0.021777638	
4.4	0.021344322	
4.5	0.021175843	
4.8	0.021136438	
5	0.020906084	
5.5	0.020426483	
6	0.019988339	
6.47	0.019149658	
8	0.018516136	
9	0.018081464	
10	0.017403628	
11	0.016993814	
12	0.01678737	
13	0.01660377	
14	0.016445871	
15	0.016277334	
16	0.016106528	
17	0.016059747	
18	0.015906058	
19	0.015784022	
20	0.015649803	
21	0.015610714	
22	0.015602809	
23	0.015535862	
24	0.015463611	
25	0.015384551	
26	0.015322715	
27	0.015268444	
28	0.015191523	
29	0.015178521	
30	0.015165407	
31	0.015151174	
32	0.015103322	
33	0.015098723	
34	0.015094715	
35	0.0150932	
36	0.015087011	
37	0.015069733	
38	0.015062892	
39	0.015061056	
40	0.015059481	
41	0.015058123	
42	0.015056951	
43	0.015055943	
44	0.015055075	
45	0.015071341	
50	0.015071436	
55	0.015070443	
60	0.015070017	
65	0.015069901	
70	0.015069958	
75	0.015070112	
80	0.015070316	
85	0.015070544	


