RT Model MCC++	 O.Postylyakov	ver.72
MixedSimC<atmos::StoksC,MCSimC<atmos::StoksC,MCWMethodC<atmos::StoksC,SphericalGeomT>>,SSSimC<atmos::StoksC,MCSimC<atmos::StoksC,MSSMethodC<atmos::StoksC,SphericalGeomT,1000>>>>	ps::cLCG2C	Density: double	AMFs: Yes	ORDERS_ACCOUNT: ATM_COLLGS_ORDERS
photons passed	base/max expendeture	EPS-breakes	MaxCollgs-Breaks	MinPhWgt-Breaks	average colligions
21400	0.0375807/0.04934	0	0	0	3.24687	
SpecialSamplingCollgs	ForceCollgSimul	EPS	ssEPS	MaxCollgs	MinPhWgt	BaseMod	
1	0	0.001	1e-12	500	1e-300	0	
Albedo	time	IY
0.05	0.0495667	{ 576313854 1832742794 ; 40014 40692 2147483563 2147483399 }	
 -6370.99	 -6370.99	 -5791.81	 -5212.63	 -4633.45	 -4054.27	 -3475.09	  -2895.9	 -2316.72	 -1737.54	 -1158.36	 -579.181	-9.09495e-13	  12.8571	  25.7143	  38.5714	  51.4286	  64.2857	  77.1429	       90	
        0	        0	0.0080361	 0.024108	 0.040179	 0.056251	 0.072322	 0.088394	  0.10447	  0.12054	  0.13661	  0.15268	  0.16875	0.0039284	0.0039364	0.0039443	0.0039522	0.0039601	 0.003968	 0.003976	
        0	        0	        0	        0	        0	        0	        0	        0	        0	        0	        0	        0	        0	        0	        0	        0	        0	        0	        0	        0	
        0	        0	        0	        0	        0	        0	        0	        0	        0	        0	        0	        0	        0	        0	        0	        0	        0	        0	        0	        0	

-------------------------------------------------
tet=87  fi=0
	60	
450	0.050859	

	60	
450	0.34211	

	60	
450	0.61795	



ord=1
	60	
450	48.346	

	60	
450	3.2543	

	60	
450	0.014306	

enhancement factor
ord=0
wave=450 nm
zenith, km	60	
Stoks:	     3.1955715	  -0.010932232	  0.0014897534	-0.00011600724	
enhancement factor
0	17.825009	15.728702	2.6063794	20.311698	
0.05	14.982794	3.6613407	20.289786	1.5457727	
0.1	11.447904	-7.1051202	20.915411	24.634763	
0.15	8.8584009	-11.703606	27.030425	32.875183	
0.2	7.1243454	-16.455456	26.867204	19.788889	
0.25	5.8685173	-20.448619	5.8319156	20.432627	
0.3	4.9798953	-19.552121	-3.1071427	8.4577025	
0.35	4.3187137	-21.908405	-4.4831301	12.749824	
0.4	3.8490465	-22.324063	6.8340225	4.8116675	
0.45	3.5114739	-22.142509	13.254905	13.404843	
0.5	3.2705827	-21.088547	15.536437	8.4771308	
0.55	3.0585306	-20.904362	17.313982	0.13356891	
0.6	2.8885525	-20.106196	9.9148422	-0.98673118	
0.65	2.7698616	-19.474745	15.624545	-7.8090677	
0.7	2.6763115	-18.646121	14.818386	-4.4403095	
0.75	2.5984097	-17.948227	14.131433	-8.3046391	
0.8	2.5515384	-18.586086	15.201995	-2.892235	
0.85	2.4923379	-16.429887	8.1862143	-3.0267351	
0.9	2.4522955	-16.330821	4.9531393	-6.9213402	
0.95	2.418275	-17.239217	-1.8141937	-6.0611684	
1	2.3805538	-17.27588	0.095482848	0.72764554	
1.1	2.3387274	-16.918313	3.1156915	2.6972119	
1.2	2.3075278	-16.051124	-4.4468615	2.3433637	
1.3	2.2829064	-15.197728	-4.9058425	-4.9987195	
1.4	2.2668499	-14.623608	8.4075707	-0.25473818	
1.5	2.2474668	-13.774515	2.8179521	0.59535581	
1.6	2.2399946	-14.690082	0.61973642	-1.529511	
1.7	2.2340273	-14.833324	1.7991917	-1.4257234	
1.8	2.2238741	-14.246951	0.97269839	-3.4414447	
1.9	2.2195691	-14.182942	5.4027002	-3.4729907	
2	2.2042428	-13.965565	3.5014669	0.6972993	
2.2	2.182178	-11.373026	-5.4862139	-4.2650014	
2.4	2.182396	-11.78731	-8.3329662	-12.003367	
2.6	2.1827195	-12.213914	-17.316049	-16.923267	
2.8	2.1790185	-11.877053	-21.985212	-18.640487	
3	2.1735118	-10.347324	-11.470158	-8.2362082	
3.2	2.1662475	-8.9538417	-16.518054	-0.097815041	
3.3	2.1645264	-9.1791847	-17.508774	5.2907158	
3.4	2.1648254	-9.0928814	-7.5747735	11.75396	
3.6	2.1567697	-8.4169166	0.30898027	6.6746634	
3.8	2.15382	-8.8577417	-8.3553571	-5.7666599	
4	2.1497332	-8.7659767	-11.530856	-3.0545796	
4.4	2.1514498	-7.2007249	-28.911005	-6.2825266	
4.5	2.1399334	-6.7802106	-20.935484	2.0419877	
4.8	2.1275175	-6.4099826	-8.8409712	4.4021738	
5	2.1262645	-6.6458967	-14.144108	-0.71861239	
5.5	2.1138786	-6.3774809	-14.462583	-7.2595649	
6	2.1172377	-7.6245672	-16.381271	-17.385547	
6.47	2.1233511	-7.6315166	-12.655533	-11.811406	
8	2.0933571	-5.4491515	-5.6198012	7.2202258	
9	2.0870549	-5.043714	4.2421246	6.7421894	
10	2.0976943	-2.2701976	33.304162	-14.747836	
11	2.0916954	-2.9967905	29.094971	25.076606	
12	2.0719549	-1.8182623	22.10041	20.760763	
13	2.0698235	-6.1464648	30.816903	4.9883235	
14	2.0416953	-3.6325855	18.060454	1.2701593	
15	2.026245	-1.8306746	15.240605	2.8909732	
16	2.0194491	-1.0101896	6.6975333	-1.2312603	
17	2.0124096	-0.47809806	6.5632253	-0.1369596	
18	2.0153528	1.3197395	21.161466	17.90805	
19	2.0030062	1.0070859	10.939584	10.733289	
20	1.9965001	1.3379521	7.7992375	12.417668	
21	1.9931515	1.1115999	6.0078933	9.5168511	
22	1.9921458	1.6020188	5.1496949	7.4697701	
23	1.988626	1.7399401	3.9579852	6.3551855	
24	1.9857124	1.8294358	3.0251855	5.1510087	
25	1.9834781	1.9286646	2.4397386	5.0986733	
26	1.982061	1.7339331	1.1148013	5.0107049	
27	1.9771768	1.8710688	1.7028573	2.8378345	
28	1.9758373	1.8992841	1.5829988	2.9938684	
29	1.9745174	1.9395146	1.7435891	2.8990346	
30	1.9734841	1.9649978	1.8496814	2.9497812	
31	1.9723811	1.9981996	1.7042351	3.0615707	
32	1.9707096	2.0332457	2.1550732	2.6959129	
33	1.9692902	2.0455819	2.9501187	2.1834884	
34	1.9682178	2.0875483	3.0822769	2.1641536	
35	1.967117	2.0578947	3.006977	2.3228851	
36	1.9658287	2.0136724	2.9453315	2.5224684	
37	1.9649154	2.0181149	2.9417802	2.484964	
38	1.9638904	2.0084668	2.6665882	2.3419696	
39	1.9626858	1.9859771	2.0723701	2.036374	
40	1.9618309	1.984452	2.0336094	2.0168864	
41	1.9609251	1.9801348	2.0112177	2.0085264	
42	1.9600648	1.9774194	2.0311738	2.0280187	
43	1.9591962	1.9769327	2.044168	2.0332736	
44	1.9583268	1.9767821	2.043093	2.0283089	
45	1.9557396	1.9741811	2.0358932	2.0238485	
50	1.9515088	1.973887	1.9179717	1.9847268	
55	1.9472636	1.9695111	1.9127134	1.9804459	
60	1.9430541	1.965122	1.9087509	1.9759915	
65	1.938881	1.9607722	1.9048233	1.971577	
70	1.9347444	1.9564612	1.9009291	1.9672019	
75	1.9306436	1.9521884	1.897068	1.9628656	
80	1.9265783	1.9479533	1.8932394	1.9585675	
85	1.9225479	1.9437554	1.889443	1.9543073	


precision, %
wave=450 nm
height, km	60	
0	0.56350797	
0.05	0.57526873	
0.1	0.6238611	
0.15	0.64020636	
0.2	0.66920142	
0.25	0.69664459	
0.3	0.74852442	
0.35	0.7067309	
0.4	0.74129046	
0.45	0.739214	
0.5	0.77260063	
0.55	0.79074524	
0.6	0.76359038	
0.65	0.77052664	
0.7	0.78217156	
0.75	0.77387047	
0.8	0.82368315	
0.85	0.79770013	
0.9	0.82758932	
0.95	0.80181145	
1	0.81179139	
1.1	0.80521994	
1.2	0.78367874	
1.3	0.78197939	
1.4	0.8080724	
1.5	0.79913988	
1.6	0.78214179	
1.7	0.81332332	
1.8	0.80340896	
1.9	0.84250298	
2	0.77396888	
2.2	0.7368568	
2.4	0.79619687	
2.6	0.76812159	
2.8	0.77404833	
3	0.77061315	
3.2	0.80231988	
3.3	0.82348638	
3.4	0.78625069	
3.6	0.76249053	
3.8	0.77398444	
4	0.78127487	
4.4	0.89561624	
4.5	0.75860041	
4.8	0.74462625	
5	0.75000352	
5.5	0.73504663	
6	0.84106632	
6.47	0.85780513	
8	0.76647661	
9	0.76597904	
10	1.0230632	
11	0.9805398	
12	0.83041777	
13	1.1342477	
14	0.79611741	
15	0.70109919	
16	0.69554961	
17	0.66848121	
18	0.81235631	
19	0.65796319	
20	0.64473537	
21	0.64714264	
22	0.66286965	
23	0.65645936	
24	0.65513218	
25	0.65087138	
26	0.64916678	
27	0.63721326	
28	0.63507528	
29	0.6332788	
30	0.63265103	
31	0.630951	
32	0.6244681	
33	0.62160843	
34	0.62105407	
35	0.62057421	
36	0.61995013	
37	0.61998998	
38	0.61905838	
39	0.61737551	
40	0.61733845	
41	0.61722507	
42	0.61720071	
43	0.61720244	
44	0.61721467	
45	0.61724346	
50	0.61800746	
55	0.61801167	
60	0.61801267	
65	0.61801226	
70	0.61801186	
75	0.61801146	
80	0.61801107	
85	0.61801068	


ord=1
wave=450 nm
zenith, km	60	
Stoks:	     1.5449264	   -0.05027726	-7.4708191e-05	             0	
enhancement factor
0	18.7197	18.62579	15.474077	0	
0.05	16.449493	16.492845	9.5663763	0	
0.1	12.164762	12.243331	-3.5278196	0	
0.15	9.2375342	9.3387982	-5.4203309	0	
0.2	7.2141135	7.3155812	1.6681873	0	
0.25	5.7961448	5.8925765	3.3347466	0	
0.3	4.7931753	4.8788947	3.8542533	0	
0.35	4.0760792	4.146824	4.8819321	0	
0.4	3.5578583	3.6194235	5.0301474	0	
0.45	3.1795196	3.2312903	4.2105817	0	
0.5	2.901096	2.9452696	3.97466	0	
0.55	2.6942337	2.7319741	4.3532102	0	
0.6	2.5391536	2.5719203	4.0920266	0	
0.65	2.4219871	2.4491254	3.9579851	0	
0.7	2.3326873	2.3548675	3.0697565	0	
0.75	2.2642063	2.2831265	2.8532494	0	
0.8	2.2112635	2.2272255	2.5119797	0	
0.85	2.1700752	2.1838503	2.6121474	0	
0.9	2.1377802	2.1499181	2.4109754	0	
0.95	2.1122803	2.1230139	2.3984683	0	
1	2.0839504	2.0930228	2.3949962	0	
1.1	2.0573219	2.0645214	2.1115413	0	
1.2	2.0397255	2.0456131	1.9663807	0	
1.3	2.0278285	2.0327939	1.9974259	0	
1.4	2.0196253	2.0237955	1.9971379	0	
1.5	2.0138407	2.017357	1.9781367	0	
1.6	2.0096839	2.0126973	1.9958461	0	
1.7	2.0066442	2.0092416	2.013181	0	
1.8	2.0043796	2.0066087	2.0069967	0	
1.9	2.0026624	2.0046079	2.0040015	0	
2	2.0008292	2.0024444	1.9863231	0	
2.2	1.9991321	2.0004255	1.9688329	0	
2.4	1.998008	1.9990764	1.9665433	0	
2.6	1.9972144	1.9981175	1.9666044	0	
2.8	1.9966197	1.9973943	1.970255	0	
3	1.9961474	1.9967906	1.9899877	0	
3.2	1.9958467	1.9964198	1.9944407	0	
3.3	1.9956686	1.9962057	1.9943543	0	
3.4	1.9954253	1.9959151	1.9942245	0	
3.6	1.9951289	1.9955606	1.9974383	0	
3.8	1.9948582	1.995233	2.0073589	0	
4	1.9944897	1.9948085	2.0069522	0	
4.4	1.9941986	1.9944777	2.0066161	0	
4.5	1.993979	1.9942318	2.0063499	0	
4.8	1.9937114	1.9939349	2.0060193	0	
5	1.9933508	1.9935404	2.0055617	0	
5.5	1.9928494	1.9929993	2.0049161	0	
6	1.9923745	1.9924939	2.0042989	0	
6.47	1.9914156	1.9914889	1.9913401	0	
8	1.9902197	1.9902541	1.9900149	0	
9	1.9892848	1.9892994	1.989798	0	
10	1.9883551	1.9883566	1.9890957	0	
11	1.9874294	1.9874227	1.98818	0	
12	1.9865072	1.9864939	1.9873942	0	
13	1.9855878	1.9855695	1.9865847	0	
14	1.9846708	1.9846491	1.9856685	0	
15	1.983756	1.9837318	1.984754	0	
16	1.9828432	1.9828173	1.9838382	0	
17	1.9819325	1.9819054	1.9829259	0	
18	1.9810237	1.9809956	1.9820165	0	
19	1.9801168	1.980088	1.9811088	0	
20	1.9792118	1.9791824	1.9802028	0	
21	1.9783086	1.9782788	1.9792985	0	
22	1.9774072	1.977377	1.9783958	0	
23	1.9765076	1.976477	1.9774948	0	
24	1.9756097	1.9755788	1.9765955	0	
25	1.9747135	1.9746824	1.9756975	0	
26	1.9738189	1.9737877	1.9747993	0	
27	1.9729261	1.9728948	1.9739049	0	
28	1.9720349	1.9720035	1.9730107	0	
29	1.9711454	1.9711139	1.9721196	0	
30	1.9702574	1.9702259	1.9712271	0	
31	1.9693712	1.9693396	1.9703378	0	
32	1.9684865	1.968455	1.9694516	0	
33	1.9676035	1.9675719	1.968567	0	
34	1.9667221	1.9666905	1.967684	0	
35	1.9658423	1.9658107	1.9668026	0	
36	1.964964	1.9649325	1.9659228	0	
37	1.9640874	1.9640559	1.9650444	0	
38	1.9632124	1.9631808	1.9641675	0	
39	1.9623389	1.9623074	1.9632925	0	
40	1.961467	1.9614355	1.9624191	0	
41	1.9605967	1.9605653	1.9615472	0	
42	1.9597279	1.9596965	1.9606769	0	
43	1.9588607	1.9588294	1.9598082	0	
44	1.9579951	1.9579638	1.9589411	0	
45	1.955409	1.9553778	1.9563504	0	
50	1.951127	1.951096	1.9520609	0	
55	1.9468829	1.9468522	1.9478092	0	
60	1.9426761	1.9426457	1.9435949	0	
65	1.9385062	1.938476	1.9394177	0	
70	1.9343727	1.9343427	1.9352769	0	
75	1.930275	1.9302453	1.9311721	0	
80	1.9262127	1.9261832	1.9271027	0	
85	1.9221853	1.922156	1.9230683	0	


precision, %
wave=450 nm
height, km	60	
0	0.015868276	
0.05	0.014156828	
0.1	0.015167706	
0.15	0.01390653	
0.2	0.013553634	
0.25	0.012826914	
0.3	0.012344624	
0.35	0.012386284	
0.4	0.011681273	
0.45	0.012020528	
0.5	0.012479771	
0.55	0.012724921	
0.6	0.012789068	
0.65	0.013037568	
0.7	0.013124156	
0.75	0.01323291	
0.8	0.013375548	
0.85	0.013465542	
0.9	0.013574917	
0.95	0.013650261	
1	0.013706286	
1.1	0.013882748	
1.2	0.014000786	
1.3	0.014097383	
1.4	0.014162106	
1.5	0.014186171	
1.6	0.014179095	
1.7	0.014200738	
1.8	0.014217555	
1.9	0.014231464	
2	0.014259273	
2.2	0.014278323	
2.4	0.014286534	
2.6	0.014290962	
2.8	0.014294796	
3	0.014305098	
3.2	0.014307443	
3.3	0.014308055	
3.4	0.014308802	
3.6	0.014309427	
3.8	0.014309618	
4	0.014310275	
4.4	0.014310709	
4.5	0.01431096	
4.8	0.014311226	
5	0.014311497	
5.5	0.014311788	
6	0.014311989	
6.47	0.014314147	
8	0.014314352	
9	0.014314428	
10	0.014314479	
11	0.014314513	
12	0.014314535	
13	0.014314549	
14	0.014314558	
15	0.014314563	
16	0.014314566	
17	0.014314566	
18	0.014314564	
19	0.014314561	
20	0.014314556	
21	0.01431455	
22	0.014314543	
23	0.014314535	
24	0.014314527	
25	0.014314519	
26	0.01431451	
27	0.0143145	
28	0.014314491	
29	0.014314481	
30	0.014314472	
31	0.014314462	
32	0.014314452	
33	0.014314442	
34	0.014314432	
35	0.014314422	
36	0.014314412	
37	0.014314402	
38	0.014314392	
39	0.014314381	
40	0.014314371	
41	0.014314361	
42	0.014314351	
43	0.014314341	
44	0.014314331	
45	0.014314301	
50	0.014314251	
55	0.014314202	
60	0.014314153	
65	0.014314105	
70	0.014314057	
75	0.01431401	
80	0.014313963	
85	0.014313917	


-------------------------------------------------
tet=87  fi=90
	60	
450	0.019879996	

	60	
450	-23.92654	

	60	
450	0.94724242	



ord=1
	60	
450	28.358035	

	60	
450	-31.825063	

	60	
450	0.062338397	

enhancement factor
ord=0
wave=450 nm
zenith, km	60	
Stoks:	      1.249097	    0.29886569	  -0.068543268	-0.00078995375	
enhancement factor
0	17.033139	17.060234	18.64381	24.179177	
0.05	13.420213	13.78385	16.460937	25.761993	
0.1	10.411713	10.969456	13.707095	24.549639	
0.15	8.2504348	8.7213713	11.041389	23.655974	
0.2	6.8450063	7.2999966	9.9579766	23.944785	
0.25	5.7668866	6.2414609	8.9354553	20.144285	
0.3	4.9746436	5.4355282	8.0521546	15.379553	
0.35	4.3942922	4.8664742	7.1381088	14.836711	
0.4	3.9635217	4.4485416	6.2795328	14.258357	
0.45	3.6521178	4.0454703	5.681637	13.290373	
0.5	3.4301605	3.7695781	5.426046	11.832836	
0.55	3.2261507	3.6188027	5.0206368	10.697875	
0.6	3.076733	3.435564	4.8637327	10.0519	
0.65	2.9715945	3.3113888	4.7672926	8.9157551	
0.7	2.8793907	3.1635245	4.5273902	8.5382353	
0.75	2.8116623	3.0831023	4.3321435	8.1747873	
0.8	2.7676047	2.9865056	4.3011172	6.2315513	
0.85	2.6925912	2.9109436	4.2669148	7.5380906	
0.9	2.6419706	2.8859843	4.1614361	7.3496214	
0.95	2.6212261	2.865635	4.2040114	7.6725224	
1	2.593985	2.7910865	4.178286	8.2941324	
1.1	2.5490026	2.7638904	3.9264721	7.8161466	
1.2	2.531835	2.7156582	3.9537751	8.1531049	
1.3	2.5151751	2.7294352	3.6008307	6.3637054	
1.4	2.4835469	2.6248647	3.7229898	7.8533262	
1.5	2.4517752	2.5837648	3.653738	6.7485	
1.6	2.4629287	2.619387	3.5141709	5.414669	
1.7	2.4632069	2.6398644	3.5989363	5.1504777	
1.8	2.445247	2.5902807	3.5953364	6.4524058	
1.9	2.4346477	2.566772	3.4733403	6.9060218	
2	2.4139303	2.5397639	3.3555307	5.4938952	
2.2	2.3829929	2.4876238	3.3050496	3.7887011	
2.4	2.3904585	2.4872067	3.3376352	2.5469943	
2.6	2.3965127	2.4688372	3.4510637	1.6794064	
2.8	2.3737853	2.4486698	3.4544875	0.67412468	
3	2.3668948	2.4419755	3.2832782	0.64797006	
3.2	2.3513939	2.3964226	3.3672491	1.2682394	
3.3	2.3703669	2.415274	3.3686703	2.5339873	
3.4	2.3706961	2.4124763	3.1925851	3.5056199	
3.6	2.3444092	2.3809215	3.0235322	3.1504891	
3.8	2.3479139	2.403471	3.1374948	1.5627789	
4	2.3491963	2.3971447	3.2234339	2.0440948	
4.4	2.3436712	2.344763	3.3830459	2.1059776	
4.5	2.3347519	2.344712	3.2859292	1.962748	
4.8	2.2914267	2.3187376	2.9922217	2.105826	
5	2.2920718	2.3210486	3.1107534	0.90934406	
5.5	2.2721881	2.3268275	3.0815138	0.91196694	
6	2.2932377	2.3659403	3.1289976	-0.062810816	
6.47	2.2917972	2.3799323	3.1514252	1.2637376	
8	2.2289659	2.2784513	2.797573	1.5889211	
9	2.2128852	2.242391	2.5937826	2.9212311	
10	2.2196913	2.2318301	2.5135887	3.0823797	
11	2.2383609	2.244844	2.1581775	11.099882	
12	2.1841112	2.1722181	2.274923	7.0570585	
13	2.178226	2.2549964	1.9362925	3.2491468	
14	2.1213039	2.1586093	2.1421772	2.8144723	
15	2.0810876	2.1083653	2.0489045	3.1524099	
16	2.0663182	2.0855987	2.1499994	2.6878337	
17	2.057626	2.0681311	2.0268933	2.04488	
18	2.0615509	2.0260242	1.8235105	4.1229917	
19	2.036035	2.0193211	1.9285776	3.3830634	
20	2.0217957	2.0045471	1.9668888	3.4995694	
21	2.0159895	2.0077171	1.9971853	3.1757924	
22	2.0129618	2.0041826	2.0306441	2.9821978	
23	2.0043166	1.9961472	2.0441493	2.7932814	
24	1.9979603	1.990765	2.0628959	2.4061703	
25	1.9936963	1.9871444	2.0562906	2.3285796	
26	1.9919492	1.9910865	2.0473652	2.7304573	
27	1.9841977	1.980122	2.0190991	2.2074325	
28	1.9822753	1.978039	2.0140788	2.1449003	
29	1.9805933	1.9758058	2.0107607	2.0983302	
30	1.979394	1.9745614	2.0097135	2.0814511	
31	1.9778484	1.9734867	2.0082431	2.0862253	
32	1.9749513	1.972465	1.9943263	2.0170238	
33	1.9727159	1.9710758	1.9780033	1.9453099	
34	1.9713487	1.9686606	1.9737991	1.9388634	
35	1.9700929	1.96851	1.9735165	1.9671187	
36	1.9685566	1.9686941	1.9737456	2.0058871	
37	1.9676218	1.9676869	1.97278	2.0033342	
38	1.9667021	1.9668231	1.9721285	2.000402	
39	1.9657164	1.9659659	1.9715031	1.9968501	
40	1.9649114	1.9650554	1.9714569	1.9952137	
41	1.9639636	1.9640047	1.9715195	1.9938658	
42	1.9630924	1.9631003	1.9706995	1.9908256	
43	1.9621741	1.9620066	1.969766	1.978369	
44	1.9612831	1.9610646	1.9688445	1.973767	
45	1.9586775	1.958453	1.9661924	1.9710505	
50	1.9543898	1.9540432	1.9623841	1.9589025	
55	1.9501225	1.9497742	1.9580627	1.9546014	
60	1.9458904	1.9455439	1.953766	1.950323	
65	1.9416946	1.9413507	1.9495074	1.9460825	
70	1.9375354	1.9371943	1.9452863	1.9418793	
75	1.9334124	1.933074	1.9411022	1.9377131	
80	1.9293252	1.9289893	1.9369546	1.9335832	
85	1.9252731	1.9249398	1.932843	1.9294893	


precision, %
wave=450 nm
height, km	60	
0	0.95739229	
0.05	1.0598816	
0.1	1.1007536	
0.15	1.1315265	
0.2	1.1673479	
0.25	1.2590268	
0.3	1.267151	
0.35	1.1845498	
0.4	1.2833477	
0.45	1.3024739	
0.5	1.2537533	
0.55	1.2587446	
0.6	1.2447888	
0.65	1.2683493	
0.7	1.2708252	
0.75	1.3006894	
0.8	1.3929962	
0.85	1.2411348	
0.9	1.3074789	
0.95	1.2759472	
1	1.2505593	
1.1	1.2190461	
1.2	1.300981	
1.3	1.627131	
1.4	1.3246484	
1.5	1.2599164	
1.6	1.3601648	
1.7	1.4461338	
1.8	1.4091897	
1.9	1.4125368	
2	1.2221901	
2.2	1.2083772	
2.4	1.3259195	
2.6	1.4063169	
2.8	1.3380837	
3	1.2970246	
3.2	1.3461675	
3.3	1.5606523	
3.4	1.5007275	
3.6	1.3404938	
3.8	1.4288518	
4	1.4936501	
4.4	1.594678	
4.5	1.5746724	
4.8	1.2716685	
5	1.3406877	
5.5	1.2813078	
6	1.6555506	
6.47	1.4652047	
8	1.3836402	
9	1.4196478	
10	1.4996517	
11	2.4773957	
12	1.6741917	
13	2.2232603	
14	1.5449447	
15	1.1652692	
16	1.1153135	
17	1.1332258	
18	1.3620123	
19	1.0574419	
20	1.0108035	
21	1.0106974	
22	1.0413988	
23	1.0135779	
24	1.0030632	
25	0.99376888	
26	1.0062681	
27	0.97379012	
28	0.96973048	
29	0.96889948	
30	0.96785158	
31	0.96461305	
32	0.95334537	
33	0.94834935	
34	0.94812176	
35	0.9475002	
36	0.94665385	
37	0.94653696	
38	0.94664548	
39	0.94681157	
40	0.94675684	
41	0.94685089	
42	0.94692187	
43	0.94695968	
44	0.9469642	
45	0.94697239	
50	0.94716996	
55	0.94716867	
60	0.9471694	
65	0.9471696	
70	0.9471698	
75	0.94717	
80	0.9471702	
85	0.9471704	


ord=1
wave=450 nm
zenith, km	60	
Stoks:	    0.35421936	    0.11273053	     0.1952819	             0	
enhancement factor
0	16.451199	16.232938	16.208737	0	
0.05	12.235794	12.196258	12.201118	0	
0.1	9.1669725	9.2117248	9.2219219	0	
0.15	7.0896438	7.1599605	7.1751282	0	
0.2	5.6669496	5.7391678	5.7509113	0	
0.25	4.6671314	4.741916	4.7513105	0	
0.3	3.9639525	4.0332046	4.0400394	0	
0.35	3.4630661	3.5245348	3.5276144	0	
0.4	3.1008246	3.152842	3.1551299	0	
0.45	2.8352112	2.8806153	2.8819174	0	
0.5	2.6401135	2.678348	2.6792315	0	
0.55	2.4949066	2.526975	2.5273949	0	
0.6	2.3856155	2.4125214	2.4130184	0	
0.65	2.3029223	2.3259938	2.3259467	0	
0.7	2.239553	2.2597295	2.2594337	0	
0.75	2.1910569	2.208141	2.2078731	0	
0.8	2.1534926	2.1682115	2.1679041	0	
0.85	2.1243675	2.1369121	2.1365422	0	
0.9	2.1015472	2.1122099	2.1119674	0	
0.95	2.0835461	2.0926499	2.0924337	0	
1	2.0632849	2.0708011	2.0706021	0	
1.1	2.0441962	2.0500741	2.0499495	0	
1.2	2.0314712	2.036087	2.0360484	0	
1.3	2.022772	2.0264187	2.0264328	0	
1.4	2.016751	2.0196378	2.0196756	0	
1.5	2.0124396	2.0147819	2.0148309	0	
1.6	2.0092967	2.0112258	2.011276	0	
1.7	2.006976	2.0085828	2.0086264	0	
1.8	2.0052248	2.0065916	2.0066229	0	
1.9	2.0038784	2.0050465	2.005074	0	
2	2.0024014	2.003355	2.0033825	0	
2.2	2.0009846	2.0017493	2.0017776	0	
2.4	2.0000246	2.0006378	2.0006673	0	
2.6	1.9993247	1.999824	1.9998549	0	
2.8	1.998781	1.9991977	1.9992273	0	
3	1.9983262	1.9987062	1.9987143	0	
3.2	1.9980346	1.9983822	1.9983852	0	
3.3	1.9978605	1.9981853	1.9981886	0	
3.4	1.9976195	1.9979148	1.9979184	0	
3.6	1.9973215	1.9975862	1.9975872	0	
3.8	1.9970443	1.9972896	1.9972822	0	
4	1.9966665	1.9968783	1.9968712	0	
4.4	1.9963671	1.9965553	1.9965485	0	
4.5	1.99614	1.9963127	1.9963062	0	
4.8	1.9958632	1.9960189	1.9960126	0	
5	1.99549	1.9956262	1.9956201	0	
5.5	1.9949719	1.9950855	1.9950797	0	
6	1.9944825	1.9945789	1.9945733	0	
6.47	1.9934981	1.9935741	1.9935717	0	
8	1.9922795	1.9923337	1.9923315	0	
9	1.9913315	1.9913745	1.9913724	0	
10	1.9903915	1.9904267	1.9904247	0	
11	1.9894577	1.9894872	1.9894853	0	
12	1.9885284	1.9885537	1.9885517	0	
13	1.9876028	1.9876249	1.987623	0	
14	1.9866804	1.9867	1.9866981	0	
15	1.9857607	1.9857786	1.9857766	0	
16	1.9848435	1.98486	1.9848581	0	
17	1.9839287	1.983944	1.9839421	0	
18	1.9830159	1.9830305	1.9830286	0	
19	1.9821052	1.9821191	1.9821172	0	
20	1.9811965	1.9812097	1.9812079	0	
21	1.9802897	1.9803024	1.9803006	0	
22	1.9793847	1.9793971	1.9793952	0	
23	1.9784815	1.9784936	1.9784917	0	
24	1.9775801	1.9775919	1.9775901	0	
25	1.9766805	1.9766921	1.9766902	0	
26	1.9757825	1.975794	1.9757921	0	
27	1.9748863	1.9748976	1.9748957	0	
28	1.9739918	1.9740029	1.9740011	0	
29	1.9730989	1.9731099	1.9731081	0	
30	1.9722077	1.9722186	1.9722168	0	
31	1.9713181	1.971329	1.9713272	0	
32	1.9704302	1.970441	1.9704392	0	
33	1.9695439	1.9695547	1.9695529	0	
34	1.9686593	1.96867	1.9686681	0	
35	1.9677762	1.9677869	1.967785	0	
36	1.9668948	1.9669054	1.9669036	0	
37	1.966015	1.9660255	1.9660237	0	
38	1.9651367	1.9651472	1.9651454	0	
39	1.9642601	1.9642705	1.9642688	0	
40	1.963385	1.9633955	1.9633937	0	
41	1.9625115	1.962522	1.9625202	0	
42	1.9616396	1.96165	1.9616482	0	
43	1.9607693	1.9607797	1.9607779	0	
44	1.9599005	1.9599109	1.9599091	0	
45	1.9573051	1.9573154	1.9573136	0	
50	1.9530077	1.9530179	1.9530161	0	
55	1.9487484	1.9487585	1.9487568	0	
60	1.9445267	1.9445367	1.944535	0	
65	1.9403421	1.940352	1.9403503	0	
70	1.936194	1.9362039	1.9362022	0	
75	1.932082	1.9320917	1.93209	0	
80	1.9280055	1.9280152	1.9280135	0	
85	1.923964	1.9239737	1.923972	0	


precision, %
wave=450 nm
height, km	60	
0	0.078636286	
0.05	0.082819908	
0.1	0.087524984	
0.15	0.078724419	
0.2	0.074899549	
0.25	0.069117526	
0.3	0.064743029	
0.35	0.063223027	
0.4	0.058149112	
0.45	0.058509852	
0.5	0.059556088	
0.55	0.059722528	
0.6	0.059200037	
0.65	0.059659876	
0.7	0.059506951	
0.75	0.059551652	
0.8	0.059827864	
0.85	0.059929719	
0.9	0.060173352	
0.95	0.060308902	
1	0.060341702	
1.1	0.06090331	
1.2	0.06127854	
1.3	0.061604399	
1.4	0.061820623	
1.5	0.061882476	
1.6	0.06182389	
1.7	0.061895991	
1.8	0.061953321	
1.9	0.062002195	
2	0.062110514	
2.2	0.062183769	
2.4	0.06221424	
2.6	0.062230561	
2.8	0.062245511	
3	0.062288596	
3.2	0.062298323	
3.3	0.062300854	
3.4	0.062304021	
3.6	0.062306823	
3.8	0.062307954	
4	0.062311077	
4.4	0.062313202	
4.5	0.062314515	
4.8	0.062315935	
5	0.062317484	
5.5	0.062319229	
6	0.062320519	
6.47	0.062329983	
8	0.062331502	
9	0.062332188	
10	0.062332674	
11	0.062333025	
12	0.062333287	
13	0.062333486	
14	0.062333641	
15	0.062333762	
16	0.062333858	
17	0.062333934	
18	0.062333997	
19	0.062334048	
20	0.062334091	
21	0.062334126	
22	0.062334156	
23	0.06233418	
24	0.062334201	
25	0.062334219	
26	0.062334235	
27	0.062334249	
28	0.062334261	
29	0.062334271	
30	0.062334281	
31	0.06233429	
32	0.062334298	
33	0.062334306	
34	0.062334313	
35	0.06233432	
36	0.062334327	
37	0.062334333	
38	0.062334339	
39	0.062334345	
40	0.06233435	
41	0.062334356	
42	0.062334361	
43	0.062334366	
44	0.062334372	
45	0.062334387	
50	0.062334412	
55	0.062334436	
60	0.062334459	
65	0.062334482	
70	0.062334505	
75	0.062334528	
80	0.06233455	
85	0.062334572	


-------------------------------------------------
tet=87  fi=180
	60	
450	0.019917899	

	60	
450	8.7266996	

	60	
450	0.99771059	



ord=1
	60	
450	29.877189	

	60	
450	9.0505517	

	60	
450	0.059002763	

enhancement factor
ord=0
wave=450 nm
zenith, km	60	
Stoks:	     1.2514785	   -0.10921277	 -0.0018505765	-3.6181002e-05	
enhancement factor
0	17.064092	14.421843	14.029953	-18.642218	
0.05	13.417353	9.7484588	-18.117319	-40.244886	
0.1	10.451669	6.5543638	-39.446894	-104.73096	
0.15	8.2612637	4.5828132	-27.613062	2.5673207	
0.2	6.8194166	3.2600412	-17.111259	11.883962	
0.25	5.7342345	2.2737819	-1.5641905	23.733374	
0.3	4.9459198	1.7049071	5.0248219	2.6811449	
0.35	4.3551617	1.1110066	6.3943191	0.56739832	
0.4	3.9272524	0.90081643	1.322638	7.7853301	
0.45	3.6387563	0.6837131	-12.369268	-2.4500345	
0.5	3.3890539	0.87314939	-5.6744023	9.8578505	
0.55	3.1804554	0.78373272	-3.2145065	-12.004507	
0.6	3.0439356	0.73583143	-4.5291648	3.8468454	
0.65	2.9503114	0.74150524	-3.7419311	16.788906	
0.7	2.8789465	0.78384067	-7.9045921	-15.658139	
0.75	2.8120914	0.7772969	-5.9249495	-18.364086	
0.8	2.7618828	0.7242288	2.1974972	-27.865649	
0.85	2.6912208	0.81352091	5.1174699	2.8658181	
0.9	2.6447335	0.66332355	3.0077389	17.534012	
0.95	2.6208118	0.64633137	8.443487	23.830887	
1	2.5865729	0.72128838	8.3060571	43.879871	
1.1	2.5482728	0.64365036	6.6739891	32.134636	
1.2	2.5205743	0.81447404	11.033878	30.101202	
1.3	2.4853606	0.79237812	3.7252899	-3.2270727	
1.4	2.4835448	0.85152599	11.136825	13.487596	
1.5	2.4456348	0.97023566	7.2852846	8.6983299	
1.6	2.4364068	0.87995155	3.6039399	-16.390109	
1.7	2.4315703	0.80221356	7.1145972	-27.495561	
1.8	2.4206278	0.9010016	11.015013	5.2185052	
1.9	2.4091508	0.94272972	7.4317157	6.9237724	
2	2.4007333	0.9449525	3.4187377	9.5735126	
2.2	2.3651851	1.1375898	6.5947157	12.174603	
2.4	2.374408	1.1745492	5.8137575	1.9935629	
2.6	2.3748593	1.090333	9.9701051	-17.257322	
2.8	2.3556868	1.1901471	9.9085441	-25.366701	
3	2.3510667	1.2466486	7.9801694	-13.471971	
3.2	2.3399583	1.3094166	11.767323	-5.7621498	
3.3	2.3563794	1.3069441	12.687284	-17.444763	
3.4	2.3641562	1.4027902	14.159785	12.351313	
3.6	2.3445417	1.4318948	6.0314046	14.738656	
3.8	2.3368322	1.3211568	12.170894	-5.4103505	
4	2.3399799	1.2912107	18.478127	6.5815358	
4.4	2.3399225	1.5429691	21.768078	-41.999958	
4.5	2.3248019	1.478169	20.874738	-33.762029	
4.8	2.2923923	1.5323704	18.339299	8.6737078	
5	2.2873293	1.5699897	16.72923	-7.7442628	
5.5	2.2621377	1.5453335	15.406456	-8.8663981	
6	2.2757601	1.408427	17.045698	3.6992605	
6.47	2.3032764	1.3783026	18.675861	-8.4249156	
8	2.2414204	1.5020118	14.649527	12.764775	
9	2.2196018	1.6224383	6.4742345	29.067121	
10	2.2514901	2.0389409	-18.326619	-49.523753	
11	2.2366898	1.8342139	-7.8312245	-6.0137727	
12	2.1949607	1.8127847	-5.7774957	37.87991	
13	2.1843593	1.4015362	-8.0772321	-36.869186	
14	2.1180484	1.6702624	-0.50489458	-23.687544	
15	2.0852335	1.8081502	-2.3860194	-9.440405	
16	2.0667816	1.8799044	-0.067997333	-10.951925	
17	2.0596081	1.8786506	-3.9536474	-26.732158	
18	2.0548184	1.9211751	-5.9999821	-0.97807526	
19	2.0337052	1.946772	-2.0923828	-3.4132353	
20	2.019887	1.9777375	0.36305785	7.9016917	
21	2.0150249	1.9700113	1.5566103	6.3356366	
22	2.0181706	2.0175963	-0.038989313	4.5859004	
23	2.009459	2.0164985	0.78279381	5.638833	
24	2.0039589	2.01536	1.3066071	5.6241594	
25	1.9996307	2.0140058	1.2848499	4.7972028	
26	1.9968146	1.9959983	0.71440094	0.61687884	
27	1.986514	1.9756425	2.2878228	4.984812	
28	1.9844888	1.9797728	2.2385632	3.5867612	
29	1.9826329	1.9804487	2.2818601	3.5737975	
30	1.9814222	1.9808382	2.2059182	3.8554339	
31	1.9802304	1.98191	2.0845846	3.8553651	
32	1.97828	1.9824867	1.6871855	2.6213705	
33	1.9766982	1.9827773	1.4223307	1.2988349	
34	1.9754965	1.9841954	1.3587394	1.0197763	
35	1.9739925	1.980215	1.4217618	1.7508171	
36	1.9719709	1.9750737	1.4911326	2.6117234	
37	1.9709895	1.9746868	1.4916598	2.4613183	
38	1.9699417	1.9731501	1.6010951	2.34676	
39	1.9686122	1.9706529	1.8372192	2.1023301	
40	1.9677654	1.9700303	1.8654561	2.173694	
41	1.9668019	1.969569	1.8963586	2.1169866	
42	1.9659368	1.9687714	1.8730897	2.0128818	
43	1.965004	1.968644	1.8543762	1.7103825	
44	1.9641034	1.96801	1.8525894	1.6290865	
45	1.9614839	1.9654297	1.8517717	1.6458382	
50	1.9571878	1.9619142	1.898236	1.8922622	
55	1.9528989	1.9575845	1.8949317	1.8889598	
60	1.9486453	1.9532908	1.8911884	1.8853673	
65	1.9444272	1.9490352	1.8874735	1.8818009	
70	1.9402461	1.9448171	1.8837882	1.8782605	
75	1.9361015	1.940636	1.8801321	1.8747459	
80	1.9319929	1.9364914	1.8765048	1.8712567	
85	1.9279198	1.9323827	1.8729061	1.8677927	


precision, %
wave=450 nm
height, km	60	
0	0.98222691	
0.05	1.0032918	
0.1	1.1066938	
0.15	1.1469267	
0.2	1.142615	
0.25	1.1811097	
0.3	1.3164729	
0.35	1.2067306	
0.4	1.1586028	
0.45	1.2412441	
0.5	1.1719313	
0.55	1.1737523	
0.6	1.1276581	
0.65	1.1531876	
0.7	1.2129865	
0.75	1.3257194	
0.8	1.5373631	
0.85	1.3542511	
0.9	1.3992074	
0.95	1.3296375	
1	1.3136392	
1.1	1.3300496	
1.2	1.345927	
1.3	1.2954417	
1.4	1.4959162	
1.5	1.2603299	
1.6	1.236708	
1.7	1.3513023	
1.8	1.3707505	
1.9	1.3431248	
2	1.3146653	
2.2	1.2306029	
2.4	1.2934484	
2.6	1.3762036	
2.8	1.326132	
3	1.3517753	
3.2	1.3857094	
3.3	1.6340177	
3.4	1.5211178	
3.6	1.3940305	
3.8	1.4102877	
4	1.4732637	
4.4	1.5841485	
4.5	1.5191402	
4.8	1.352059	
5	1.3641509	
5.5	1.2961543	
6	1.4526249	
6.47	1.672646	
8	1.5580249	
9	1.5205218	
10	2.2489735	
11	2.1230589	
12	1.7867687	
13	2.2368214	
14	1.4577145	
15	1.208286	
16	1.1225934	
17	1.1693322	
18	1.2503748	
19	1.0652118	
20	1.0217802	
21	1.0137638	
22	1.1067254	
23	1.0590425	
24	1.0420453	
25	1.0348523	
26	1.0379592	
27	1.007992	
28	1.0040196	
29	1.0023706	
30	1.0010021	
31	1.000412	
32	0.99673874	
33	0.99489463	
34	0.99517453	
35	0.99531669	
36	0.99657274	
37	0.99662923	
38	0.99650659	
39	0.99651642	
40	0.99644683	
41	0.99628517	
42	0.9966058	
43	0.99705947	
44	0.9971253	
45	0.99713849	
50	0.99754328	
55	0.9975521	
60	0.99755726	
65	0.9975582	
70	0.99755914	
75	0.99756006	
80	0.99756097	
85	0.99756186	


ord=1
wave=450 nm
zenith, km	60	
Stoks:	     0.3739066	   -0.03384061	 0.00023936501	             0	
enhancement factor
0	16.457707	16.134347	24.854058	0	
0.05	12.276415	12.250299	27.12546	0	
0.1	9.2256463	9.2842614	31.130149	0	
0.15	7.157519	7.2567425	31.648838	0	
0.2	5.7389284	5.8327996	29.379572	0	
0.25	4.7408091	4.8244036	28.794123	0	
0.3	4.0369552	4.0987902	28.565274	0	
0.35	3.5340076	3.5672353	28.180297	0	
0.4	3.1691958	3.183671	28.067464	0	
0.45	2.9009484	2.8975129	28.253442	0	
0.5	2.703238	2.6854068	28.26015	0	
0.55	2.5556024	2.5258227	28.078182	0	
0.6	2.4441251	2.4052721	28.093258	0	
0.65	2.3594733	2.3109675	28.069783	0	
0.7	2.2943838	2.2376828	28.277858	0	
0.75	2.2315932	2.1976125	20.354705	0	
0.8	2.1628494	2.1902514	1.8522164	0	
0.85	2.1327672	2.1562081	1.8215632	0	
0.9	2.1091589	2.1295675	1.8827824	0	
0.95	2.0905047	2.108322	1.886599	0	
1	2.0694603	2.0843809	1.8875048	0	
1.1	2.0495319	2.0612295	1.9732127	0	
1.2	2.0361467	2.0455988	2.0169874	0	
1.3	2.0269272	2.0348138	2.0075169	0	
1.4	2.0204892	2.0270347	2.0074983	0	
1.5	2.0158468	2.0213244	2.0130983	0	
1.6	2.0124409	2.0171094	2.0077032	0	
1.7	2.0099089	2.0139129	2.0024007	0	
1.8	2.0079863	2.0114123	2.0041185	0	
1.9	2.0064994	2.0094809	2.0048878	0	
2	2.0048576	2.0073328	2.0099226	0	
2.2	2.0032775	2.0052745	2.0148215	0	
2.4	2.0021972	2.0038539	2.0152548	0	
2.6	2.0014067	2.0028138	2.0149979	0	
2.8	2.0007932	2.002009	2.0137055	0	
3	2.0002842	2.0013163	2.0077715	0	
3.2	1.9999584	2.0008895	2.0063062	0	
3.3	1.9997641	2.0006425	2.0062115	0	
3.4	1.9994963	2.0003054	2.0060694	0	
3.6	1.9991676	1.999893	2.0049212	0	
3.8	1.9988646	1.9995105	2.0018746	0	
4	1.9984545	1.9990194	2.001632	0	
4.4	1.9981321	1.9986398	2.001429	0	
4.5	1.9978896	1.9983593	2.0012658	0	
4.8	1.9975956	1.9980233	2.0010612	0	
5	1.9972022	1.9975814	2.0007733	0	
5.5	1.9966603	1.9969828	2.0003597	0	
6	1.9961523	1.9964312	1.9999561	0	
6.47	1.9951397	1.9953534	2.00262	0	
8	1.9938954	1.9940534	2.0015232	0	
9	1.9929332	1.9930628	2.0005809	0	
10	1.9919823	1.9920921	1.9996404	0	
11	1.9910396	1.9911353	1.9987016	0	
12	1.9901031	1.990188	1.9977646	0	
13	1.9891713	1.9892482	1.9968293	0	
14	1.9882436	1.9883145	1.9958958	0	
15	1.9873193	1.9873856	1.9949641	0	
16	1.986398	1.9864608	1.9940341	0	
17	1.9854793	1.9855394	1.9931058	0	
18	1.984563	1.984621	1.9921793	0	
19	1.9836489	1.9837052	1.9912545	0	
20	1.9827369	1.9827918	1.9903314	0	
21	1.981827	1.9818807	1.9894101	0	
22	1.980919	1.9809718	1.9884904	0	
23	1.9800129	1.9800649	1.9875725	0	
24	1.9791087	1.97916	1.9866561	0	
25	1.9782062	1.9782569	1.98574	0	
26	1.9773056	1.9773558	1.9848272	0	
27	1.9764066	1.9764565	1.983916	0	
28	1.9755094	1.9755589	1.9830066	0	
29	1.9746139	1.9746631	1.9820988	0	
30	1.9737201	1.973769	1.9811926	0	
31	1.972828	1.9728767	1.9802882	0	
32	1.9719375	1.971986	1.9793854	0	
33	1.9710486	1.971097	1.9784843	0	
34	1.9701614	1.9702096	1.9775843	0	
35	1.9692759	1.9693239	1.976686	0	
36	1.9683919	1.9684398	1.9757899	0	
37	1.9675096	1.9675573	1.9748953	0	
38	1.9666288	1.9666764	1.9740023	0	
39	1.9657497	1.9657972	1.973111	0	
40	1.9648722	1.9649196	1.9722213	0	
41	1.9639962	1.9640435	1.9713333	0	
42	1.9631219	1.9631691	1.9704468	0	
43	1.9622491	1.9622962	1.9695619	0	
44	1.9613779	1.9614249	1.9686787	0	
45	1.9587752	1.9588219	1.9660402	0	
50	1.9544659	1.9545122	1.9616716	0	
55	1.9501948	1.9502407	1.9573422	0	
60	1.9459614	1.946007	1.9530512	0	
65	1.9417653	1.9418105	1.9487983	0	
70	1.9376059	1.9376507	1.9445828	0	
75	1.9334827	1.9335271	1.9404042	0	
80	1.9293952	1.9294392	1.9362621	0	
85	1.9253428	1.9253866	1.932156	0	


precision, %
wave=450 nm
height, km	60	
0	0.074354618	
0.05	0.078021045	
0.1	0.082136019	
0.15	0.073579416	
0.2	0.069729693	
0.25	0.064124261	
0.3	0.05988356	
0.35	0.058354584	
0.4	0.053612838	
0.45	0.053910524	
0.5	0.054869427	
0.55	0.05504181	
0.6	0.054586696	
0.65	0.055035174	
0.7	0.054923826	
0.75	0.055308854	
0.8	0.056362871	
0.85	0.05649173	
0.9	0.056748438	
0.95	0.056898529	
1	0.056959058	
1.1	0.057512501	
1.2	0.057885872	
1.3	0.05820761	
1.4	0.058423063	
1.5	0.058492725	
1.6	0.058448501	
1.7	0.058522629	
1.8	0.058581676	
1.9	0.058631716	
2	0.058737336	
2.2	0.058810669	
2.4	0.058842847	
2.6	0.058860907	
2.8	0.058876948	
3	0.058918092	
3.2	0.058928114	
3.3	0.058931093	
3.4	0.058934864	
3.6	0.058938452	
3.8	0.058940376	
4	0.058944258	
4.4	0.058946927	
4.5	0.058948609	
4.8	0.058950443	
5	0.058952478	
5.5	0.0589548	
6	0.058956539	
6.47	0.05896572	
8	0.058967848	
9	0.058968868	
10	0.058969607	
11	0.058970155	
12	0.058970573	
13	0.058970898	
14	0.058971155	
15	0.058971362	
16	0.058971531	
17	0.058971672	
18	0.058971793	
19	0.058971898	
20	0.05897199	
21	0.058972071	
22	0.058972144	
23	0.058972209	
24	0.05897227	
25	0.058972326	
26	0.058972378	
27	0.058972428	
28	0.058972475	
29	0.05897252	
30	0.058972564	
31	0.058972607	
32	0.058972648	
33	0.058972688	
34	0.058972728	
35	0.058972767	
36	0.058972806	
37	0.058972844	
38	0.058972882	
39	0.058972919	
40	0.058972956	
41	0.058972993	
42	0.05897303	
43	0.058973066	
44	0.058973103	
45	0.05897321	
50	0.058973387	
55	0.058973562	
60	0.058973734	
65	0.058973905	
70	0.058974073	
75	0.05897424	
80	0.058974405	
85	0.058974567	


