RT Model MCC++	 O.Postylyakov	ver.72
MixedSimC<atmos::StoksC,MCSimC<atmos::StoksC,MCWMethodC<atmos::StoksC,SphericalGeomT>>,SSSimC<atmos::StoksC,MCSimC<atmos::StoksC,MSSMethodC<atmos::StoksC,SphericalGeomT,1000>>>>	ps::cLCG2C	Density: double	AMFs: Yes	ORDERS_ACCOUNT: ATM_COLLGS_ORDERS
photons passed	base/max expendeture	EPS-breakes	MaxCollgs-Breaks	MinPhWgt-Breaks	average colligions
20000	0.0121065/0.0177129	0	0	0	3.05475	
SpecialSamplingCollgs	ForceCollgSimul	EPS	ssEPS	MaxCollgs	MinPhWgt	BaseMod	
1	0	0.001	1e-12	500	1e-300	0	
Albedo	time	IY
0.05	0.0361333	{ 677158998 1854687532 ; 40014 40692 2147483563 2147483399 }	
 -6370.99	 -6370.99	 -5791.81	 -5212.63	 -4633.45	 -4054.27	 -3475.09	  -2895.9	 -2316.72	 -1737.54	 -1158.36	 -579.181	-9.09495e-13	  12.8571	  25.7143	  38.5714	  51.4286	  64.2857	  77.1429	       90	
        0	        0	0.0080361	 0.024108	 0.040179	 0.056251	 0.072322	 0.088394	  0.10447	  0.12054	  0.13661	  0.15268	  0.16875	0.0039284	0.0039364	0.0039443	0.0039522	0.0039601	 0.003968	 0.003976	
        0	        0	        0	        0	        0	        0	        0	        0	        0	        0	        0	        0	        0	        0	        0	        0	        0	        0	        0	        0	
        0	        0	        0	        0	        0	        0	        0	        0	        0	        0	        0	        0	        0	        0	        0	        0	        0	        0	        0	        0	

-------------------------------------------------
tet=70  fi=0
	60	
450	0.13151	

	60	
450	-1.3707	

	60	
450	0.29629	



ord=1
	60	
450	73.634	

	60	
450	-0.024859	

	60	
450	0.0026966	

enhancement factor
ord=0
wave=450 nm
zenith, km	60	
Stoks:	       8.26312	    0.11325995	-0.00051695803	-1.8772586e-05	
enhancement factor
0	2.9152292	2.9473876	12.492797	-22.004239	
0.05	2.9891042	3.5100936	9.5611293	-48.088695	
0.1	2.9738063	3.9562093	26.394446	-6.6378664	
0.15	2.9514176	4.1659031	15.235065	46.898601	
0.2	2.9310332	4.2099752	19.486555	-14.599255	
0.25	2.9139121	4.0991887	7.7588384	9.4579314	
0.3	2.894941	4.3885296	23.885771	91.37317	
0.35	2.8693325	4.5173998	29.399763	-18.507993	
0.4	2.8473581	4.5825769	48.75067	-35.674818	
0.45	2.8276907	4.5828943	42.185664	-38.478924	
0.5	2.8078372	4.5477951	21.206831	-53.044502	
0.55	2.7906419	4.6351861	57.964562	-5.3511645	
0.6	2.7667557	4.8973927	3.612881	-23.795081	
0.65	2.7337713	4.6224421	7.7663591	-49.945769	
0.7	2.7237979	4.6709769	2.3059344	-60.279575	
0.75	2.7093942	4.8743515	18.202675	-46.189721	
0.8	2.7023064	4.9602969	33.813282	-46.508238	
0.85	2.6892052	4.9178235	36.941236	23.111051	
0.9	2.6732581	4.8920491	43.740563	53.316121	
0.95	2.6470073	4.8325578	67.022596	58.176841	
1	2.6305527	5.1161788	77.603229	55.639046	
1.1	2.6042927	5.0541297	58.302176	4.9439264	
1.2	2.5827085	4.9633497	61.186557	35.535738	
1.3	2.5545793	4.8492021	32.148861	-35.676942	
1.4	2.5311138	4.8752849	-4.2261159	-41.714929	
1.5	2.5215814	5.1197602	42.095925	-53.928223	
1.6	2.4981536	5.0734405	-21.750404	-42.26177	
1.7	2.4770378	5.0144633	-2.9208012	-54.135691	
1.8	2.4685768	4.8442216	-28.091824	-52.544601	
1.9	2.4553983	5.0070967	-49.389266	-79.991406	
2	2.427062	4.8839507	-73.607759	-125.45886	
2.2	2.4021631	4.9623335	-50.47523	-60.183929	
2.4	2.3772372	4.9747761	-80.163834	-2.0740356	
2.6	2.3600164	5.1526284	-70.672158	9.2420772	
2.8	2.3454754	5.3169057	-73.519724	7.6692623	
3	2.3299897	5.2196489	-46.453214	-8.4572462	
3.2	2.3186802	5.1572046	-91.231533	-40.702426	
3.3	2.3060761	4.9264394	-59.391258	-21.152931	
3.4	2.3063462	5.1580525	-83.165485	72.831783	
3.6	2.2991884	5.1271362	-62.058059	90.868256	
3.8	2.2807942	5.3350634	14.225684	-27.489855	
4	2.2600588	5.3961596	7.3230024	-44.453514	
4.4	2.2464322	5.3384146	63.203407	20.683958	
4.5	2.2504128	5.5009134	-18.567711	42.839407	
4.8	2.2370395	5.6005815	-5.4828354	8.0974702	
5	2.2238229	5.3624204	34.422408	33.663779	
5.5	2.2156924	5.3836198	56.118942	-28.270989	
6	2.1910335	4.9714792	-0.73326202	2.1520035	
6.47	2.1811104	4.9145293	43.430106	107.09811	
8	2.1535364	4.8121798	10.647914	60.822304	
9	2.1375146	4.2757989	37.454339	60.314848	
10	2.1136669	3.6130218	35.044956	67.39283	
11	2.1057422	3.4469495	-14.960261	159.79855	
12	2.0950824	3.2959381	21.938488	195.34966	
13	2.096813	3.7816779	88.391742	565.90451	
14	2.0688196	3.1972189	-22.762241	47.226693	
15	2.0596051	3.0419873	-57.003984	57.660541	
16	2.0499776	2.9687769	-38.948492	23.370943	
17	2.0458937	2.6469345	17.308765	40.620582	
18	2.0314756	2.4979696	24.459935	5.1269692	
19	2.020953	2.3778899	-13.128466	13.632648	
20	2.0137073	2.3166218	-6.9806569	28.433518	
21	2.0075634	2.2439634	4.4855599	22.766877	
22	1.9998712	2.1777467	-9.011665	43.914867	
23	1.9950528	2.1576639	-8.1841584	9.921105	
24	1.9921867	2.1913453	-9.9910577	-9.2742018	
25	1.9874467	2.108134	-9.35671	-3.5502638	
26	1.9844893	2.0778833	-4.8592289	3.1363863	
27	1.9838924	2.067013	1.5705852	6.079054	
28	1.9806151	2.0780129	-8.379083	7.9986668	
29	1.9789602	2.0760956	-7.901921	1.9798299	
30	1.9776645	2.0716092	-7.6181579	2.6762933	
31	1.9760396	2.0591611	-7.425829	0.58810687	
32	1.9744557	2.0420668	-6.3131922	3.5706681	
33	1.9723225	2.0388555	-7.6035969	10.732573	
34	1.9707868	2.0231331	-8.1703274	9.7545131	
35	1.9694426	2.0066904	-7.161046	8.4419715	
36	1.9683697	2.0060465	-6.7213508	7.8155654	
37	1.9672837	2.0037345	-5.6655472	7.942314	
38	1.9662315	2.002028	-4.0745994	8.7767938	
39	1.9652353	2.0006643	-3.6023288	8.8511331	
40	1.9643094	1.9993615	-3.6491396	8.7495612	
41	1.9633963	1.998174	-3.6183403	8.7241153	
42	1.9618804	1.9943578	-0.70391694	4.4011258	
43	1.9608736	1.9927589	-0.5077006	4.2211526	
44	1.9597173	1.9850703	-0.65123464	3.8039883	
45	1.9564971	1.9639367	1.3229339	3.2789223	
50	1.9518871	1.9482319	1.9056755	2.9250101	
55	1.9476267	1.9439877	1.8418593	2.9090808	
60	1.94338	1.9409841	1.7653994	2.60558	
65	1.9391708	1.9368363	1.8448816	2.039867	
70	1.9350298	1.9327173	1.8414825	2.0347961	
75	1.9309259	1.9286332	1.8381096	2.0297754	
80	1.9268579	1.9245837	1.8347626	2.024804	
85	1.9228251	1.9205688	1.8314413	2.0198813	


precision, %
wave=450 nm
height, km	60	
0	0.30468361	
0.05	0.351533	
0.1	0.38995033	
0.15	0.36337809	
0.2	0.38936142	
0.25	0.40060996	
0.3	0.41341427	
0.35	0.36049536	
0.4	0.37271737	
0.45	0.386204	
0.5	0.37989166	
0.55	0.39982536	
0.6	0.46115204	
0.65	0.36244995	
0.7	0.40773678	
0.75	0.37994271	
0.8	0.41412264	
0.85	0.38849829	
0.9	0.40143869	
0.95	0.38660188	
1	0.39578982	
1.1	0.39511401	
1.2	0.42637008	
1.3	0.37703559	
1.4	0.3901263	
1.5	0.43626379	
1.6	0.40456003	
1.7	0.41296184	
1.8	0.46291493	
1.9	0.43073238	
2	0.41977874	
2.2	0.39912273	
2.4	0.41702981	
2.6	0.41835126	
2.8	0.42888955	
3	0.42407564	
3.2	0.45546669	
3.3	0.41389143	
3.4	0.50389575	
3.6	0.46749826	
3.8	0.45159228	
4	0.40902514	
4.4	0.41668144	
4.5	0.47865578	
4.8	0.4586164	
5	0.45107926	
5.5	0.5431923	
6	0.45351257	
6.47	0.47260193	
8	0.48473139	
9	0.55253677	
10	0.44399608	
11	0.49049928	
12	0.44448117	
13	0.6368122	
14	0.42835883	
15	0.43276334	
16	0.46099929	
17	0.61382776	
18	0.41007303	
19	0.36329913	
20	0.34768456	
21	0.34448627	
22	0.33047359	
23	0.31546633	
24	0.31594309	
25	0.30470823	
26	0.30598538	
27	0.30945335	
28	0.30591847	
29	0.30453127	
30	0.30449006	
31	0.30361076	
32	0.30345099	
33	0.30044665	
34	0.29968295	
35	0.29973964	
36	0.29955267	
37	0.29989629	
38	0.29993483	
39	0.29989106	
40	0.29984715	
41	0.29980475	
42	0.29837724	
43	0.29809164	
44	0.29672121	
45	0.29581773	
50	0.29612447	
55	0.29615174	
60	0.29612614	
65	0.29621348	
70	0.29621418	
75	0.29621471	
80	0.29621516	
85	0.29621556	


ord=1
wave=450 nm
zenith, km	60	
Stoks:	     6.0844809	  0.0015125403	-0.00089141963	             0	
enhancement factor
0	2.8766135	-6.4510365	5.876571	0	
0.05	2.9137233	-1.5066564	4.2187505	0	
0.1	2.8752854	4.6088813	1.8968522	0	
0.15	2.8412226	4.224169	1.8987945	0	
0.2	2.8088682	3.8707604	1.9512117	0	
0.25	2.7781404	3.6891841	1.9072743	0	
0.3	2.7489711	3.4968464	1.8907593	0	
0.35	2.7211945	3.3050584	1.8803533	0	
0.4	2.6947653	3.175204	1.8976368	0	
0.45	2.6696167	3.0114384	1.8764535	0	
0.5	2.6456227	2.824722	1.8860255	0	
0.55	2.622753	2.6704878	1.89899	0	
0.6	2.6008811	2.508967	1.9197439	0	
0.65	2.5800012	2.3886672	1.8997168	0	
0.7	2.5600735	2.2501526	1.955676	0	
0.75	2.5410284	2.128061	1.9715034	0	
0.8	2.522822	2.0043069	1.9528965	0	
0.85	2.5053934	1.8946295	1.9288374	0	
0.9	2.4887451	1.8127407	1.9442224	0	
0.95	2.4728039	1.7443422	1.9685846	0	
1	2.4503702	1.6017354	1.9786977	0	
1.1	2.4222661	1.4543458	1.9430931	0	
1.2	2.3963945	1.3218629	1.9680067	0	
1.3	2.3725622	1.1961951	1.9820024	0	
1.4	2.3505728	1.0697665	1.9586536	0	
1.5	2.3302642	0.95789498	1.9778319	0	
1.6	2.311474	0.88162166	2.0117586	0	
1.7	2.2940939	0.79225801	2.0184179	0	
1.8	2.2779903	0.70221082	2.0426597	0	
1.9	2.2630547	0.64728251	2.0565019	0	
2	2.2429902	0.55680061	2.047426	0	
2.2	2.2189446	0.46715847	2.054301	0	
2.4	2.1981053	0.39859479	2.0726386	0	
2.6	2.179978	0.35339468	2.078405	0	
2.8	2.1641742	0.32353714	2.0732082	0	
3	2.150353	0.31943124	2.0542907	0	
3.2	2.1409813	0.30669246	2.0622517	0	
3.3	2.1353213	0.30159042	2.0736126	0	
3.4	2.1275852	0.3045087	2.0590932	0	
3.6	2.1181829	0.31932435	2.0627201	0	
3.8	2.1098726	0.32935616	2.0742722	0	
4	2.0993866	0.37504711	2.0741646	0	
4.4	2.0914065	0.4196488	2.0543354	0	
4.5	2.0861817	0.45331985	2.043047	0	
4.8	2.0801606	0.49904191	2.0406469	0	
5	2.0732915	0.56772838	2.0234988	0	
5.5	2.0649884	0.66478406	2.0309925	0	
6	2.0584907	0.75905356	2.0440747	0	
6.47	2.0483604	0.94373112	2.0500869	0	
8	2.03771	1.1732154	2.0353611	0	
9	2.0314181	1.3339447	2.0234025	0	
10	2.0253722	1.4573052	2.0270843	0	
11	2.0196822	1.5375491	2.0029364	0	
12	2.015025	1.6141905	1.9880682	0	
13	2.0108673	1.6797053	1.9798422	0	
14	2.0069578	1.760499	2.0323612	0	
15	2.0032674	1.8468793	2.1078044	0	
16	1.9997866	1.8739734	2.0967043	0	
17	1.9964639	1.8947329	2.0963507	0	
18	1.9933233	1.8995683	2.0768006	0	
19	1.9904673	1.903274	2.0316283	0	
20	1.9879612	1.908333	2.0269148	0	
21	1.9857225	1.9148773	2.0112464	0	
22	1.9837041	1.92308	1.9786258	0	
23	1.9818795	1.9299785	1.9842448	0	
24	1.9802139	1.9342856	1.9830066	0	
25	1.9786771	1.9390942	1.9809373	0	
26	1.9772492	1.9416516	1.9778657	0	
27	1.9759116	1.9430939	1.9734701	0	
28	1.974651	1.9452309	1.9726086	0	
29	1.9734523	1.9471077	1.9717172	0	
30	1.9723059	1.9493325	1.9710913	0	
31	1.9712041	1.9521159	1.9708287	0	
32	1.9701391	1.9541977	1.967906	0	
33	1.9691036	1.9572379	1.9663103	0	
34	1.9680939	1.959868	1.9677414	0	
35	1.9671061	1.9616228	1.9671721	0	
36	1.966138	1.9619656	1.9662914	0	
37	1.9651855	1.9629009	1.9655133	0	
38	1.9642463	1.9643678	1.9648269	0	
39	1.9633193	1.9643219	1.9639508	0	
40	1.9624023	1.9641804	1.9630762	0	
41	1.9614937	1.9639595	1.9622033	0	
42	1.9605924	1.9636685	1.9613319	0	
43	1.9596976	1.9633125	1.9604621	0	
44	1.9588084	1.9628984	1.9595938	0	
45	1.9561744	1.96131	1.9569999	0	
50	1.9518369	1.9582521	1.952705	0	
55	1.947564	1.9546931	1.9484482	0	
60	1.9433407	1.9508514	1.9442289	0	
65	1.93916	1.9468566	1.9400466	0	
70	1.9350185	1.942786	1.9359008	0	
75	1.9309145	1.9386869	1.9317911	0	
80	1.9268465	1.9345892	1.9277168	0	
85	1.9228139	1.9305095	1.9236776	0	


precision, %
wave=450 nm
height, km	60	
0	0.00767067	
0.05	0.0066552641	
0.1	0.0063296907	
0.15	0.0060575221	
0.2	0.0056292574	
0.25	0.0052817723	
0.3	0.0049678948	
0.35	0.0046646568	
0.4	0.0044312581	
0.45	0.0042523383	
0.5	0.0041881173	
0.55	0.0041562994	
0.6	0.0040753436	
0.65	0.0040368456	
0.7	0.0038738761	
0.75	0.0037835403	
0.8	0.0037555332	
0.85	0.0036612496	
0.9	0.0035777717	
0.95	0.0035106128	
1	0.0034116671	
1.1	0.0033188411	
1.2	0.0032697665	
1.3	0.0032023326	
1.4	0.0031673356	
1.5	0.0031505782	
1.6	0.0031201301	
1.7	0.0031014996	
1.8	0.0030704238	
1.9	0.0030532382	
2	0.003041222	
2.2	0.0030238867	
2.4	0.0030329737	
2.6	0.0030282619	
2.8	0.0030018888	
3	0.0029608356	
3.2	0.0029564747	
3.3	0.0029399546	
3.4	0.0029234012	
3.6	0.002895049	
3.8	0.002860462	
4	0.0028344562	
4.4	0.0028065597	
4.5	0.0027965689	
4.8	0.0027954812	
5	0.0027995135	
5.5	0.0028064857	
6	0.0027981534	
6.47	0.0027919524	
8	0.0027739883	
9	0.0027754728	
10	0.0027510343	
11	0.0027344545	
12	0.0027210449	
13	0.0027282681	
14	0.0027424025	
15	0.0027418285	
16	0.0027373677	
17	0.0027440926	
18	0.0027417133	
19	0.0027290343	
20	0.0027291655	
21	0.002733423	
22	0.0027280568	
23	0.002717262	
24	0.0027169334	
25	0.0027134184	
26	0.0027101401	
27	0.0027010479	
28	0.0027008858	
29	0.0027013029	
30	0.0027011805	
31	0.00270074	
32	0.0027019796	
33	0.0027013012	
34	0.0026979873	
35	0.0026946791	
36	0.0026948009	
37	0.0026950699	
38	0.0026958388	
39	0.0026959108	
40	0.0026959715	
41	0.0026960228	
42	0.0026960662	
43	0.0026961029	
44	0.002696134	
45	0.0026961964	
50	0.002696267	
55	0.002696301	
60	0.0026963183	
65	0.0026963278	
70	0.0026963332	
75	0.0026963367	
80	0.0026963392	
85	0.0026963411	


-------------------------------------------------
tet=70  fi=90
	60	
450	0.029987632	

	60	
450	-29.785744	

	60	
450	0.65357536	



ord=1
	60	
450	37.411034	

	60	
450	-36.727943	

	60	
450	0.023233681	

enhancement factor
ord=0
wave=450 nm
zenith, km	60	
Stoks:	     1.8841785	    0.56121657	   0.044398778	 -0.0033663097	
enhancement factor
0	3.0424039	2.92287	2.2450458	2.8156294	
0.05	3.1781478	3.0669492	1.3144932	2.7965246	
0.1	3.1939721	3.1169949	0.58283778	3.1070446	
0.15	3.2077069	3.1579734	0.33133408	3.6519602	
0.2	3.2023544	3.1454564	0.059522018	3.1080861	
0.25	3.2047978	3.1385183	-0.18404874	2.8437896	
0.3	3.1950761	3.1457729	-0.33743969	3.4196374	
0.35	3.2021132	3.1718809	-0.56270634	3.4209302	
0.4	3.1775761	3.158123	-0.83573169	3.1129003	
0.45	3.1772858	3.1862046	-0.79185541	2.8538606	
0.5	3.163079	3.1699428	-1.0400987	3.3378732	
0.55	3.169889	3.1765088	-1.3753102	3.3873022	
0.6	3.1346004	3.1570842	-1.1506004	3.1479212	
0.65	3.1116078	3.1391863	-0.94880325	3.0989173	
0.7	3.1237401	3.1353767	-1.1310049	2.9317926	
0.75	3.1416367	3.1410403	-1.3055792	2.7340855	
0.8	3.1498817	3.1545365	-1.5090345	2.8512919	
0.85	3.1274516	3.1516239	-1.675281	3.0503512	
0.9	3.1073963	3.1294499	-1.6493459	3.1932326	
0.95	3.0664821	3.0877673	-1.6018108	3.2707934	
1	3.0629153	3.123551	-1.7160112	3.4040389	
1.1	3.034365	3.1016727	-1.728719	3.4378482	
1.2	3.031304	3.1003675	-1.7612651	3.7606982	
1.3	3.0141127	3.0992821	-1.6300684	3.2204627	
1.4	2.9992559	3.0891642	-1.5504793	3.3940584	
1.5	3.0321207	3.1060052	-2.3289179	2.6333592	
1.6	2.9922656	3.0843876	-1.6720251	3.2079447	
1.7	2.9693994	3.0765216	-1.7072322	3.0233817	
1.8	2.9631348	3.0267574	-1.7927887	2.9602143	
1.9	2.9768643	3.0554181	-1.5569279	2.770134	
2	2.9107903	3.0073826	-1.2932221	2.8744301	
2.2	2.8887232	3.0087272	-1.2641142	3.5427037	
2.4	2.8462762	2.9748397	-0.92593949	3.3801955	
2.6	2.8464403	3.0077586	-1.4163316	3.5046567	
2.8	2.8498684	3.0227968	-1.6185143	3.3719539	
3	2.8293556	3.0001851	-1.7528731	3.0189874	
3.2	2.7914245	2.9457683	-1.39197	2.9448261	
3.3	2.7833015	2.9587821	-1.0487141	2.7572273	
3.4	2.792522	2.9895391	-1.4864023	3.0080222	
3.6	2.8037997	2.992496	-1.9699535	2.5570796	
3.8	2.7863781	2.9829134	-2.6251803	2.4364086	
4	2.7477326	2.9548472	-2.3052608	2.4804796	
4.4	2.7209977	2.9371261	-2.6836981	2.7686067	
4.5	2.7436882	2.9486827	-2.3830957	2.656852	
4.8	2.7115629	2.9151298	-2.3507697	2.7235151	
5	2.6770063	2.8705643	-2.1010107	2.818417	
5.5	2.6655148	2.8494859	-2.4465434	2.4840839	
6	2.5995226	2.771045	-1.4192089	2.5982721	
6.47	2.5906318	2.7165361	-1.6279548	3.2164351	
8	2.4991758	2.6265773	-0.88106933	2.76399	
9	2.4414219	2.5391552	-0.91583635	3.1741691	
10	2.3711842	2.4228269	-1.371436	3.1601513	
11	2.3448685	2.3838105	-1.2136308	3.8435944	
12	2.3169828	2.3602774	-1.0455001	3.9175292	
13	2.3430562	2.433613	-1.6640948	6.0573796	
14	2.2432988	2.2970679	0.10749145	2.7192541	
15	2.2117254	2.2519449	0.30662321	2.5994792	
16	2.1838341	2.246803	0.45413915	2.3767369	
17	2.1700311	2.1999998	0.0033425846	2.095455	
18	2.1269563	2.1405962	0.49018055	2.1957649	
19	2.0988685	2.1010083	1.0349239	2.1786367	
20	2.0808846	2.0761069	1.1212784	2.2201308	
21	2.0649458	2.0557376	1.1452354	2.2066067	
22	2.0424702	2.0419218	1.4530279	2.2796081	
23	2.0304672	2.0353469	1.5742668	2.1674219	
24	2.0257883	2.039439	1.7179067	2.1203965	
25	2.012151	2.0209835	1.7227553	2.1197548	
26	2.0059752	2.0117931	1.7604561	2.1234102	
27	2.0070609	2.0145002	1.6538235	2.1118736	
28	1.998922	2.00718	1.843646	2.1119025	
29	1.996107	2.0045941	1.8475925	2.1012107	
30	1.9939784	2.0032145	1.8375717	2.1016827	
31	1.9908842	1.9985592	1.8517207	2.0845551	
32	1.9883969	1.9943899	1.8591794	2.086304	
33	1.9845733	1.9911691	1.8751489	2.0900209	
34	1.9814745	1.9868659	1.8925323	2.0705593	
35	1.9790097	1.9827944	1.8899705	2.0577201	
36	1.9777446	1.9820134	1.8878196	2.0478303	
37	1.9763493	1.9806939	1.8960732	2.0450308	
38	1.9752296	1.9795363	1.8925958	2.0431394	
39	1.973703	1.9780273	1.9083053	2.0327	
40	1.972556	1.9768215	1.9140807	2.0279091	
41	1.9716038	1.9758025	1.9127455	2.0265163	
42	1.9692833	1.9733147	1.9327284	1.9949507	
43	1.9680484	1.9718774	1.9376656	1.989501	
44	1.9662795	1.9696563	1.9450098	1.9849673	
45	1.9617806	1.9634847	1.9511168	1.9686252	
50	1.9562518	1.9564427	1.9474766	1.9600141	
55	1.9519542	1.9521631	1.9419393	1.9559984	
60	1.9475578	1.9478404	1.9378599	1.9516854	
65	1.9431608	1.9434857	1.9360027	1.9484596	
70	1.9389864	1.9393062	1.9317782	1.9442456	
75	1.9348501	1.9351661	1.9276466	1.9400687	
80	1.9307506	1.9310634	1.9235808	1.9359281	
85	1.926687	1.9269969	1.919565	1.9318235	


precision, %
wave=450 nm
height, km	60	
0	0.6907091	
0.05	0.86131429	
0.1	0.95403177	
0.15	0.89197976	
0.2	0.9232007	
0.25	0.92687971	
0.3	0.85914017	
0.35	0.8763898	
0.4	0.88321388	
0.45	0.95466762	
0.5	0.9462134	
0.55	1.0895634	
0.6	0.98482097	
0.65	0.96682451	
0.7	1.0004502	
0.75	1.041659	
0.8	1.0100842	
0.85	0.95559289	
0.9	0.92596162	
0.95	0.88518137	
1	0.90582207	
1.1	0.90571526	
1.2	0.96210004	
1.3	0.91592909	
1.4	0.97227718	
1.5	1.1772985	
1.6	1.0393742	
1.7	1.1232569	
1.8	1.0407439	
1.9	1.4131507	
2	1.0030149	
2.2	0.97350573	
2.4	1.0232611	
2.6	1.1028987	
2.8	1.1868735	
3	1.1808232	
3.2	1.1277561	
3.3	1.2240407	
3.4	1.218473	
3.6	1.2215323	
3.8	1.2874134	
4	1.2172582	
4.4	1.2607543	
4.5	1.363829	
4.8	1.4395883	
5	1.3335933	
5.5	1.6023854	
6	1.3668834	
6.47	1.4475785	
8	1.4546512	
9	1.6977817	
10	1.3184997	
11	1.3681867	
12	1.2206298	
13	2.1115086	
14	1.1586041	
15	1.1616041	
16	1.3011125	
17	1.5766918	
18	1.0002438	
19	0.88124094	
20	0.83749485	
21	0.82764467	
22	0.78422606	
23	0.74422353	
24	0.76026882	
25	0.70651576	
26	0.70363181	
27	0.73408794	
28	0.70135272	
29	0.69758297	
30	0.694768	
31	0.68733081	
32	0.68417236	
33	0.67698943	
34	0.6722107	
35	0.67114775	
36	0.67067311	
37	0.67037557	
38	0.67032915	
39	0.66751052	
40	0.66646853	
41	0.6663189	
42	0.664026	
43	0.66291675	
44	0.6588449	
45	0.65559249	
50	0.6540549	
55	0.65410228	
60	0.65356964	
65	0.65376365	
70	0.65376329	
75	0.65376239	
80	0.65376119	
85	0.65375985	


ord=1
wave=450 nm
zenith, km	60	
Stoks:	    0.70489065	    0.25889184	    0.39925812	             0	
enhancement factor
0	2.921262	2.8519032	2.853495	0	
0.05	2.9395944	2.8846806	2.8874207	0	
0.1	2.9038307	2.8607693	2.8644105	0	
0.15	2.8719943	2.8379351	2.8422792	0	
0.2	2.8420105	2.8162291	2.8210612	0	
0.25	2.8139536	2.7963992	2.8010069	0	
0.3	2.7879671	2.7772907	2.7817499	0	
0.35	2.7632933	2.7589069	2.7632709	0	
0.4	2.74015	2.7415656	2.7454777	0	
0.45	2.7185314	2.7246695	2.728476	0	
0.5	2.6978822	2.7082477	2.7120729	0	
0.55	2.6784357	2.69259	2.696293	0	
0.6	2.659564	2.677434	2.6810926	0	
0.65	2.6416514	2.6630342	2.6665485	0	
0.7	2.6247585	2.6490168	2.6523709	0	
0.75	2.6086552	2.6355763	2.6388076	0	
0.8	2.5932981	2.6226185	2.6258525	0	
0.85	2.5784882	2.6102281	2.613431	0	
0.9	2.564564	2.598461	2.6014173	0	
0.95	2.5511921	2.587211	2.5898548	0	
1	2.5323347	2.5709619	2.5735	0	
1.1	2.5085482	2.5505306	2.5528796	0	
1.2	2.4864476	2.5313792	2.5334323	0	
1.3	2.466006	2.5133508	2.5151974	0	
1.4	2.4469917	2.4963049	2.4981267	0	
1.5	2.4293012	2.4802585	2.4819609	0	
1.6	2.412685	2.4652852	2.4667036	0	
1.7	2.3972522	2.4510442	2.4523835	0	
1.8	2.3827948	2.4375425	2.438829	0	
1.9	2.3692295	2.4249291	2.426038	0	
2	2.350839	2.4073299	2.4083964	0	
2.2	2.3282612	2.3856657	2.3865819	0	
2.4	2.3081773	2.3660481	2.3668169	0	
2.6	2.2901344	2.348224	2.3488634	0	
2.8	2.2739493	2.3319239	2.332475	0	
3	2.2593283	2.3170208	2.317454	0	
3.2	2.2491724	2.3064195	2.3068152	0	
3.3	2.2428779	2.2997514	2.3001144	0	
3.4	2.2339859	2.2903134	2.2906688	0	
3.6	2.2228804	2.2784052	2.278674	0	
3.8	2.2126928	2.2672139	2.2674512	0	
4	2.1990218	2.2520228	2.2521513	0	
4.4	2.1882762	2.2399741	2.2400451	0	
4.5	2.1806797	2.2312159	2.2312832	0	
4.8	2.1716488	2.2207054	2.220737	0	
5	2.1604728	2.207344	2.2073746	0	
5.5	2.1459025	2.1896767	2.1896767	0	
6	2.133391	2.1741551	2.1741372	0	
6.47	2.1118192	2.1469034	2.1469049	0	
8	2.0879585	2.1163817	2.1163958	0	
9	2.0726362	2.0965223	2.0965492	0	
10	2.0596046	2.0797964	2.0797671	0	
11	2.0486579	2.0657204	2.0657455	0	
12	2.0392843	2.0536265	2.0536764	0	
13	2.03122	2.0432756	2.0433233	0	
14	2.0242456	2.0343929	2.0344532	0	
15	2.0181975	2.0268024	2.0268664	0	
16	2.0129016	2.0203079	2.020371	0	
17	2.0082412	2.0146953	2.0147211	0	
18	2.0041246	2.0097363	2.0097527	0	
19	2.0004306	2.0053443	2.0053621	0	
20	1.997161	2.0014232	2.0014621	0	
21	1.994253	1.9979734	1.9980115	0	
22	1.9916454	1.9949184	1.9949459	0	
23	1.9892941	1.9921966	1.9922016	0	
24	1.9871884	1.9897452	1.9897534	0	
25	1.9852628	1.9875343	1.9875414	0	
26	1.9834974	1.9855203	1.9855372	0	
27	1.981862	1.9836814	1.9837137	0	
28	1.9803542	1.9819906	1.9820252	0	
29	1.9789383	1.9804157	1.9804522	0	
30	1.9776004	1.9789481	1.978982	0	
31	1.9763318	1.9775796	1.977605	0	
32	1.9751198	1.9762851	1.9763096	0	
33	1.9739486	1.9750536	1.9750682	0	
34	1.9728204	1.9738679	1.9738679	0	
35	1.9717275	1.9727231	1.9727167	0	
36	1.9706727	1.9716125	1.9716067	0	
37	1.9696415	1.9705404	1.9705309	0	
38	1.9686305	1.9695013	1.9694843	0	
39	1.9676446	1.9684798	1.9684632	0	
40	1.9666754	1.9674796	1.9674634	0	
41	1.9657203	1.9664974	1.9664815	0	
42	1.9647772	1.9655307	1.9655151	0	
43	1.963845	1.9645779	1.9645625	0	
44	1.9629223	1.9636371	1.963622	0	
45	1.9602101	1.9608855	1.9608709	0	
50	1.9557695	1.9563967	1.9563826	0	
55	1.9514254	1.9520245	1.9520108	0	
60	1.9471489	1.9477307	1.9477173	0	
65	1.9429257	1.9434961	1.9434828	0	
70	1.9387479	1.9393102	1.9392971	0	
75	1.934611	1.9351672	1.9351542	0	
80	1.9305124	1.9310635	1.9310505	0	
85	1.9264504	1.9269969	1.926984	0	


precision, %
wave=450 nm
height, km	60	
0	0.065093735	
0.05	0.056840546	
0.1	0.05399295	
0.15	0.051616434	
0.2	0.047915107	
0.25	0.044899304	
0.3	0.042167183	
0.35	0.039535208	
0.4	0.037500594	
0.45	0.03592548	
0.5	0.035333083	
0.55	0.035013618	
0.6	0.034285555	
0.65	0.033916099	
0.7	0.032500905	
0.75	0.031697483	
0.8	0.03142102	
0.85	0.030590699	
0.9	0.029853891	
0.95	0.02925644	
1	0.028378777	
1.1	0.027544622	
1.2	0.027083356	
1.3	0.02647253	
1.4	0.026137339	
1.5	0.025960203	
1.6	0.025679428	
1.7	0.02549795	
1.8	0.02521718	
1.9	0.025055583	
2	0.024931839	
2.2	0.024762983	
2.4	0.02481488	
2.6	0.024767613	
2.8	0.02454873	
3	0.024213125	
3.2	0.024178954	
3.3	0.024047895	
3.4	0.023921278	
3.6	0.023703998	
3.8	0.023436732	
4	0.023251948	
4.4	0.023050741	
4.5	0.022994603	
4.8	0.02301487	
5	0.023090643	
5.5	0.02321197	
6	0.023207321	
6.47	0.0232814	
8	0.023278987	
9	0.023392325	
10	0.023269218	
11	0.023194882	
12	0.023138745	
13	0.023246268	
14	0.023401322	
15	0.023425723	
16	0.023412928	
17	0.023486405	
18	0.023479829	
19	0.023387845	
20	0.023398798	
21	0.023442447	
22	0.023405402	
23	0.023322486	
24	0.023325357	
25	0.023301512	
26	0.023280248	
27	0.023209466	
28	0.023210926	
29	0.023217003	
30	0.023218489	
31	0.023217102	
32	0.023229691	
33	0.023226169	
34	0.023201593	
35	0.023177705	
36	0.023179728	
37	0.023183065	
38	0.023190372	
39	0.023191643	
40	0.023192738	
41	0.023193687	
42	0.023194513	
43	0.023195229	
44	0.023195853	
45	0.023197196	
50	0.023198832	
55	0.023199781	
60	0.023200376	
65	0.023200781	
70	0.023201082	
75	0.023201326	
80	0.023201539	
85	0.023201734	


-------------------------------------------------
tet=70  fi=180
	60	
450	0.028709018	

	60	
450	22.655356	

	60	
450	0.7001492	



ord=1
	60	
450	36.817536	

	60	
450	35.85279	

	60	
450	0.02461114	

enhancement factor
ord=0
wave=450 nm
zenith, km	60	
Stoks:	     1.8038408	   -0.40866655	  -0.001444697	 -0.0001555891	
enhancement factor
0	3.0601976	2.8035408	2.1957467	4.4166022	
0.05	3.1882678	2.7935981	10.737224	6.4619782	
0.1	3.195882	2.6727544	8.368755	-0.10421783	
0.15	3.2216913	2.6210282	6.140222	4.7134332	
0.2	3.2391609	2.6002971	12.56686	-5.8980516	
0.25	3.2740579	2.5651396	5.7696514	-10.533787	
0.3	3.2738227	2.4466345	-1.9896166	-12.398392	
0.35	3.2595666	2.4084041	-4.8363331	-15.121858	
0.4	3.2346537	2.3811088	-5.03607	-15.104402	
0.45	3.2179125	2.342956	-1.0126578	-7.5379653	
0.5	3.2093088	2.3519655	1.0355309	-5.5743359	
0.55	3.2079528	2.3079767	8.4760264	1.3101558	
0.6	3.1934717	2.2308028	-0.56620435	4.3923548	
0.65	3.1519993	2.2228983	6.3220972	4.8249292	
0.7	3.1667446	2.1978048	6.8270149	9.5106579	
0.75	3.1725472	2.1396934	12.406623	7.6114833	
0.8	3.1726655	2.1387479	20.182886	0.57017352	
0.85	3.1732527	2.1449702	17.88149	6.632555	
0.9	3.1782884	2.1454514	5.6371541	0.62902576	
0.95	3.140178	2.1164272	11.510948	2.2862069	
1	3.1270412	2.08312	4.0509175	5.8757826	
1.1	3.1109607	2.0198003	8.8654337	4.1098577	
1.2	3.1053208	1.9990318	7.2510494	11.045809	
1.3	3.0964528	1.9900128	-0.63458411	1.1672179	
1.4	3.0673354	1.9706342	11.63228	1.8020834	
1.5	3.0894777	1.904305	8.3235783	-5.6849949	
1.6	3.0798976	1.8845502	-10.230968	3.8845473	
1.7	3.0392674	1.9022866	4.0138911	-3.0268578	
1.8	3.0377078	1.9452957	5.6759473	-5.7724563	
1.9	3.0558197	1.93505	-7.7498765	1.7290855	
2	2.9933738	1.9244777	-7.0401964	-8.6329752	
2.2	2.9723947	1.9011414	-12.148177	-6.1063926	
2.4	2.9419895	1.8843518	-24.455199	-4.1198112	
2.6	2.9234343	1.8158959	-24.407234	0.19523872	
2.8	2.9259548	1.7665919	-21.233563	-2.7830426	
3	2.906538	1.7778031	-16.650875	-1.0341873	
3.2	2.885025	1.8095072	-25.304654	0.52574962	
3.3	2.8877145	1.9181022	-14.210686	-2.8166921	
3.4	2.8868159	1.7504587	-27.243569	15.1198	
3.6	2.88558	1.7777904	-11.538755	13.177211	
3.8	2.8724868	1.7723492	20.271027	1.6833666	
4	2.8133713	1.7108843	13.088458	9.4529729	
4.4	2.7775833	1.6900272	18.979737	14.704203	
4.5	2.8092603	1.6671247	20.86443	15.055854	
4.8	2.7690902	1.6201582	27.890744	12.064923	
5	2.7242079	1.6809195	13.7745	10.945448	
5.5	2.7000762	1.7651163	4.916353	0.37787432	
6	2.6507759	1.7838176	-6.1229625	1.5167095	
6.47	2.6396547	1.7729863	-14.468586	7.8990616	
8	2.552781	1.7455975	-22.853854	-1.9042163	
9	2.5026633	1.7807618	-10.488272	9.8226878	
10	2.42164	1.9023187	13.902502	13.872705	
11	2.4011974	1.9661506	-7.3999669	12.442459	
12	2.3798966	1.9767711	-2.3484115	15.09925	
13	2.3971395	1.8043518	21.537429	61.379062	
14	2.2830757	1.8955562	-8.2294807	8.7175872	
15	2.2456331	1.9336418	-10.670578	-0.98208257	
16	2.2154133	1.9188092	-13.697952	-1.0425599	
17	2.1993572	1.9834038	-16.643475	9.2907378	
18	2.1499431	1.9865902	-1.63166	1.8974561	
19	2.1198012	1.9992538	-5.5529142	1.4543754	
20	2.1000139	2.0038381	-7.1272107	0.29535845	
21	2.0829995	2.0097486	-3.742603	0.23271601	
22	2.0592408	2.0129805	-5.5205975	4.5654795	
23	2.0451538	2.0056483	-3.8444776	0.65079252	
24	2.0364281	1.9997602	-3.0214164	-0.46550744	
25	2.0246517	1.9972193	-3.1685226	1.2170197	
26	2.0170298	1.9968272	-2.2776816	1.6076383	
27	2.0210678	1.9965021	-2.3140835	1.7624256	
28	2.0079605	1.9899422	-2.4093996	1.726274	
29	2.0041237	1.9878918	-1.8806408	0.97851739	
30	2.0017291	1.985445	-1.3923122	1.1658755	
31	1.9989989	1.9834181	-1.2677154	1.1550662	
32	1.996513	1.9820992	-1.0180002	1.1499309	
33	1.9924671	1.9777736	-1.126888	1.8609356	
34	1.9896321	1.9778171	-0.85018579	1.9341154	
35	1.9871843	1.9783804	-0.4326162	1.9155057	
36	1.985714	1.9766671	-0.3040194	1.8676089	
37	1.9841796	1.9759353	-0.3324334	1.8772014	
38	1.9826037	1.9751684	0.26116956	1.9875909	
39	1.981115	1.9746135	0.072292889	1.9029449	
40	1.9799976	1.973816	-0.054858138	1.8620198	
41	1.9790149	1.9728732	-0.039455164	1.8644064	
42	1.9751949	1.9706805	1.3251727	1.9526767	
43	1.9735487	1.9696796	1.5252508	1.9904505	
44	1.9717926	1.968787	1.5563909	1.9704531	
45	1.9670249	1.9672543	1.8860926	1.9441101	
50	1.9615532	1.9636889	1.9952266	1.924499	
55	1.9572142	1.9593746	1.9780722	1.9014871	
60	1.9527579	1.9547287	1.9592196	1.9117411	
65	1.9483447	1.9502911	1.9560814	1.965789	
70	1.9441276	1.9460553	1.9518052	1.9614186	
75	1.9399495	1.9418606	1.9475668	1.9570875	
80	1.935809	1.9377046	1.9433658	1.9527952	
85	1.931705	1.9335856	1.9392015	1.948541	


precision, %
wave=450 nm
height, km	60	
0	0.73495952	
0.05	0.84427742	
0.1	0.8373648	
0.15	0.8058649	
0.2	0.88012	
0.25	0.97147061	
0.3	1.0251257	
0.35	0.98572252	
0.4	0.88668645	
0.45	0.90930112	
0.5	0.88955623	
0.55	0.98406524	
0.6	1.15388	
0.65	0.93928646	
0.7	1.0353224	
0.75	1.0960241	
0.8	0.99642687	
0.85	0.97272847	
0.9	1.089456	
0.95	0.99232992	
1	0.94492436	
1.1	0.97918814	
1.2	1.0123428	
1.3	0.96963471	
1.4	0.98061859	
1.5	1.0959619	
1.6	1.2136378	
1.7	1.0857202	
1.8	1.14859	
1.9	1.4430885	
2	1.0476149	
2.2	1.096688	
2.4	1.1043645	
2.6	1.1076688	
2.8	1.2361969	
3	1.183033	
3.2	1.2129078	
3.3	1.5515676	
3.4	1.3539818	
3.6	1.3109308	
3.8	1.5895825	
4	1.259043	
4.4	1.3283139	
4.5	1.4279	
4.8	1.3816507	
5	1.2983815	
5.5	1.4733738	
6	1.3853678	
6.47	1.4450854	
8	1.5907869	
9	1.8194639	
10	1.375293	
11	1.5464848	
12	1.5149925	
13	2.2313781	
14	1.3198623	
15	1.302804	
16	1.3351331	
17	1.6637701	
18	1.0772193	
19	0.96416131	
20	0.89860469	
21	0.88220823	
22	0.84777482	
23	0.7935336	
24	0.78715326	
25	0.76603263	
26	0.76052202	
27	0.84716822	
28	0.75338782	
29	0.74448673	
30	0.74038659	
31	0.74072693	
32	0.73970865	
33	0.72892975	
34	0.72263149	
35	0.72004981	
36	0.71824122	
37	0.71733776	
38	0.71841825	
39	0.7178779	
40	0.71749789	
41	0.71722489	
42	0.70791158	
43	0.70561548	
44	0.70247574	
45	0.6997055	
50	0.70035534	
55	0.70051653	
60	0.69980776	
65	0.69995011	
70	0.69995231	
75	0.69995373	
80	0.69995475	
85	0.69995558	


ord=1
wave=450 nm
zenith, km	60	
Stoks:	    0.66412975	   -0.23810904	  0.0010984714	             0	
enhancement factor
0	2.9573807	2.8411137	6.7888993	0	
0.05	2.9798599	2.8794931	6.781769	0	
0.1	2.9481593	2.8597045	6.8568939	0	
0.15	2.9202965	2.8408753	6.8550907	0	
0.2	2.8940904	2.8228231	6.812322	0	
0.25	2.8696327	2.80458	6.8476026	0	
0.3	2.8470832	2.7872117	6.860722	0	
0.35	2.8256505	2.7705803	6.8688636	0	
0.4	2.8055816	2.7542555	6.8545615	0	
0.45	2.7868843	2.7388057	6.8714492	0	
0.5	2.7689841	2.7241258	6.8634265	0	
0.55	2.7521413	2.7098302	6.8526173	0	
0.6	2.7357018	2.6961393	6.8354899	0	
0.65	2.7200844	2.6827166	6.8513708	0	
0.7	2.7053639	2.6699106	6.8058513	0	
0.75	2.6913108	2.6574958	6.7927676	0	
0.8	2.6778979	2.6455998	6.8075062	0	
0.85	2.6649273	2.6341165	6.8266705	0	
0.9	2.6527649	2.6229342	6.8139533	0	
0.95	2.6410646	2.6121205	6.7939799	0	
1	2.6245123	2.5970385	6.7853801	0	
1.1	2.6035224	2.5776702	6.8135313	0	
1.2	2.583869	2.5594314	6.7928041	0	
1.3	2.5655673	2.5422613	6.7809602	0	
1.4	2.5484089	2.5261081	6.7992271	0	
1.5	2.5323223	2.510802	6.7831865	0	
1.6	2.5170816	2.4961621	6.7552593	0	
1.7	2.5028322	2.4824372	6.7492912	0	
1.8	2.4561618	2.4865175	2.373966	0	
1.9	2.4402223	2.4756936	1.9408901	0	
2	2.4227838	2.4584425	1.9479363	0	
2.2	2.4010941	2.4369173	1.9420943	0	
2.4	2.3814673	2.4172433	1.9271104	0	
2.6	2.3635182	2.3991327	1.9220745	0	
2.8	2.3471318	2.3824072	1.9258038	0	
3	2.3320624	2.3668093	1.9405397	0	
3.2	2.3214514	2.3558248	1.9339253	0	
3.3	2.3147838	2.348873	1.9246663	0	
3.4	2.3052419	2.3388999	1.936021	0	
3.6	2.2931711	2.3261687	1.9327989	0	
3.8	2.281905	2.3142399	1.9232381	0	
4	2.2664255	2.2976281	1.9228253	0	
4.4	2.2541136	2.2843427	1.9381776	0	
4.5	2.2451756	2.2746556	1.9468688	0	
4.8	2.2344404	2.2629597	1.948413	0	
5	2.2208091	2.2479433	1.9614074	0	
5.5	2.2027092	2.2279985	1.9546596	0	
6	2.1868098	2.2103533	1.9435572	0	
6.47	2.1588285	2.1791384	1.9372404	0	
8	2.1275515	2.1439362	1.94666	0	
9	2.1071884	2.1209181	1.9542849	0	
10	2.0897523	2.101342	1.9497133	0	
11	2.0749955	2.0848775	1.9666278	0	
12	2.0623724	2.0707442	1.9765201	0	
13	2.0515845	2.0586618	1.9813264	0	
14	2.0423544	2.0484067	1.9798225	0	
15	2.034448	2.0396676	1.9791678	0	
16	2.0276229	2.0321762	1.9858286	0	
17	2.0216998	2.025703	1.9844368	0	
18	2.0165257	2.0200854	1.9799966	0	
19	2.0119232	2.0151006	1.9844485	0	
20	2.0078743	2.0107251	1.9863975	0	
21	2.004308	2.0068809	1.9836707	0	
22	2.0011427	2.0034777	1.9804198	0	
23	1.998319	2.0004521	1.9747502	0	
24	1.9958133	1.9977636	1.9740989	0	
25	1.9935477	1.9953409	1.9740687	0	
26	1.991495	1.9931658	1.9747194	0	
27	1.9896176	1.9911993	1.9763067	0	
28	1.987904	1.9893905	1.9753856	0	
29	1.9863111	1.9877142	1.9744907	0	
30	1.9848222	1.9861525	1.9734061	0	
31	1.9834259	1.9846931	1.9720604	0	
32	1.9821052	1.9833239	1.9725799	0	
33	1.9808391	1.982013	1.9721473	0	
34	1.9796272	1.9807573	1.9696336	0	
35	1.9784615	1.9795568	1.9685466	0	
36	1.9773431	1.9784085	1.9676635	0	
37	1.9762565	1.977295	1.9667104	0	
38	1.9751969	1.9762109	1.965695	0	
39	1.9741681	1.9751627	1.9648168	0	
40	1.9731608	1.9741384	1.9639403	0	
41	1.9721714	1.9731342	1.9630653	0	
42	1.9711976	1.9721471	1.9621919	0	
43	1.9702374	1.9711754	1.9613201	0	
44	1.9692893	1.9702171	1.9604498	0	
45	1.966515	1.9674197	1.9578499	0	
50	1.9619874	1.9628628	1.9535452	0	
55	1.9575733	1.9584308	1.9494333	0	
60	1.9532334	1.9540809	1.9457181	0	
65	1.9489562	1.9497934	1.941524	0	
70	1.9447275	1.9455562	1.9373665	0	
75	1.9405417	1.9413629	1.9332452	0	
80	1.9363953	1.9372096	1.9291596	0	
85	1.9322864	1.9330941	1.9251091	0	


precision, %
wave=450 nm
height, km	60	
0	0.068109816	
0.05	0.059395784	
0.1	0.056323338	
0.15	0.053752932	
0.2	0.049816672	
0.25	0.046607869	
0.3	0.043701484	
0.35	0.040906839	
0.4	0.038747145	
0.45	0.037067571	
0.5	0.036411597	
0.55	0.036039924	
0.6	0.035250078	
0.65	0.03483226	
0.7	0.033340754	
0.75	0.032482987	
0.8	0.03216804	
0.85	0.031287415	
0.9	0.030505814	
0.95	0.029868578	
1	0.028938733	
1.1	0.028045009	
1.2	0.027537801	
1.3	0.026881719	
1.4	0.02651139	
1.5	0.026304876	
1.6	0.025999023	
1.7	0.025797173	
1.8	0.025841825	
1.9	0.02569735	
2	0.025556667	
2.2	0.025368941	
2.4	0.025406153	
2.6	0.025351292	
2.8	0.025124472	
3	0.024780448	
3.2	0.024744598	
3.3	0.024612816	
3.4	0.024488037	
3.6	0.024274145	
3.8	0.024010446	
4	0.023836901	
4.4	0.023645863	
4.5	0.023601012	
4.8	0.023635649	
5	0.023735928	
5.5	0.02389846	
6	0.023930252	
6.47	0.024077457	
8	0.024159396	
9	0.024334624	
10	0.024264501	
11	0.024235788	
12	0.024216773	
13	0.024361399	
14	0.024549965	
15	0.024598804	
16	0.02460604	
17	0.024699104	
18	0.024708323	
19	0.024627112	
20	0.024648285	
21	0.024699924	
22	0.024670725	
23	0.024596203	
24	0.024604548	
25	0.024585038	
26	0.024567289	
27	0.024498092	
28	0.024502251	
29	0.024510765	
30	0.024514479	
31	0.024515028	
32	0.02452951	
33	0.024528047	
34	0.024506048	
35	0.024485151	
36	0.02448801	
37	0.024492295	
38	0.024500436	
39	0.02450225	
40	0.024503821	
41	0.024505189	
42	0.024506386	
43	0.024507432	
44	0.02450835	
45	0.024510374	
50	0.02451291	
55	0.024514517	
60	0.024515676	
65	0.02451652	
70	0.024517222	
75	0.024517842	
80	0.02451842	
85	0.024518973	


