RT Model MCC++	 O.Postylyakov	ver.72
MixedSimC<atmos::StoksC,MCSimC<atmos::StoksC,MCWMethodC<atmos::StoksC,SphericalGeomT>>,SSSimC<atmos::StoksC,MCSimC<atmos::StoksC,MSSMethodC<atmos::StoksC,SphericalGeomT,1000>>>>	ps::cLCG2C	Density: double	AMFs: Yes	ORDERS_ACCOUNT: ATM_COLLGS_ORDERS
photons passed	base/max expendeture	EPS-breakes	MaxCollgs-Breaks	MinPhWgt-Breaks	average colligions
20000	0.0139545/0.0192553	0	0	0	3.10345	
SpecialSamplingCollgs	ForceCollgSimul	EPS	ssEPS	MaxCollgs	MinPhWgt	BaseMod	
1	0	0.001	1e-12	500	1e-300	0	
Albedo	time	IY
0.05	0.03725	{ 549003489 1745838369 ; 40014 40692 2147483563 2147483399 }	
 -6370.99	 -6370.99	 -5791.81	 -5212.63	 -4633.45	 -4054.27	 -3475.09	  -2895.9	 -2316.72	 -1737.54	 -1158.36	 -579.181	-9.09495e-13	  12.8571	  25.7143	  38.5714	  51.4286	  64.2857	  77.1429	       90	
        0	        0	0.0080361	 0.024108	 0.040179	 0.056251	 0.072322	 0.088394	  0.10447	  0.12054	  0.13661	  0.15268	  0.16875	0.0039284	0.0039364	0.0039443	0.0039522	0.0039601	 0.003968	 0.003976	
        0	        0	        0	        0	        0	        0	        0	        0	        0	        0	        0	        0	        0	        0	        0	        0	        0	        0	        0	        0	
        0	        0	        0	        0	        0	        0	        0	        0	        0	        0	        0	        0	        0	        0	        0	        0	        0	        0	        0	        0	

-------------------------------------------------
tet=75  fi=0
	60	
450	0.1103	

	60	
450	-1.2598	

	60	
450	0.32638	



ord=1
	60	
450	68.335	

	60	
450	0.44348	

	60	
450	0.0037699	

enhancement factor
ord=0
wave=450 nm
zenith, km	60	
Stoks:	     6.9303904	   0.087307656	  -0.013179215	-0.00020817534	
enhancement factor
0	3.8589098	4.1210935	6.0072705	2.4886218	
0.05	3.9343416	4.9004736	4.7912188	5.4810979	
0.1	3.852446	5.1492495	4.8308765	0.55929719	
0.15	3.7820898	5.583194	5.5999418	8.3019327	
0.2	3.7159259	5.7077488	5.2428673	7.9946299	
0.25	3.6452114	5.7309558	5.7583999	5.5172838	
0.3	3.5931015	5.5836317	6.1119272	6.5737034	
0.35	3.5455438	5.6961797	6.1404179	5.2470339	
0.4	3.4946038	6.0092852	6.7896869	4.7729545	
0.45	3.4403332	6.2234724	6.6687878	1.6238527	
0.5	3.3815942	6.1999883	5.9046533	6.3846504	
0.55	3.329653	6.0818995	6.211385	2.1885401	
0.6	3.2857245	6.3197723	5.50052	-1.1553808	
0.65	3.2422007	6.7106039	3.8697295	-0.35351911	
0.7	3.2001253	6.8299354	5.004855	-6.6849185	
0.75	3.1383419	6.3336219	4.2925352	1.383347	
0.8	3.1008372	6.23066	4.214071	-0.013225265	
0.85	3.0622316	6.2402422	3.0851706	-1.6501224	
0.9	3.0324664	6.1738587	2.6711989	0.39142301	
0.95	3.0045252	6.0816268	3.6023513	-8.0864304	
1	2.956295	6.1505642	3.2567722	-10.227393	
1.1	2.9021552	6.1955834	3.7303532	-7.3912432	
1.2	2.8559068	6.3649138	3.8369515	-2.0566198	
1.3	2.822317	6.8658647	5.6160269	-12.798318	
1.4	2.7696277	6.5299854	6.2198151	-17.929924	
1.5	2.7249051	6.0977554	4.9195294	-6.3897403	
1.6	2.6823135	6.0004047	3.8330021	-10.210469	
1.7	2.6371009	5.8600498	3.1815874	-4.1759834	
1.8	2.6208366	5.9868524	6.6908839	-20.404301	
1.9	2.5940501	6.0709239	2.8929846	3.644876	
2	2.5581305	5.9487598	1.699273	-0.69294834	
2.2	2.5119064	5.7272751	2.4019212	-5.2116532	
2.4	2.4837972	6.1204694	3.5910785	-11.497951	
2.6	2.4396789	5.7592913	4.8895287	-12.724629	
2.8	2.407687	5.9258775	4.9484772	-7.798855	
3	2.3953613	6.1680086	4.3602007	-13.488805	
3.2	2.372465	6.1296876	3.811192	-12.678397	
3.3	2.3576463	6.0277478	3.200705	-4.1232647	
3.4	2.3429791	5.9082034	3.3951204	-5.8625523	
3.6	2.3258535	5.8445963	3.309005	-5.0706003	
3.8	2.3095138	5.6138549	4.0839031	3.0270884	
4	2.3031444	5.7677006	4.4301471	-2.0286544	
4.4	2.278627	5.3996416	3.4157265	-2.9475226	
4.5	2.2733574	5.4373988	4.3381844	6.4887712	
4.8	2.2647214	5.8494148	4.1783558	13.487514	
5	2.2545424	5.560922	5.7540947	9.9505761	
5.5	2.2372569	5.8626764	5.8901779	8.235187	
6	2.2145906	5.4171432	5.1911139	14.553577	
6.47	2.1979203	5.5559347	2.6234111	5.3951955	
8	2.1657274	5.1018312	1.3639946	1.8997019	
9	2.1465385	4.8799533	2.2285885	9.6828056	
10	2.1318936	4.4806751	-1.7103653	6.6623644	
11	2.1166031	4.0604062	-1.5380326	10.647062	
12	2.0992933	4.346885	0.78779216	18.835785	
13	2.0993768	4.6778977	2.2031415	12.286997	
14	2.0899267	4.4610742	4.3724985	7.8241467	
15	2.0637926	3.5114246	1.7272176	9.6921617	
16	2.054059	3.0035226	3.315414	-0.96272542	
17	2.0391534	2.934979	1.0853969	4.2666142	
18	2.0337511	2.8457739	-0.75927436	2.4730626	
19	2.0224142	2.702566	1.0682842	4.6776246	
20	2.0127218	2.556496	1.3613951	3.4669037	
21	2.005612	2.3711625	1.3072338	-3.8279776	
22	1.9988331	2.2470341	1.8003816	-2.2059998	
23	1.9971307	2.4262057	1.6685104	0.57995647	
24	1.9923434	2.2886882	1.8354941	1.5413374	
25	1.9906158	2.3332757	1.225644	-0.75453602	
26	1.9854029	2.1872707	1.519103	1.5897083	
27	1.9820313	2.1105049	1.73853	2.7187533	
28	1.9787979	2.0439986	1.7974173	3.8218686	
29	1.976888	2.0159923	1.8144456	3.9480519	
30	1.9771516	1.9429561	2.0429029	6.0668369	
31	1.9734181	2.0046544	2.0166377	3.1729787	
32	1.9720537	2.0069825	2.0274984	2.9034131	
33	1.9704014	1.9962424	1.9645346	2.7384561	
34	1.968509	1.9835472	2.0238706	2.2256179	
35	1.9674723	1.9793959	2.0191208	2.3227951	
36	1.9664451	1.9786312	1.9994458	2.30967	
37	1.9654285	1.9789807	1.9844885	2.2706754	
38	1.9643853	1.9724654	1.9860669	2.1627348	
39	1.9634172	1.9686241	1.9887559	2.129599	
40	1.9625203	1.9663596	1.9926912	2.1064875	
41	1.961528	1.9659683	1.9777066	2.0942695	
42	1.9606286	1.9658209	1.976932	2.0788781	
43	1.9597193	1.9659206	1.9774047	2.0652148	
44	1.9587143	1.9629808	1.995636	2.0798777	
45	1.9558507	1.956548	2.0056263	2.1191331	
50	1.9514217	1.9499621	1.9606765	1.9324842	
55	1.9471455	1.945679	1.9512795	1.9042201	
60	1.942927	1.9414996	1.9470362	1.9003645	
65	1.9387501	1.9373479	1.9428304	1.8965408	
70	1.9346121	1.9332275	1.9386614	1.8927485	
75	1.9305113	1.92914	1.9345287	1.8889874	
80	1.9264464	1.9250863	1.9304319	1.885257	
85	1.9224168	1.9210667	1.9263704	1.8815568	


precision, %
wave=450 nm
height, km	60	
0	0.33729947	
0.05	0.38839739	
0.1	0.36285426	
0.15	0.35960278	
0.2	0.39041624	
0.25	0.37671654	
0.3	0.40684163	
0.35	0.41375633	
0.4	0.40826815	
0.45	0.40045318	
0.5	0.40381484	
0.55	0.42060858	
0.6	0.43670834	
0.65	0.45336792	
0.7	0.50785364	
0.75	0.43696741	
0.8	0.44682016	
0.85	0.42452299	
0.9	0.44173772	
0.95	0.42741148	
1	0.40198941	
1.1	0.41741195	
1.2	0.45797452	
1.3	0.5391212	
1.4	0.51432661	
1.5	0.47918307	
1.6	0.51829458	
1.7	0.46522331	
1.8	0.52273576	
1.9	0.50220706	
2	0.49725023	
2.2	0.552054	
2.4	0.49731586	
2.6	0.48568065	
2.8	0.46546757	
3	0.4891019	
3.2	0.47599689	
3.3	0.45898506	
3.4	0.47074648	
3.6	0.48244907	
3.8	0.47432313	
4	0.53410428	
4.4	0.50005595	
4.5	0.5187341	
4.8	0.5500912	
5	0.54433956	
5.5	0.56397327	
6	0.52907326	
6.47	0.53875153	
8	0.55154659	
9	0.53691959	
10	0.63174402	
11	0.61156535	
12	0.60514941	
13	0.64866942	
14	0.6541924	
15	0.46230566	
16	0.51957496	
17	0.41701678	
18	0.42479025	
19	0.38873809	
20	0.36567721	
21	0.35385399	
22	0.34376981	
23	0.39127894	
24	0.34800398	
25	0.36502477	
26	0.34192754	
27	0.33804951	
28	0.32928913	
29	0.32907324	
30	0.35131516	
31	0.32767599	
32	0.32754173	
33	0.32673853	
34	0.32609498	
35	0.32635295	
36	0.32604325	
37	0.32574997	
38	0.32566319	
39	0.32577095	
40	0.3257721	
41	0.32603933	
42	0.32612001	
43	0.32613554	
44	0.3264466	
45	0.32590857	
50	0.32636171	
55	0.32641401	
60	0.32641544	
65	0.32641607	
70	0.3264163	
75	0.32641631	
80	0.32641622	
85	0.32641607	


ord=1
wave=450 nm
zenith, km	60	
Stoks:	     4.7358943	  -0.021002959	 -0.0052085176	             0	
enhancement factor
0	3.8125599	4.4196689	7.3835915	0	
0.05	3.8388867	4.4965692	7.4770846	0	
0.1	3.744943	4.4663057	7.4464669	0	
0.15	3.6575937	4.4293508	7.4344062	0	
0.2	3.576283	4.3850231	7.4259381	0	
0.25	3.5003962	4.3434303	7.432099	0	
0.3	3.4292646	4.3078878	7.4370438	0	
0.35	3.3627312	4.2732901	7.435904	0	
0.4	3.3005127	4.2411382	7.4427074	0	
0.45	3.242079	4.2085346	7.4435948	0	
0.5	3.187156	4.1800909	7.4518725	0	
0.55	3.1355309	4.1508085	7.4462741	0	
0.6	3.0759953	3.5927755	4.2751344	0	
0.65	3.0233929	3.2351896	2.2953656	0	
0.7	2.9802804	3.210614	2.301144	0	
0.75	2.9395726	3.1848947	2.301537	0	
0.8	2.901082	3.1611257	2.3018427	0	
0.85	2.8647455	3.1392181	2.2996331	0	
0.9	2.8304099	3.1164356	2.2982912	0	
0.95	2.7979115	3.0965659	2.2998839	0	
1	2.7529044	3.0676537	2.3042819	0	
1.1	2.6974653	3.0330417	2.3058738	0	
1.2	2.647418	3.0003881	2.3091676	0	
1.3	2.6021418	2.9672803	2.3152675	0	
1.4	2.5611022	2.9388016	2.3128682	0	
1.5	2.5237985	2.913467	2.3060907	0	
1.6	2.4898649	2.8893235	2.3055432	0	
1.7	2.4589157	2.8651624	2.3103695	0	
1.8	2.4306194	2.8416499	2.316096	0	
1.9	2.4047357	2.8195572	2.3198988	0	
2	2.370536	2.7889063	2.3182585	0	
2.2	2.3302308	2.752232	2.3194794	0	
2.4	2.2959811	2.7191162	2.3228001	0	
2.6	2.2646896	2.6679923	2.1254034	0	
2.8	2.2387936	2.631335	2.0461008	0	
3	2.2171355	2.6055198	2.0423997	0	
3.2	2.2025782	2.5873864	2.0417406	0	
3.3	2.1938588	2.575815	2.0406806	0	
3.4	2.1820413	2.5590851	2.0370387	0	
3.6	2.1677726	2.5378177	2.032967	0	
3.8	2.1552603	2.517371	2.0301653	0	
4	2.1396073	2.4897344	2.0285377	0	
4.4	2.1278003	2.467963	2.0279079	0	
4.5	2.1201112	2.4516208	2.0262465	0	
4.8	2.1112894	2.4322856	2.0259004	0	
5	2.1012696	2.4072892	2.0262794	0	
5.5	2.0892286	2.3734106	2.028839	0	
6	2.0796912	2.3106771	2.0018002	0	
6.47	2.0651409	2.2438532	1.9930372	0	
8	2.0500915	2.1840819	1.992745	0	
9	2.0413205	2.1461528	1.9892993	0	
10	2.0333452	2.1168445	1.9880898	0	
11	2.0261671	2.0945682	1.9881319	0	
12	2.0203223	2.0748797	1.9881998	0	
13	2.0151811	2.0583306	1.9864093	0	
14	2.0104611	2.0444749	1.9828948	0	
15	2.0061079	2.0335595	1.9819905	0	
16	2.0020566	2.0244751	1.9811375	0	
17	1.9982522	2.0173085	1.9807217	0	
18	1.9947193	2.0115466	1.9788043	0	
19	1.9915495	2.006387	1.9782692	0	
20	1.988756	2.0015216	1.9785301	0	
21	1.9862874	1.9973584	1.9783473	0	
22	1.9840852	1.9936263	1.9772383	0	
23	1.9821042	1.9903435	1.9762762	0	
24	1.9803061	1.9874035	1.9754161	0	
25	1.9786558	1.984138	1.9768125	0	
26	1.9771376	1.9816258	1.9764454	0	
27	1.9757279	1.9794898	1.9755491	0	
28	1.9744057	1.977532	1.9746545	0	
29	1.973154	1.9757366	1.9728363	0	
30	1.9719626	1.9740022	1.9709564	0	
31	1.9708227	1.9723097	1.9700769	0	
32	1.9697265	1.9708764	1.9685171	0	
33	1.9686667	1.9694893	1.9670451	0	
34	1.9676355	1.9681144	1.9657746	0	
35	1.9666296	1.9667347	1.9649343	0	
36	1.9656466	1.9655287	1.9640574	0	
37	1.9646821	1.9643703	1.9631821	0	
38	1.9637332	1.9632529	1.9623083	0	
39	1.9627976	1.9621707	1.9614361	0	
40	1.9618734	1.9611183	1.9605655	0	
41	1.9609588	1.9600909	1.9596964	0	
42	1.9600524	1.9590853	1.9588289	0	
43	1.9591534	1.9580993	1.957963	0	
44	1.9582603	1.9571157	1.9574116	0	
45	1.9556189	1.9542852	1.9553631	0	
50	1.9512756	1.9497444	1.9510815	0	
55	1.9470019	1.945365	1.9468377	0	
60	1.9427802	1.94109	1.9426314	0	
65	1.9386025	1.936889	1.9384618	0	
70	1.9344647	1.9327453	1.9343287	0	
75	1.9303646	1.9286491	1.9302313	0	
80	1.9263008	1.9245942	1.9261693	0	
85	1.9222724	1.9205771	1.9221422	0	


precision, %
wave=450 nm
height, km	60	
0	0.0085838359	
0.05	0.007615065	
0.1	0.0071559938	
0.15	0.0066997436	
0.2	0.0063149147	
0.25	0.0059534801	
0.3	0.0055083796	
0.35	0.0053302793	
0.4	0.0051127186	
0.45	0.0049461368	
0.5	0.0048049499	
0.55	0.0046405396	
0.6	0.0046307736	
0.65	0.0046899005	
0.7	0.0046392285	
0.75	0.0044892055	
0.8	0.0043115191	
0.85	0.0041884262	
0.9	0.0041991449	
0.95	0.0041247368	
1	0.0039750042	
1.1	0.003878482	
1.2	0.0038875955	
1.3	0.0038555142	
1.4	0.0037689242	
1.5	0.0036937566	
1.6	0.0037162436	
1.7	0.003748548	
1.8	0.003759771	
1.9	0.0037172892	
2	0.0037206287	
2.2	0.0036832066	
2.4	0.0036527488	
2.6	0.0036761391	
2.8	0.0037047829	
3	0.003689845	
3.2	0.0037055363	
3.3	0.0037186982	
3.4	0.0037399571	
3.6	0.0037370653	
3.8	0.0037475188	
4	0.0037224767	
4.4	0.0037076068	
4.5	0.0036828566	
4.8	0.0036819082	
5	0.0036984973	
5.5	0.0037155057	
6	0.0037357538	
6.47	0.0037167	
8	0.0036903924	
9	0.0036897815	
10	0.0036865846	
11	0.0037046843	
12	0.0037177388	
13	0.0037351559	
14	0.0037402949	
15	0.0037473901	
16	0.0037496713	
17	0.0037531004	
18	0.0037573725	
19	0.003767315	
20	0.0037573583	
21	0.0037552681	
22	0.0037558193	
23	0.0037573957	
24	0.0037596028	
25	0.0037610297	
26	0.0037622108	
27	0.00376319	
28	0.0037640069	
29	0.0037663743	
30	0.003765827	
31	0.0037662895	
32	0.0037666921	
33	0.0037670284	
34	0.003769519	
35	0.0037756062	
36	0.0037757987	
37	0.0037759591	
38	0.0037760926	
39	0.0037762037	
40	0.0037762962	
41	0.0037763734	
42	0.0037764376	
43	0.0037764909	
44	0.0037743798	
45	0.0037712734	
50	0.0037713803	
55	0.0037714265	
60	0.0037714446	
65	0.0037714491	
70	0.0037714468	
75	0.003771441	
80	0.0037714336	
85	0.0037714254	


-------------------------------------------------
tet=75  fi=90
	60	
450	0.028805523	

	60	
450	-28.654794	

	60	
450	0.71897126	



ord=1
	60	
450	34.513674	

	60	
450	-35.631244	

	60	
450	0.02854953	

enhancement factor
ord=0
wave=450 nm
zenith, km	60	
Stoks:	     1.8099044	    0.51862436	 0.00055950887	 -0.0032722099	
enhancement factor
0	3.974161	3.8666719	-64.761149	3.7071117	
0.05	4.0874662	4.0240684	-158.85522	4.2222187	
0.1	4.0525837	3.9707649	-165.49471	3.768264	
0.15	4.0188398	4.0239855	-183.86172	4.3139117	
0.2	3.9844855	4.0169593	-195.4556	4.6957727	
0.25	3.938059	3.9705789	-206.75584	4.770862	
0.3	3.9050086	3.961667	-246.37334	4.727983	
0.35	3.8693877	3.9223813	-270.98651	4.7339357	
0.4	3.8407936	3.9033108	-292.84073	4.7044193	
0.45	3.8391825	3.9318092	-297.8484	4.7056874	
0.5	3.7855515	3.8609791	-292.38815	5.1397517	
0.55	3.737691	3.8126963	-291.29697	5.1609061	
0.6	3.7203361	3.8063775	-292.80812	4.635092	
0.65	3.6775552	3.8105681	-266.75569	4.3950762	
0.7	3.638228	3.7895071	-273.05373	4.3057397	
0.75	3.5573422	3.6976026	-248.89023	4.1870336	
0.8	3.5250264	3.6667502	-270.47006	3.8045886	
0.85	3.49988	3.6477484	-257.96339	3.6692498	
0.9	3.4589905	3.62156	-249.25774	3.5183341	
0.95	3.4401581	3.6069058	-266.91453	3.1858764	
1	3.4019357	3.5722203	-257.37969	3.365399	
1.1	3.3789121	3.5664788	-285.10416	3.6749798	
1.2	3.3416333	3.5373532	-294.9641	3.6989515	
1.3	3.3179098	3.553194	-308.09451	3.3122402	
1.4	3.2549625	3.478109	-313.74503	2.7977353	
1.5	3.2001315	3.3899012	-284.57705	3.3219675	
1.6	3.1569878	3.3563627	-261.93998	3.1672275	
1.7	3.071839	3.2757984	-239.94523	3.3949986	
1.8	3.0888013	3.2957854	-295.62972	2.4993723	
1.9	3.0813269	3.3025603	-261.31344	3.6153914	
2	3.0362399	3.247994	-223.57608	3.2901226	
2.2	2.9727181	3.2000315	-214.39073	2.9796104	
2.4	2.9686058	3.2417594	-244.1643	2.4739071	
2.6	2.8922503	3.1123608	-245.02497	2.4344831	
2.8	2.86663	3.094218	-231.87563	2.7366933	
3	2.8843579	3.105072	-268.73062	1.7497567	
3.2	2.8414923	3.0875758	-254.04644	2.0354543	
3.3	2.8089691	3.0571221	-234.03442	3.0531255	
3.4	2.7765695	3.0187201	-230.49315	3.0034253	
3.6	2.7557179	2.9804544	-218.25394	2.8368899	
3.8	2.7340322	2.9255161	-238.85055	3.2213314	
4	2.7296008	2.9124162	-272.85998	2.9388907	
4.4	2.681721	2.8570996	-244.81053	2.8045862	
4.5	2.6826613	2.8505206	-266.64593	3.0420641	
4.8	2.6779437	2.9114215	-253.79058	3.4047825	
5	2.6777762	2.8747462	-291.72876	3.0859193	
5.5	2.6510904	2.8786044	-263.14369	3.3981503	
6	2.5938459	2.76678	-222.67706	3.6895479	
6.47	2.5606133	2.7469343	-229.97546	3.3064025	
8	2.4749505	2.6450664	-171.25343	3.0724345	
9	2.4307382	2.6237814	-175.43458	3.5864721	
10	2.394426	2.5789516	-92.636711	2.7327602	
11	2.3444907	2.4530496	-86.226604	3.0964264	
12	2.3169835	2.4506836	-84.092212	3.581863	
13	2.3274003	2.4946347	-127.43255	3.4039343	
14	2.2954556	2.4381792	-148.82283	3.0859991	
15	2.2151194	2.3080773	-84.694131	2.9116014	
16	2.20868	2.2273891	-132.23353	1.3617278	
17	2.1622899	2.2243977	-39.692058	1.9585229	
18	2.1511159	2.2168278	-29.755313	1.7873621	
19	2.1198062	2.16814	-55.982898	1.7666498	
20	2.085135	2.13622	-27.977459	2.1513681	
21	2.0696888	2.0990198	-3.0713121	1.4546616	
22	2.0462523	2.0586709	-14.256211	1.5805815	
23	2.0415539	2.0607254	-24.192459	1.9519183	
24	2.0278687	2.0390571	-20.601834	2.0141907	
25	2.0235153	2.0471366	-12.36957	2.0948989	
26	2.0096647	2.0184145	-8.482974	2.0584826	
27	2.0017816	2.0031122	-7.4575156	2.0369288	
28	1.9943907	1.9927553	-5.438121	2.0948769	
29	1.9910843	1.9875031	-4.495347	2.0970971	
30	1.9955467	1.9625086	-21.566949	2.2463236	
31	1.9849658	1.9803357	-6.3263995	2.0725148	
32	1.9828255	1.9805459	-5.0566004	2.0542733	
33	1.9796948	1.977459	-1.7930311	2.0445439	
34	1.9749626	1.9753757	-2.0295342	2.0036926	
35	1.973708	1.9739396	-2.0589338	2.0053919	
36	1.9724721	1.9726745	-1.687796	2.0051314	
37	1.9712771	1.9714755	-1.2775501	2.0053925	
38	1.9698459	1.9700575	-1.0691045	1.9977291	
39	1.9686974	1.9688604	-1.013868	1.9939778	
40	1.9678211	1.9677723	-1.0867675	1.9927591	
41	1.9666397	1.9664305	-0.53921369	1.9923156	
42	1.9657036	1.9656083	-0.67378949	1.9896124	
43	1.9647485	1.9647497	-0.79279893	1.9870547	
44	1.963514	1.9635341	-0.43992029	1.9842358	
45	1.9602707	1.9601458	0.13142562	1.9806389	
50	1.9554647	1.9554396	1.3044385	1.9592561	
55	1.9511115	1.9510893	1.384783	1.9528443	
60	1.9468553	1.9468228	1.3468507	1.9485867	
65	1.9426439	1.9426058	1.3276687	1.9443668	
70	1.938473	1.9384321	1.3182313	1.9401838	
75	1.9343405	1.9342983	1.3140685	1.9360375	
80	1.9302448	1.9302021	1.3126078	1.9319271	
85	1.9261849	1.9261421	1.3124577	1.9278524	


precision, %
wave=450 nm
height, km	60	
0	0.72570537	
0.05	0.83082772	
0.1	0.95796346	
0.15	0.84313771	
0.2	0.90277316	
0.25	0.83648532	
0.3	0.90646561	
0.35	0.86805571	
0.4	0.84588832	
0.45	0.95125517	
0.5	0.93904693	
0.55	0.96822197	
0.6	0.99000601	
0.65	1.0157622	
0.7	1.0508037	
0.75	0.99260499	
0.8	0.97749512	
0.85	1.0253313	
0.9	0.99618659	
0.95	1.0041822	
1	0.97465601	
1.1	1.0171283	
1.2	1.0431457	
1.3	1.2457244	
1.4	1.1882126	
1.5	1.0847825	
1.6	1.2564827	
1.7	0.99323534	
1.8	1.1546113	
1.9	1.1441109	
2	1.1743624	
2.2	1.1554491	
2.4	1.1757048	
2.6	1.0667279	
2.8	1.1010296	
3	1.3104249	
3.2	1.2809122	
3.3	1.1411813	
3.4	1.0934965	
3.6	1.1335045	
3.8	1.1178285	
4	1.1985291	
4.4	1.1715148	
4.5	1.2338806	
4.8	1.474462	
5	1.4897584	
5.5	1.6404001	
6	1.5190619	
6.47	1.4973249	
8	1.4457914	
9	1.3956761	
10	1.6487263	
11	1.5918059	
12	1.8826524	
13	2.0293449	
14	1.8799808	
15	1.2295658	
16	1.956732	
17	1.2579289	
18	1.2678399	
19	1.1296767	
20	0.95560921	
21	1.039267	
22	0.87415074	
23	1.041129	
24	0.81182047	
25	0.83816662	
26	0.76119944	
27	0.75067796	
28	0.72837296	
29	0.72849837	
30	0.82830868	
31	0.726646	
32	0.72797891	
33	0.72328099	
34	0.72299269	
35	0.72358971	
36	0.72172037	
37	0.71991136	
38	0.71888996	
39	0.71873876	
40	0.71867333	
41	0.71932799	
42	0.71919017	
43	0.71899611	
44	0.71733135	
45	0.71759835	
50	0.71803557	
55	0.71810205	
60	0.71811242	
65	0.71811997	
70	0.71812611	
75	0.71813145	
80	0.71813637	
85	0.71814106	


ord=1
wave=450 nm
zenith, km	60	
Stoks:	    0.62466449	    0.22257573	    0.36172991	             0	
enhancement factor
0	3.8422114	3.7493693	3.7513305	0	
0.05	3.8181821	3.7534047	3.7573479	0	
0.1	3.730683	3.6858438	3.6914253	0	
0.15	3.6509904	3.6234634	3.6295368	0	
0.2	3.5783743	3.5659583	3.5715486	0	
0.25	3.5113529	3.5119857	3.5169372	0	
0.3	3.4477563	3.4608273	3.4655526	0	
0.35	3.3889802	3.4126524	3.4171718	0	
0.4	3.3351942	3.3670885	3.3713733	0	
0.45	3.2844869	3.3241976	3.3281563	0	
0.5	3.2367006	3.2833534	3.2871471	0	
0.55	3.1919691	3.2448522	3.248485	0	
0.6	3.1499276	3.2082501	3.2115978	0	
0.65	3.1103737	3.1735108	3.1766177	0	
0.7	3.0733699	3.1404572	3.1433782	0	
0.75	3.0382423	3.1092555	3.1118673	0	
0.8	3.004649	3.0795869	3.0819762	0	
0.85	2.9731301	3.0513902	3.0536711	0	
0.9	2.943486	3.0248152	3.0268016	0	
0.95	2.9153629	2.9994056	3.001244	0	
1	2.876242	2.9640172	2.9655305	0	
1.1	2.8282685	2.9196806	2.9210212	0	
1.2	2.7844352	2.8789971	2.8801243	0	
1.3	2.7443855	2.8417545	2.8424063	0	
1.4	2.7078107	2.807095	2.8076686	0	
1.5	2.6741318	2.7748616	2.7755679	0	
1.6	2.6433521	2.7450123	2.7457342	0	
1.7	2.6149822	2.717434	2.7179636	0	
1.8	2.588652	2.691837	2.6921048	0	
1.9	2.5644141	2.6679489	2.6680089	0	
2	2.5318135	2.6354775	2.635354	0	
2.2	2.4926683	2.5959354	2.5956666	0	
2.4	2.4584418	2.5608595	2.5604615	0	
2.6	2.428421	2.5294377	2.5290223	0	
2.8	2.4018137	2.5013007	2.5008361	0	
3	2.3781233	2.4757973	2.4753553	0	
3.2	2.3617253	2.4579801	2.4575488	0	
3.3	2.3516326	2.446895	2.4464736	0	
3.4	2.3375978	2.4313051	2.4309144	0	
3.6	2.3201748	2.4117378	2.4113864	0	
3.8	2.3042984	2.3936739	2.3933135	0	
4	2.283251	2.3691936	2.3688647	0	
4.4	2.266875	2.3499307	2.3496421	0	
4.5	2.2553843	2.3361607	2.3358947	0	
4.8	2.2417963	2.3196976	2.3194709	0	
5	2.2251282	2.2989911	2.2988038	0	
5.5	2.2036535	2.2720131	2.2717949	0	
6	2.185368	2.248702	2.2484305	0	
6.47	2.1544572	2.2082956	2.2080356	0	
8	2.1206056	2.1638767	2.1635565	0	
9	2.0992799	2.1354502	2.1352085	0	
10	2.0814738	2.1117681	2.111571	0	
11	2.0667146	2.0921231	2.091961	0	
12	2.0542315	2.0754398	2.0752908	0	
13	2.0435702	2.061299	2.0611823	0	
14	2.034427	2.0493611	2.0492681	0	
15	2.0266258	2.0392227	2.0391507	0	
16	2.0198986	2.0306292	2.0305501	0	
17	2.0140358	2.0232396	2.0231657	0	
18	2.0088774	2.0168008	2.0167687	0	
19	2.0043152	2.0111434	2.0111233	0	
20	2.0002808	2.0061982	2.0061556	0	
21	1.9967562	2.0018762	2.0018296	0	
22	1.9936454	1.9980854	1.9980441	0	
23	1.9908836	1.9947377	1.9947034	0	
24	1.9884096	1.9917715	1.9917417	0	
25	1.9861881	1.9891197	1.9890968	0	
26	1.9841783	1.9867455	1.9867283	0	
27	1.98235	1.9846102	1.9845978	0	
28	1.9806671	1.9826654	1.9826571	0	
29	1.979093	1.9808733	1.9808822	0	
30	1.9776173	1.9792253	1.979245	0	
31	1.9762436	1.9777105	1.9777122	0	
32	1.9749536	1.9762833	1.9762871	0	
33	1.9737208	1.9749312	1.9749368	0	
34	1.9725323	1.9736455	1.9736481	0	
35	1.9713843	1.9724248	1.972418	0	
36	1.9702837	1.9712469	1.9712413	0	
37	1.969217	1.9701139	1.9701093	0	
38	1.9681792	1.9690191	1.9690153	0	
39	1.9671659	1.9679569	1.9679538	0	
40	1.9661735	1.9669221	1.9669196	0	
41	1.9651985	1.9659104	1.9659085	0	
42	1.9642386	1.9649185	1.964917	0	
43	1.9632922	1.9639442	1.9639431	0	
44	1.9623535	1.9629864	1.9629802	0	
45	1.9596104	1.9602001	1.9601854	0	
50	1.9551437	1.9556706	1.9556567	0	
55	1.9507887	1.9512805	1.9512671	0	
60	1.9465073	1.9469796	1.9469659	0	
65	1.942285	1.9427446	1.942731	0	
70	1.9381102	1.9385615	1.9385481	0	
75	1.9339775	1.934423	1.9344097	0	
80	1.9298836	1.9303245	1.9303114	0	
85	1.9258264	1.9262634	1.9262504	0	


precision, %
wave=450 nm
height, km	60	
0	0.064513741	
0.05	0.057975015	
0.1	0.054377707	
0.15	0.050799808	
0.2	0.047752033	
0.25	0.044899917	
0.3	0.04144073	
0.35	0.039993452	
0.4	0.03825031	
0.45	0.036905988	
0.5	0.035759083	
0.55	0.034441943	
0.6	0.034160778	
0.65	0.034435297	
0.7	0.033984081	
0.75	0.032808319	
0.8	0.031447883	
0.85	0.030485701	
0.9	0.030502282	
0.95	0.029902203	
1	0.028734759	
1.1	0.027938384	
1.2	0.027917222	
1.3	0.027607093	
1.4	0.026921476	
1.5	0.02633146	
1.6	0.02644572	
1.7	0.02663099	
1.8	0.026670382	
1.9	0.02633468	
2	0.026320893	
2.2	0.026022519	
2.4	0.025784977	
2.6	0.025910894	
2.8	0.026100864	
3	0.026004789	
3.2	0.026127371	
3.3	0.026231315	
3.4	0.026396519	
3.6	0.026401218	
3.8	0.026504396	
4	0.026380713	
4.4	0.026321662	
4.5	0.026187531	
4.8	0.026231046	
5	0.026421545	
5.5	0.026650035	
6	0.026896518	
6.47	0.02696021	
8	0.027006223	
9	0.027163891	
10	0.027270563	
11	0.027502735	
12	0.02768776	
13	0.027889505	
14	0.027989604	
15	0.028090093	
16	0.028145831	
17	0.028200944	
18	0.028256169	
19	0.028348481	
20	0.028296512	
21	0.028297395	
22	0.028315403	
23	0.028338575	
24	0.028364926	
25	0.028383747	
26	0.028399604	
27	0.028412914	
28	0.028424187	
29	0.028446619	
30	0.0284487	
31	0.028455756	
32	0.028461535	
33	0.028466519	
34	0.028486554	
35	0.028531548	
36	0.028534662	
37	0.028537312	
38	0.02853957	
39	0.028541497	
40	0.028543147	
41	0.028544568	
42	0.028545794	
43	0.02854685	
44	0.028533039	
45	0.028512987	
50	0.028515401	
55	0.028516749	
60	0.028517577	
65	0.028518084	
70	0.028518432	
75	0.028518693	
80	0.028518908	
85	0.0285191	


-------------------------------------------------
tet=75  fi=180
	60	
450	0.028032819	

	60	
450	17.308188	

	60	
450	0.70739834	



ord=1
	60	
450	35.102578	

	60	
450	27.406627	

	60	
450	0.028806005	

enhancement factor
ord=0
wave=450 nm
zenith, km	60	
Stoks:	      1.761354	   -0.30485846	 -0.0074502333	 0.00057154083	
enhancement factor
0	3.9913563	3.6188136	3.8696199	3.5051829	
0.05	4.1117813	3.4582601	2.3631491	4.1418424	
0.1	4.0803002	3.3334024	2.090822	4.3504587	
0.15	4.0392546	3.1232858	3.1794618	2.9714605	
0.2	4.0257475	3.0254146	1.9397881	3.5049275	
0.25	3.9727876	2.9107821	3.0065809	1.9262799	
0.3	3.9583072	2.8159939	2.8431784	3.5290934	
0.35	3.9230872	2.7539207	4.2239111	2.3070386	
0.4	3.8885761	2.6882186	4.8799642	3.1920214	
0.45	3.8890932	2.6275046	3.2808619	2.5572846	
0.5	3.8113817	2.5771334	5.2610474	1.0138192	
0.55	3.7707682	2.5474057	4.8147356	0.74668809	
0.6	3.7674895	2.4582651	3.6941752	3.0801653	
0.65	3.7401479	2.3091526	1.5788627	4.5701197	
0.7	3.7137394	2.2524855	1.5553687	5.7072412	
0.75	3.6416026	2.2836433	2.5615609	5.3476914	
0.8	3.6172552	2.254148	3.617207	5.5825843	
0.85	3.5918842	2.1641168	3.8692292	1.9578003	
0.9	3.5570876	2.188846	1.8307759	1.2671253	
0.95	3.5430103	2.1419656	3.7886529	1.9716037	
1	3.5003763	2.1035574	4.1991264	1.8242883	
1.1	3.4879165	2.0423489	5.7736737	1.2463956	
1.2	3.4386967	1.9458658	4.512172	2.8022194	
1.3	3.3945955	1.8771768	3.3863902	6.0676257	
1.4	3.3331201	1.8425558	7.5347914	6.6735545	
1.5	3.290825	1.9087284	4.8597566	7.9834219	
1.6	3.2471357	1.9116087	3.2486291	7.3435679	
1.7	3.1804943	1.8784508	3.478793	6.3418088	
1.8	3.2031802	1.8313953	10.024638	9.3049641	
1.9	3.1781185	1.8165772	5.2612161	8.1289525	
2	3.1163018	1.7760664	3.8759038	6.4156383	
2.2	3.0514775	1.8356619	2.1472763	5.339605	
2.4	3.0406869	1.7412782	5.0840873	4.1956722	
2.6	2.9824438	1.7926344	6.3965957	5.5314848	
2.8	2.9502269	1.7328099	5.5108365	5.9558114	
3	2.9681021	1.6456813	0.99770552	6.7361092	
3.2	2.9213454	1.6464645	0.33328714	5.4568829	
3.3	2.9005724	1.6444757	2.2127962	4.232535	
3.4	2.8709701	1.6652563	2.9997644	3.7108047	
3.6	2.837631	1.6884398	4.0956378	2.9572324	
3.8	2.8221259	1.7377852	5.0361326	1.5936657	
4	2.8362367	1.5948677	7.3147319	-0.45829524	
4.4	2.7595568	1.7648773	6.3622509	1.346881	
4.5	2.7492506	1.7850308	7.016	-1.4330347	
4.8	2.7386828	1.708092	4.7659986	-1.5697589	
5	2.7370275	1.7073349	10.13309	0.074478879	
5.5	2.6960555	1.6488414	7.6553459	-0.51704625	
6	2.6322876	1.7380079	6.3535621	-3.1191985	
6.47	2.6002523	1.6423021	5.3651442	1.0774344	
8	2.5057891	1.6831401	2.0604227	2.9451762	
9	2.4482932	1.6607379	1.6937277	2.6070857	
10	2.4202167	1.6529664	-0.37152817	3.3624033	
11	2.3802961	1.7472844	-0.77906143	-0.23261255	
12	2.3137526	1.7116145	2.3553926	-2.925973	
13	2.3263746	1.6518442	2.8175067	-8.5680864	
14	2.3115838	1.6185714	0.34699571	-0.33377977	
15	2.2324593	1.7819825	0.22756946	1.467569	
16	2.2028925	1.8588583	1.4608499	4.4729116	
17	2.1729489	1.8305355	-1.3556752	5.1161459	
18	2.1744689	1.9066862	-0.8333586	10.027015	
19	2.1334471	1.9116807	1.5509777	7.6143999	
20	2.0981762	1.9031479	1.1264338	3.1800114	
21	2.0857782	1.915034	-0.37393398	6.8698437	
22	2.060674	1.9441912	1.0129253	4.3647292	
23	2.050739	1.924305	2.7638664	1.705122	
24	2.03662	1.9522023	2.535553	1.371843	
25	2.0396116	1.9101619	0.76348174	3.0135771	
26	2.0205289	1.9547833	1.6041522	1.9215815	
27	2.0098053	1.9774907	2.0960655	1.2552329	
28	2.0025372	1.983724	2.0232989	1.016259	
29	1.9990377	1.9862035	2.0172653	0.99050852	
30	2.0089582	2.0278941	2.6956431	-0.7193463	
31	1.9920474	1.9868738	2.2757501	1.2246219	
32	1.9890586	1.9823435	2.2571779	1.4066058	
33	1.9859379	1.9821299	2.1010358	1.5263486	
34	1.9811375	1.9803146	2.1560139	1.7961496	
35	1.9798317	1.9798998	2.1449854	1.8110799	
36	1.9785044	1.9787245	2.1113196	1.827914	
37	1.9771527	1.9775237	2.0819901	1.8356935	
38	1.9758391	1.9762861	2.1287043	1.775744	
39	1.9747473	1.975337	2.1374457	1.7661871	
40	1.9738344	1.9748409	2.1471003	1.7643278	
41	1.9723897	1.9739318	2.1493001	1.7611731	
42	1.9714207	1.9727619	2.15043	1.7750726	
43	1.9704106	1.9715186	2.1550232	1.7859199	
44	1.9691645	1.9706101	2.1355669	1.7924426	
45	1.9659311	1.9668834	2.1262289	1.7980999	
50	1.9608984	1.9633299	1.9855183	1.9310402	
55	1.9564658	1.9589789	1.9646709	1.943644	
60	1.9521613	1.9546367	1.9603234	1.9394704	
65	1.9479042	1.9503507	1.9560146	1.9353331	
70	1.9436896	1.9461122	1.951744	1.9312315	
75	1.9395147	1.9419161	1.947511	1.9271653	
80	1.9353775	1.9377594	1.9433151	1.9231339	
85	1.9312769	1.93364	1.9391559	1.9191369	


precision, %
wave=450 nm
height, km	60	
0	0.72681517	
0.05	0.82410202	
0.1	0.85445028	
0.15	0.78387885	
0.2	0.94040363	
0.25	0.82532507	
0.3	0.94781844	
0.35	0.84883155	
0.4	0.87685589	
0.45	1.000574	
0.5	0.95873183	
0.55	0.8947317	
0.6	0.96698156	
0.65	1.2191934	
0.7	1.1852689	
0.75	0.98602681	
0.8	1.0210629	
0.85	0.95258479	
0.9	0.97020588	
0.95	0.98769191	
1	0.9923677	
1.1	1.0752381	
1.2	1.068163	
1.3	1.0864679	
1.4	1.0978331	
1.5	1.0600934	
1.6	1.1470564	
1.7	1.0286587	
1.8	1.2005499	
1.9	1.207089	
2	1.1117649	
2.2	1.139237	
2.4	1.1605916	
2.6	1.1344706	
2.8	1.1402193	
3	1.2616727	
3.2	1.1639487	
3.3	1.1702533	
3.4	1.1727241	
3.6	1.2022863	
3.8	1.2710944	
4	1.6596337	
4.4	1.2863808	
4.5	1.2792861	
4.8	1.3150327	
5	1.5123924	
5.5	1.4731878	
6	1.3140869	
6.47	1.3860806	
8	1.3217761	
9	1.3152064	
10	1.7267335	
11	1.6126421	
12	1.4856844	
13	1.6971015	
14	1.9342299	
15	1.2968084	
16	1.2930047	
17	1.1528547	
18	1.3282285	
19	1.1695676	
20	0.98465264	
21	1.1234551	
22	0.92318422	
23	0.96020144	
24	0.82020503	
25	1.0604607	
26	0.8023051	
27	0.76114918	
28	0.74235355	
29	0.73921607	
30	1.0277679	
31	0.71405702	
32	0.71511667	
33	0.70985515	
34	0.70824408	
35	0.70939837	
36	0.70800123	
37	0.70679474	
38	0.70354646	
39	0.70277751	
40	0.7030758	
41	0.70497101	
42	0.70514752	
43	0.70523192	
44	0.70553391	
45	0.70624703	
50	0.70671273	
55	0.70677874	
60	0.70678944	
65	0.70679669	
70	0.70680205	
75	0.70680637	
80	0.70681015	
85	0.70681365	


ord=1
wave=450 nm
zenith, km	60	
Stoks:	    0.61828066	   -0.16944987	  0.0016016105	             0	
enhancement factor
0	3.8857838	3.7347832	7.6439466	0	
0.05	3.8724773	3.7514658	7.6663697	0	
0.1	3.7949709	3.6936302	7.7638196	0	
0.15	3.724553	3.6384209	7.8009162	0	
0.2	3.6605526	3.5854761	7.8263339	0	
0.25	3.6015181	3.5357407	7.8042506	0	
0.3	3.5452826	3.4892951	7.7861128	0	
0.35	3.4932905	3.4452621	7.7877081	0	
0.4	3.445762	3.4036558	7.7634991	0	
0.45	3.4008152	3.3639615	7.7585075	0	
0.5	3.3583317	3.3266076	7.7295526	0	
0.55	3.3184831	3.2908461	7.7455911	0	
0.6	3.2809356	3.2569308	7.7118828	0	
0.65	3.2455157	3.2246072	7.6896846	0	
0.7	3.212315	3.1938322	7.6702329	0	
0.75	3.1806939	3.1642367	7.6681999	0	
0.8	3.1503566	3.1362015	7.6664611	0	
0.85	3.1218788	3.109671	7.6728718	0	
0.9	3.0950758	3.0842247	7.6764476	0	
0.95	3.0696063	3.0602534	7.6705279	0	
1	3.0340418	3.0265581	7.6551522	0	
1.1	2.9902527	2.9845453	7.6485262	0	
1.2	2.9499074	2.9456588	7.6364607	0	
1.3	2.9071691	2.912626	7.0438394	0	
1.4	2.8236815	2.908736	1.9948847	0	
1.5	2.791897	2.8776377	2.0161763	0	
1.6	2.7626265	2.8485922	2.0173441	0	
1.7	2.7354359	2.8212878	2.0012223	0	
1.8	2.7099925	2.7956345	1.982217	0	
1.9	2.6863845	2.7715752	1.9694043	0	
2	2.6542389	2.7385672	1.9737806	0	
2.2	2.61516	2.6982857	1.9686889	0	
2.4	2.5803936	2.6621693	1.9568029	0	
2.6	2.5493551	2.6296492	1.944662	0	
2.8	2.5213534	2.5999005	1.9511772	0	
3	2.4959709	2.5727104	1.9621678	0	
3.2	2.4781658	2.5535954	1.9636638	0	
3.3	2.4670577	2.5415816	1.9666044	0	
3.4	2.4514083	2.524511	1.9776105	0	
3.6	2.4317354	2.5029331	1.9897562	0	
3.8	2.4135027	2.4827262	1.9978438	0	
4	2.3887638	2.4551347	2.0017699	0	
4.4	2.36929	2.4333349	2.0027194	0	
4.5	2.3552685	2.4174548	2.0071681	0	
4.8	2.3385225	2.3984522	2.0072779	0	
5	2.3174524	2.3742274	2.0046822	0	
5.5	2.2898135	2.3422206	1.9945958	0	
6	2.2657617	2.314052	1.9972453	0	
6.47	2.2242347	2.2651796	1.9847141	0	
8	2.1783437	2.2109214	1.9807501	0	
9	2.1490207	2.1761613	1.9875968	0	
10	2.1243187	2.1470602	1.9875685	0	
11	2.1036569	2.1228359	1.9837352	0	
12	2.0861823	2.1022531	1.9798194	0	
13	2.0713565	2.0848611	1.9814707	0	
14	2.0587716	2.0701762	1.9883138	0	
15	2.0481346	2.0578495	1.9873752	0	
16	2.0390727	2.0474055	1.9862864	0	
17	2.0312773	2.0385269	1.9838931	0	
18	2.0244957	2.0308812	1.9859541	0	
19	2.0185427	2.0241751	1.9840089	0	
20	2.0133192	2.0182867	1.9797248	0	
21	2.0087915	2.0131961	1.9767376	0	
22	2.004832	2.0087499	1.9764476	0	
23	2.0013522	2.0048576	1.9757337	0	
24	1.9982717	2.0014311	1.9747266	0	
25	1.9955356	1.9983953	1.9738309	0	
26	1.9930918	1.9956973	1.9729367	0	
27	1.9908989	1.9932901	1.9720442	0	
28	1.9889061	1.9911142	1.9711533	0	
29	1.9870668	1.9891275	1.972828	0	
30	1.9853657	1.9873001	1.9746341	0	
31	1.9838019	1.9856131	1.9722915	0	
32	1.9823499	1.9840645	1.9714019	0	
33	1.9809761	1.9826065	1.9705139	0	
34	1.9796642	1.9812181	1.9695837	0	
35	1.9784094	1.9798936	1.9685939	0	
36	1.9772163	1.9786453	1.9677109	0	
37	1.9760694	1.977451	1.9668295	0	
38	1.9749532	1.9762983	1.9667297	0	
39	1.973853	1.9751762	1.9681946	0	
40	1.9728069	1.9740994	1.9673137	0	
41	1.9717844	1.97305	1.9664344	0	
42	1.9707822	1.9720242	1.9655567	0	
43	1.9697978	1.9710191	1.9646806	0	
44	1.9688255	1.9700307	1.9629825	0	
45	1.9660029	1.9671713	1.9589647	0	
50	1.9614278	1.9625464	1.9546538	0	
55	1.9569929	1.9580808	1.9503813	0	
60	1.952648	1.9537154	1.9461465	0	
65	1.9483681	1.9494207	1.9419489	0	
70	1.9441403	1.9451813	1.937788	0	
75	1.9399573	1.9409883	1.9336634	0	
80	1.9358147	1.9368368	1.9295745	0	
85	1.9317099	1.9327236	1.9255208	0	


precision, %
wave=450 nm
height, km	60	
0	0.064370611	
0.05	0.057668651	
0.1	0.053919246	
0.15	0.050215982	
0.2	0.047061053	
0.25	0.044127776	
0.3	0.040617834	
0.35	0.039095089	
0.4	0.037297722	
0.45	0.035903635	
0.5	0.03470981	
0.55	0.03335553	
0.6	0.033014529	
0.65	0.033217367	
0.7	0.032727138	
0.75	0.031538979	
0.8	0.030187324	
0.85	0.029219637	
0.9	0.029194073	
0.95	0.028580935	
1	0.027412063	
1.1	0.02658911	
1.2	0.026514389	
1.3	0.026220376	
1.4	0.025976788	
1.5	0.025379701	
1.6	0.025465929	
1.7	0.025623154	
1.8	0.025640528	
1.9	0.025301468	
2	0.025271396	
2.2	0.024972278	
2.4	0.02473548	
2.6	0.024851003	
2.8	0.025036414	
3	0.024951917	
3.2	0.025077233	
3.3	0.02518487	
3.4	0.0253531	
3.6	0.025372693	
3.8	0.02548913	
4	0.025402573	
4.4	0.02537411	
4.5	0.025269941	
4.8	0.025341783	
5	0.025567046	
5.5	0.025850782	
6	0.026148786	
6.47	0.02633013	
8	0.026517356	
9	0.026768969	
10	0.026960971	
11	0.027262525	
12	0.027508526	
13	0.027761337	
14	0.027906342	
15	0.028043872	
16	0.028132546	
17	0.028214976	
18	0.028292391	
19	0.028400313	
20	0.028372292	
21	0.028389827	
22	0.028420547	
23	0.028454054	
24	0.028489143	
25	0.02851523	
26	0.028537227	
27	0.028555702	
28	0.028571367	
29	0.028597526	
30	0.028604092	
31	0.028614122	
32	0.028622187	
33	0.028629156	
34	0.028649972	
35	0.028693637	
36	0.028698046	
37	0.02870181	
38	0.028705158	
39	0.0287083	
40	0.028710681	
41	0.028712744	
42	0.028714537	
43	0.028716096	
44	0.028704886	
45	0.02868881	
50	0.028692532	
55	0.028694777	
60	0.028696267	
65	0.028697353	
70	0.028698218	
75	0.02869896	
80	0.028699637	
85	0.028700278	


