RT Model MCC++	 O.Postylyakov	ver.72
MixedSimC<atmos::StoksC,MCSimC<atmos::StoksC,MCWMethodC<atmos::StoksC,SphericalGeomT>>,SSSimC<atmos::StoksC,MCSimC<atmos::StoksC,MSSMethodC<atmos::StoksC,SphericalGeomT,1000>>>>	ps::cLCG2C	Density: double	AMFs: Yes	ORDERS_ACCOUNT: ATM_COLLGS_ORDERS
photons passed	base/max expendeture	EPS-breakes	MaxCollgs-Breaks	MinPhWgt-Breaks	average colligions
20000	0.00962828/0.00986688	0	0	0	2.56775	
SpecialSamplingCollgs	ForceCollgSimul	EPS	ssEPS	MaxCollgs	MinPhWgt	BaseMod	
1	0	0.001	1e-12	500	1e-300	0	
Albedo	time	IY
0.05	0.0280833	{ 571389339 38230538 ; 40014 40692 2147483563 2147483399 }	
 -918.559	 -910.844	 -909.987	 -794.425	 -790.052	 -781.305	 -772.559	 -763.813	 -755.067	 -746.321	 -737.574	 -728.828	 -720.082	 -711.336	 -693.843	 -667.605	 -623.874	       90	
        0	5.0315e-07	5.5949e-05	  0.38117	0.0014581	0.0058392	0.0058484	 0.087863	   0.3872	  0.11164	 0.017655	0.00058941	0.00029516	0.00011825	0.00011852	8.9234e-05	5.9855e-05	3.706e-320	
        0	        0	        0	        0	        0	        0	        0	        0	        0	        0	        0	        0	        0	        0	        0	        0	        0	        0	
        0	        0	        0	        0	        0	        0	        0	        0	        0	        0	        0	        0	        0	        0	        0	        0	        0	        0	

-------------------------------------------------
tet=0.0001  fi=0
	60	
450	0.026995	

	60	
450	33.427	

	60	
450	0.58497	



ord=1
	60	
450	53.514	

	60	
450	40.203	

	60	
450	0.0093203	

enhancement factor
ord=0
wave=450 nm
zenith, km	60	
Stoks:	     1.6961171	   -0.56696321	  0.0016027792	-0.00032473519	
enhancement factor
0	1.0599166	0.99322891	0.41055215	0.78281386	
0.05	1.1256153	1.0381275	-3.4281201	2.3106982	
0.1	1.1610883	1.048172	-2.5334517	2.730423	
0.15	1.1951417	1.0628152	0.81570303	4.4158193	
0.2	1.2334141	1.1114709	-0.22571023	3.7138322	
0.25	1.2672249	1.1306206	12.896822	4.3486412	
0.3	1.2919335	1.1561205	10.678804	2.7953153	
0.35	1.3126436	1.1590402	9.0938349	3.2594169	
0.4	1.3442075	1.1597096	8.4243371	2.288666	
0.45	1.3666259	1.1787447	7.5728433	1.6783798	
0.5	1.3910174	1.1892635	5.7021071	2.235226	
0.55	1.4181552	1.2047532	4.4320386	2.5280167	
0.6	1.4540236	1.2317717	-0.21377443	4.4714789	
0.65	1.4607221	1.2476623	0.51379341	2.7464056	
0.7	1.483998	1.2722213	-1.0144327	3.2524731	
0.75	1.5032482	1.2901943	1.5957937	4.0713292	
0.8	1.5101228	1.2911989	1.963987	2.8931992	
0.85	1.542185	1.3018638	4.9793367	2.6280071	
0.9	1.5838438	1.3300719	7.0398879	3.6705383	
0.95	1.5968802	1.3332222	5.4963839	3.1884119	
1	1.6123974	1.3573224	3.621342	1.4327599	
1.1	1.632008	1.3800198	1.7671483	2.1262629	
1.2	1.6654828	1.4000724	-2.5048314	1.9827331	
1.3	1.699461	1.4295711	1.241719	3.0606603	
1.4	1.7346791	1.4477175	10.600451	3.9951304	
1.5	1.757565	1.4764878	11.426271	1.933074	
1.6	1.7949211	1.5032619	18.344023	1.9082575	
1.7	1.8211646	1.5351366	18.335947	4.5288245	
1.8	1.8430514	1.5540222	15.420133	3.2439225	
1.9	1.8774199	1.5750871	13.793972	3.0372913	
2	1.8966503	1.5890891	9.9206731	4.9534691	
2.2	1.9367251	1.6287954	22.206436	8.5660231	
2.4	1.9680764	1.6268737	2.2627533	4.2214672	
2.6	2.0141974	1.7237851	8.4574388	-3.2513479	
2.8	2.0326546	1.6911831	2.53145	1.66316	
3	2.0738655	1.7404603	7.0947549	2.1768653	
3.2	2.0838474	1.7148392	4.1422164	2.3163153	
3.3	2.0918504	1.7297265	2.1165499	0.81187106	
3.4	2.0921434	1.7398456	-1.0258438	-1.8644205	
3.6	2.0989159	1.7805941	-4.6392654	0.62737604	
3.8	2.1394848	1.8013458	6.1427754	2.0777548	
4	2.1493343	1.8458253	4.1057384	-3.4639972	
4.4	2.183786	1.8730148	13.36348	-4.2766151	
4.5	2.1670544	1.8378642	10.887348	-6.4644515	
4.8	2.168172	1.8462671	19.84414	-5.9653296	
5	2.1835931	1.8608405	11.030968	-0.20635519	
5.5	2.2168664	1.9199835	18.500346	2.0564552	
6	2.2304896	1.923571	38.943123	6.5273569	
6.47	2.2267236	1.9474439	36.070941	4.695188	
8	2.2323736	1.9578996	22.779204	3.8034624	
9	2.2278407	2.0378221	8.6546777	6.2924377	
10	2.1771928	2.0285822	9.162115	5.2015052	
11	2.2079994	2.0752123	18.280263	1.8596071	
12	2.2185539	2.094905	2.9762309	2.720001	
13	2.1779156	2.0943825	-6.6628297	2.7069747	
14	2.1530376	2.1007569	-2.2490122	3.71256	
15	2.1224239	2.0842556	6.2187192	4.9024212	
16	2.1053742	2.0931604	-2.2404357	5.1755065	
17	2.1027314	2.0524422	1.7635092	4.1394099	
18	2.0868967	2.0622525	1.7127967	2.4916722	
19	2.0726605	2.0602027	0.27828748	3.7183495	
20	2.0611212	2.0417155	6.4709104	3.7096271	
21	2.0775151	2.0795085	-10.880689	5.4859788	
22	2.0380491	2.0291947	-4.0336321	5.3451725	
23	2.0231502	2.0129456	-3.7180017	4.8466559	
24	2.0227521	2.0121624	4.770636	3.3760593	
25	2.0085456	1.9964458	-1.1963012	3.247563	
26	2.0006217	1.9899953	-1.2814516	2.8199989	
27	1.9932149	1.9892546	-1.3970826	2.4337701	
28	1.9917068	1.9873884	-0.93543686	2.3579677	
29	1.9877504	1.9820051	0.094585163	2.0927154	
30	1.9838929	1.9794749	2.1724861	2.0864609	
31	1.9823238	1.9792387	2.5874999	2.0464652	
32	1.9802534	1.9792591	3.0584872	2.0038114	
33	1.9786005	1.9785212	3.4765123	2.0672298	
34	1.9752835	1.9728355	4.0642319	1.8849863	
35	1.973757	1.9703558	4.1859017	1.8933434	
36	1.9728312	1.9697857	4.1149783	1.8470574	
37	1.9721365	1.9692266	4.1119066	1.8454083	
38	1.9713411	1.9684525	4.0353537	1.85473	
39	1.9693897	1.9662794	3.2980185	2.0110885	
40	1.9685171	1.9659039	3.2026044	2.0037195	
41	1.9677264	1.9651674	3.1966959	2.0038362	
42	1.9668922	1.9644459	3.1867809	2.0025287	
43	1.9656174	1.9630321	3.0662823	1.9916785	
44	1.9645749	1.9617752	3.0308907	1.9884709	
45	1.9619053	1.9596991	2.9411978	1.9846311	
50	1.9566656	1.9576654	1.9167236	1.9709639	
55	1.9524992	1.9535591	1.9176311	1.9689075	
60	1.9483159	1.9493914	1.9139272	1.9651262	
65	1.9441236	1.9452078	1.9099436	1.9607687	
70	1.9399571	1.9410418	1.9059876	1.9564502	
75	1.9358208	1.9369014	1.9020939	1.9521701	
80	1.9317173	1.9327914	1.8982598	1.9479279	
85	1.9276475	1.9287139	1.8944708	1.9437231	


precision, %
wave=450 nm
height, km	60	
0	0.61687939	
0.05	0.74051131	
0.1	0.79973476	
0.15	0.83930014	
0.2	1.0357974	
0.25	1.0187362	
0.3	0.95858567	
0.35	0.9371641	
0.4	0.96738585	
0.45	0.95318996	
0.5	0.96579876	
0.55	0.98969035	
0.6	1.1505013	
0.65	0.94212553	
0.7	0.9555626	
0.75	1.0536481	
0.8	1.0176804	
0.85	1.050698	
0.9	1.215113	
0.95	1.211598	
1	1.0600873	
1.1	1.0000911	
1.2	1.0490905	
1.3	0.98001222	
1.4	1.0288855	
1.5	0.96513414	
1.6	1.1884125	
1.7	1.1555954	
1.8	1.1147076	
1.9	1.0760126	
2	1.0740709	
2.2	1.2164795	
2.4	1.1140115	
2.6	1.4255646	
2.8	1.0005475	
3	1.1309947	
3.2	1.2408884	
3.3	1.2111839	
3.4	1.092414	
3.6	1.0604375	
3.8	1.2373947	
4	1.2416634	
4.4	1.68361	
4.5	1.485397	
4.8	1.3658334	
5	1.2918555	
5.5	1.3411166	
6	1.2505799	
6.47	1.1964154	
8	1.1799683	
9	1.233717	
10	1.0644196	
11	1.3871075	
12	1.3503374	
13	1.1761974	
14	1.2126991	
15	1.1435532	
16	1.0012966	
17	1.0295341	
18	0.96089137	
19	0.8874612	
20	0.939985	
21	1.548738	
22	0.89023394	
23	0.81000663	
24	0.93798246	
25	0.72482884	
26	0.6827997	
27	0.66349607	
28	0.65596782	
29	0.63478351	
30	0.6156359	
31	0.61388651	
32	0.6090807	
33	0.60910191	
34	0.60152134	
35	0.60437339	
36	0.60444424	
37	0.6043594	
38	0.6038476	
39	0.59939573	
40	0.59949938	
41	0.59951104	
42	0.59953953	
43	0.59790692	
44	0.59691362	
45	0.59702565	
50	0.58533715	
55	0.58502019	
60	0.58486532	
65	0.58485824	
70	0.58485451	
75	0.58485265	
80	0.58485178	
85	0.58485143	


ord=1
wave=450 nm
zenith, km	60	
Stoks:	    0.90765425	   -0.36490241	 -0.0037166519	             0	
enhancement factor
0	1.0079234	0.98470137	0.94359049	0	
0.05	1.0407407	1.0158865	0.98236551	0	
0.1	1.0538426	1.0269003	0.99604507	0	
0.15	1.0668225	1.0377522	1.0011586	0	
0.2	1.0798682	1.0484518	1.0052077	0	
0.25	1.0927301	1.0590044	1.0079387	0	
0.3	1.1055745	1.0694736	1.0203824	0	
0.35	1.1182322	1.0797385	1.0349789	0	
0.4	1.1307404	1.0899537	1.0519062	0	
0.45	1.143216	1.1001078	1.0603191	0	
0.5	1.1555282	1.1101488	1.0748094	0	
0.55	1.167626	1.1200941	1.0973366	0	
0.6	1.1796294	1.1300066	1.1053193	0	
0.65	1.1915123	1.1397617	1.1106774	0	
0.7	1.2032582	1.1494309	1.1279108	0	
0.75	1.2148575	1.1589669	1.1390043	0	
0.8	1.2262933	1.1683214	1.146774	0	
0.85	1.2375123	1.1775207	1.1574439	0	
0.9	1.2485724	1.1865872	1.1690518	0	
0.95	1.2593551	1.1955284	1.1730723	0	
1	1.2751889	1.2085674	1.1811314	0	
1.1	1.2957755	1.2255941	1.1969158	0	
1.2	1.3156948	1.2422439	1.2176058	0	
1.3	1.3349577	1.2584585	1.2427047	0	
1.4	1.3535984	1.2742388	1.2636566	0	
1.5	1.371594	1.2895458	1.2750458	0	
1.6	1.3889193	1.3044269	1.2826971	0	
1.7	1.4055782	1.3188306	1.3020676	0	
1.8	1.4216293	1.3327812	1.3133118	0	
1.9	1.4370477	1.3463255	1.3222208	0	
2	1.4588289	1.365718	1.34499	0	
2.2	1.4861966	1.3903812	1.3783781	0	
2.4	1.5114629	1.4135328	1.4024236	0	
2.6	1.534801	1.4352738	1.4187473	0	
2.8	1.5563207	1.4557396	1.4354899	0	
3	1.5761751	1.475001	1.4479487	0	
3.2	1.5902009	1.4888269	1.4638241	0	
3.3	1.5990078	1.49765	1.472967	0	
3.4	1.6115258	1.5103584	1.4859627	0	
3.6	1.6272936	1.5265991	1.4995634	0	
3.8	1.6419127	1.5419997	1.5190015	0	
4	1.6616729	1.5634351	1.5456607	0	
4.4	1.6773038	1.5806418	1.5624231	0	
4.5	1.6883938	1.5933129	1.5819197	0	
4.8	1.7016021	1.6086236	1.6057451	0	
5	1.7180237	1.6283312	1.6120786	0	
5.5	1.7393796	1.6546336	1.6319338	0	
6	1.7577084	1.6780596	1.6575079	0	
6.47	1.7894499	1.7200455	1.6875971	0	
8	1.8253658	1.7684373	1.7599977	0	
9	1.8485263	1.8005799	1.8135618	0	
10	1.8681742	1.8277907	1.8527621	0	
11	1.8846261	1.8505615	1.8798734	0	
12	1.8985784	1.8702056	1.8929615	0	
13	1.910519	1.8869683	1.8990454	0	
14	1.9207362	1.9011587	1.912302	0	
15	1.9294785	1.9130926	1.9277556	0	
16	1.9369345	1.923114	1.9376279	0	
17	1.9433367	1.9315314	1.9463331	0	
18	1.9488243	1.9386723	1.9577965	0	
19	1.9535202	1.944808	1.9607927	0	
20	1.9574399	1.9500038	1.9614117	0	
21	1.9606384	1.9543148	1.966282	0	
22	1.9632356	1.9578624	1.9700874	0	
23	1.9653023	1.960762	1.9692909	0	
24	1.9669248	1.9631054	1.9686151	0	
25	1.9681679	1.9649841	1.9695057	0	
26	1.9690842	1.96644	1.9712921	0	
27	1.969716	1.9675362	1.971292	0	
28	1.9701249	1.9683427	1.970912	0	
29	1.9703484	1.9689119	1.971297	0	
30	1.9704086	1.9692682	1.9719205	0	
31	1.9703181	1.9694299	1.9717928	0	
32	1.9701041	1.9694334	1.9715993	0	
33	1.9697997	1.9693212	1.9717794	0	
34	1.9694205	1.9691131	1.9712225	0	
35	1.9689719	1.9688123	1.9703335	0	
36	1.9684602	1.9684282	1.9695683	0	
37	1.9678953	1.9679734	1.9689971	0	
38	1.9672856	1.9674589	1.968305	0	
39	1.966638	1.966894	1.9674219	0	
40	1.965959	1.9662867	1.9665674	0	
41	1.965254	1.9656444	1.9659221	0	
42	1.9645271	1.9649725	1.9652511	0	
43	1.9637813	1.9642746	1.9644898	0	
44	1.9630193	1.9635545	1.9637301	0	
45	1.9606412	1.9612686	1.9613084	0	
50	1.9565943	1.957331	1.9573535	0	
55	1.952454	1.953248	1.9532574	0	
60	1.9482825	1.9491059	1.9490595	0	
65	1.9441111	1.9449477	1.9448696	0	
70	1.9399557	1.9407964	1.9407187	0	
75	1.9358252	1.9366646	1.9365913	0	
80	1.9317245	1.9325598	1.9324878	0	
85	1.9276561	1.9284859	1.9284138	0	


precision, %
wave=450 nm
height, km	60	
0	0.048665672	
0.05	0.042426022	
0.1	0.039169348	
0.15	0.03728112	
0.2	0.036280721	
0.25	0.034144972	
0.3	0.032587918	
0.35	0.03127859	
0.4	0.030000523	
0.45	0.028711518	
0.5	0.027577195	
0.55	0.026188521	
0.6	0.025422277	
0.65	0.025081307	
0.7	0.024844096	
0.75	0.024427506	
0.8	0.023657577	
0.85	0.02321022	
0.9	0.022774018	
0.95	0.022388814	
1	0.021592756	
1.1	0.020553964	
1.2	0.019576707	
1.3	0.019231574	
1.4	0.018945635	
1.5	0.018418688	
1.6	0.017906077	
1.7	0.017467869	
1.8	0.017254364	
1.9	0.016891448	
2	0.016545594	
2.2	0.015754817	
2.4	0.015310823	
2.6	0.014963619	
2.8	0.014595406	
3	0.014213612	
3.2	0.013911972	
3.3	0.013659169	
3.4	0.013511075	
3.6	0.01331842	
3.8	0.013043397	
4	0.012694234	
4.4	0.012443534	
4.5	0.012324812	
4.8	0.012214079	
5	0.011933888	
5.5	0.011734137	
6	0.011510567	
6.47	0.010994787	
8	0.010530612	
9	0.010287009	
10	0.010097399	
11	0.010000062	
12	0.0099463553	
13	0.0098476169	
14	0.0097825967	
15	0.0097229389	
16	0.009667354	
17	0.0095923261	
18	0.009517043	
19	0.0094824916	
20	0.009479514	
21	0.009482821	
22	0.0094506841	
23	0.0094064575	
24	0.0093637634	
25	0.0093407644	
26	0.0093371202	
27	0.0093520705	
28	0.0093319113	
29	0.0093145977	
30	0.0093101024	
31	0.0093094981	
32	0.0093156121	
33	0.00931391	
34	0.0093130887	
35	0.0093110333	
36	0.0093092832	
37	0.0093077915	
38	0.0093065186	
39	0.0093054311	
40	0.0093044996	
41	0.0093036977	
42	0.0093030062	
43	0.0093024117	
44	0.0093019005	
45	0.0093020011	
50	0.0093019618	
55	0.0093013652	
60	0.0093010945	
65	0.0093009998	
70	0.0093010031	
75	0.0093010605	
80	0.009301146	
85	0.0093012452	


-------------------------------------------------
tet=0.0001  fi=90
	60	
450	0.026946463	

	60	
450	-33.065771	

	60	
450	0.59274192	



ord=1
	60	
450	53.608999	

	60	
450	-40.214392	

	60	
450	0.0093179964	

enhancement factor
ord=0
wave=450 nm
zenith, km	60	
Stoks:	     1.6930962	    0.55983532	  0.0065323788	-0.00014344507	
enhancement factor
0	1.060375	0.99603167	1.0321687	1.0747994	
0.05	1.1305648	1.0526807	0.086841759	1.8646543	
0.1	1.1674631	1.0831292	0.76135587	1.4416215	
0.15	1.1999937	1.1060585	1.9565131	2.9784999	
0.2	1.2268497	1.1087782	2.2134906	3.9063645	
0.25	1.2526533	1.1237015	3.4850043	6.1438299	
0.3	1.2802003	1.1401258	2.6669327	2.6408303	
0.35	1.310981	1.1825382	1.8127949	5.0203445	
0.4	1.3320696	1.1899064	2.4398924	4.0206468	
0.45	1.3537563	1.1928937	2.2752664	2.6833735	
0.5	1.380355	1.2186415	2.7588815	4.0867131	
0.55	1.4188393	1.2519833	1.7962467	2.4632697	
0.6	1.4577021	1.2686504	0.0049646451	6.4703088	
0.65	1.4645238	1.2713882	0.53880335	5.7631309	
0.7	1.4831719	1.2835915	0.62631849	4.4068662	
0.75	1.4970545	1.2859969	2.4603369	1.0853105	
0.8	1.5047291	1.2974547	1.3028273	6.018612	
0.85	1.535914	1.3279257	1.5584685	3.9638424	
0.9	1.5635034	1.3432255	2.1909258	1.2109612	
0.95	1.5737288	1.3640333	2.2300706	0.34782788	
1	1.5981802	1.3741508	2.0192725	-3.5467958	
1.1	1.6177702	1.3784691	1.1279688	2.0181092	
1.2	1.6506372	1.4025579	0.25435602	-1.2984952	
1.3	1.6883742	1.4156221	2.2422545	-1.1761605	
1.4	1.731391	1.4717677	2.0145068	-0.17154245	
1.5	1.7635565	1.5019725	2.5316643	2.0752621	
1.6	1.7929244	1.5173476	3.7146624	0.22978814	
1.7	1.815614	1.5285003	4.6464865	4.2455473	
1.8	1.8415102	1.5400593	4.9573957	-0.68667342	
1.9	1.8793414	1.5528802	4.1771365	3.7588554	
2	1.8970179	1.5865963	1.2687938	4.7203991	
2.2	1.9316477	1.6007296	1.2989302	8.7356826	
2.4	1.9841437	1.667393	-0.19718894	5.067886	
2.6	1.9984412	1.6607198	-0.6432666	5.7328129	
2.8	2.0382052	1.7085881	-2.2204492	8.5196313	
3	2.063469	1.7279204	0.53647161	6.5418106	
3.2	2.1062914	1.78298	-2.0930154	20.563188	
3.3	2.1063065	1.7864247	-1.83428	8.7612076	
3.4	2.0945382	1.7646379	-1.5572862	-0.83070992	
3.6	2.0828119	1.7685741	-0.82219935	3.2282454	
3.8	2.1334575	1.8176835	3.9037931	-3.8695557	
4	2.1372651	1.7989377	-0.914204	-3.0674807	
4.4	2.1774933	1.8260085	-2.3577614	-2.1417873	
4.5	2.1602526	1.8386058	-1.5850691	-1.994725	
4.8	2.1654365	1.8576755	0.48201164	0.76209297	
5	2.1825275	1.8676348	0.37678276	5.3826979	
5.5	2.1982462	1.8572204	3.0321329	1.9511027	
6	2.2114693	1.8976667	6.7728673	2.2082863	
6.47	2.2163899	1.9576959	8.5661729	4.1797482	
8	2.2396166	2.0461935	7.583497	2.4402543	
9	2.2148154	2.0016397	4.0923353	7.3262835	
10	2.1678966	1.972701	4.4185318	5.6145572	
11	2.1933174	1.9860728	5.4292053	1.2272816	
12	2.2054919	1.981125	1.2100535	8.8251577	
13	2.163452	1.9841977	0.88133547	3.5554135	
14	2.1372815	1.9680015	2.6322412	4.0842903	
15	2.1123562	1.9573354	6.2699635	6.2452247	
16	2.0892894	1.942959	2.8426211	7.1896746	
17	2.1082766	2.0033731	2.8185776	6.1771477	
18	2.0825517	1.9799321	1.8747831	6.4361875	
19	2.0721808	1.9717571	2.20034	7.6625568	
20	2.0673029	1.9711552	5.4218175	7.4935376	
21	2.0653514	1.9720543	1.6119523	8.9325072	
22	2.0327037	1.9798488	1.0307714	6.9660919	
23	2.0205602	1.9813954	0.41314443	5.9886194	
24	2.0187618	1.9762709	1.6486561	4.9067168	
25	2.0098994	1.9812671	0.82475385	4.4422811	
26	2.0029257	1.9793725	1.1338082	3.1520453	
27	1.9929333	1.9686779	1.9579568	2.1141258	
28	1.9917582	1.9693988	2.0671575	2.0682955	
29	1.9882914	1.9731529	2.2483603	1.4424373	
30	1.984924	1.973209	2.5006203	1.5967427	
31	1.982762	1.9711397	2.5673825	1.5446541	
32	1.9799168	1.9694166	2.7326864	1.2496884	
33	1.978321	1.968515	2.7963576	1.438589	
34	1.9757464	1.9706529	2.8014995	1.0829215	
35	1.9746689	1.970972	2.801552	1.1088934	
36	1.9734345	1.9704935	2.8095544	1.1562944	
37	1.9726834	1.9698601	2.8013083	1.1629205	
38	1.9718544	1.9694389	2.7616505	1.1911061	
39	1.9695463	1.9698245	2.4194313	2.0767958	
40	1.9684023	1.9683516	2.3415789	2.1000286	
41	1.9676024	1.9676209	2.3382797	2.0917555	
42	1.9667612	1.9668314	2.332789	2.0856912	
43	1.9656634	1.9662715	2.3055757	1.9727142	
44	1.9647115	1.9657383	2.2910874	1.9601671	
45	1.9619252	1.9629683	2.2530944	1.9649868	
50	1.9565387	1.9573532	1.972902	1.9387468	
55	1.9523382	1.9532056	1.9645013	1.919955	
60	1.948149	1.9490574	1.9588801	1.9115156	
65	1.9439582	1.9448773	1.9545824	1.9076061	
70	1.9397931	1.9407146	1.9503227	1.9037292	
75	1.9356583	1.9365772	1.9461005	1.8998846	
80	1.9315561	1.9324701	1.9419153	1.8960719	
85	1.9274877	1.9283955	1.9377666	1.8922906	


precision, %
wave=450 nm
height, km	60	
0	0.6519756	
0.05	0.86786952	
0.1	0.95051628	
0.15	0.93860855	
0.2	0.82423789	
0.25	0.81814029	
0.3	0.93207178	
0.35	1.0025552	
0.4	0.91398439	
0.45	0.89420115	
0.5	0.9632362	
0.55	1.0585066	
0.6	1.2521315	
0.65	1.165735	
0.7	1.1552201	
0.75	1.0511956	
0.8	0.9413961	
0.85	1.0116437	
0.9	1.1055089	
0.95	1.1060083	
1	1.0200041	
1.1	0.88233248	
1.2	0.90439656	
1.3	0.94555754	
1.4	1.046074	
1.5	1.0516243	
1.6	1.0189173	
1.7	1.074263	
1.8	1.0533886	
1.9	1.1015635	
2	1.0873953	
2.2	1.0938397	
2.4	1.2913289	
2.6	1.0797281	
2.8	1.1153507	
3	1.1220048	
3.2	1.6038995	
3.3	1.3958817	
3.4	1.2606616	
3.6	1.0280365	
3.8	1.4301972	
4	1.1867588	
4.4	1.6051052	
4.5	1.2330166	
4.8	1.1635907	
5	1.19202	
5.5	1.1656147	
6	1.1733599	
6.47	1.1771031	
8	1.2919527	
9	1.2269618	
10	1.0206386	
11	1.1083377	
12	1.2594524	
13	1.0313834	
14	0.99544887	
15	1.0867263	
16	0.84570629	
17	1.3499066	
18	1.056973	
19	0.95843194	
20	1.2036518	
21	1.2449279	
22	0.84952705	
23	0.77963986	
24	0.81121205	
25	0.72880229	
26	0.69217103	
27	0.66031996	
28	0.65582843	
29	0.63926126	
30	0.62709664	
31	0.62052084	
32	0.60892948	
33	0.60864216	
34	0.60582622	
35	0.60569445	
36	0.60570156	
37	0.60552703	
38	0.60471914	
39	0.59999908	
40	0.60124185	
41	0.60122967	
42	0.60129259	
43	0.60096823	
44	0.60083078	
45	0.60116826	
50	0.59270282	
55	0.59261323	
60	0.59254344	
65	0.5925372	
70	0.59253434	
75	0.59253337	
80	0.59253339	
85	0.59253392	


ord=1
wave=450 nm
zenith, km	60	
Stoks:	    0.90765193	     0.3650067	 1.1338446e-05	             0	
enhancement factor
0	1.0079238	0.98588957	16.309294	0	
0.05	1.040741	1.0166511	13.70516	0	
0.1	1.053843	1.027382	11.859538	0	
0.15	1.066823	1.0380587	12.86716	0	
0.2	1.0798687	1.0486623	11.586647	0	
0.25	1.0927306	1.0591931	12.580496	0	
0.3	1.1055751	1.0696128	10.395161	0	
0.35	1.1182328	1.0800522	8.2427926	0	
0.4	1.130741	1.0903512	6.1048848	0	
0.45	1.1432167	1.1005165	5.6222995	0	
0.5	1.1555288	1.110594	5.7529571	0	
0.55	1.1676267	1.1205627	4.0614297	0	
0.6	1.1796298	1.1303577	3.7673031	0	
0.65	1.1915128	1.1400991	4.874609	0	
0.7	1.2032587	1.1497129	3.686315	0	
0.75	1.214858	1.1592237	3.6336324	0	
0.8	1.2262938	1.1686346	3.0703514	0	
0.85	1.2375128	1.1778955	2.1072537	0	
0.9	1.2485727	1.186982	2.0273118	0	
0.95	1.2593555	1.1958867	1.8949047	0	
1	1.2751893	1.2090059	3.4215977	0	
1.1	1.2957759	1.226153	4.4798941	0	
1.2	1.3156952	1.24278	3.3387778	0	
1.3	1.334958	1.2589553	3.2133331	0	
1.4	1.3535987	1.2746938	3.8539442	0	
1.5	1.3715944	1.290029	3.1039113	0	
1.6	1.3889196	1.304882	2.9763717	0	
1.7	1.4055784	1.3192989	2.4574394	0	
1.8	1.4216295	1.3332783	2.2155302	0	
1.9	1.4370479	1.3467963	2.22593	0	
2	1.458829	1.3661392	1.4321497	0	
2.2	1.4861967	1.3907572	1.2617317	0	
2.4	1.5114629	1.4138858	0.9174764	0	
2.6	1.5348009	1.4356346	1.4745558	0	
2.8	1.5563206	1.4560756	1.3762911	0	
3	1.5761751	1.4753408	1.2261067	0	
3.2	1.5902009	1.4891517	1.1520975	0	
3.3	1.5990079	1.4979678	1.2889233	0	
3.4	1.6115261	1.5106433	1.5157695	0	
3.6	1.6272938	1.5269032	1.3778677	0	
3.8	1.6419129	1.5423222	0.97823601	0	
4	1.6616731	1.5637748	0.75055267	0	
4.4	1.6773041	1.5809881	0.69458231	0	
4.5	1.6883943	1.5936226	1.2178975	0	
4.8	1.7016025	1.6088958	1.0584879	0	
5	1.7180239	1.6285694	0.79296834	0	
5.5	1.7393797	1.654869	1.0847163	0	
6	1.7577085	1.6782599	0.9614687	0	
6.47	1.7894503	1.7202217	2.0199449	0	
8	1.8253659	1.7685843	2.2798963	0	
9	1.8485265	1.8007044	1.7290267	0	
10	1.8681745	1.8279257	1.5049051	0	
11	1.8846265	1.8506733	1.3085396	0	
12	1.8985789	1.8702909	1.5777315	0	
13	1.9105194	1.8870537	1.3212078	0	
14	1.9207362	1.9012399	1.3599758	0	
15	1.9294784	1.9131713	1.4679762	0	
16	1.9369345	1.9231652	1.2449609	0	
17	1.9433369	1.9315906	1.2865079	0	
18	1.9488249	1.9387481	1.4803244	0	
19	1.953521	1.9448673	1.7562174	0	
20	1.9574407	1.9500509	1.7705956	0	
21	1.9606388	1.9543364	1.9406597	0	
22	1.9632359	1.9578831	1.9398907	0	
23	1.9653027	1.9607853	1.90496	0	
24	1.9669253	1.9631271	1.8312852	0	
25	1.9681683	1.9649949	1.6937896	0	
26	1.9690845	1.966453	1.7487299	0	
27	1.969716	1.9675458	1.9451544	0	
28	1.9701248	1.9683483	1.9534714	0	
29	1.9703482	1.9689167	1.9509069	0	
30	1.9704085	1.9692728	1.9500926	0	
31	1.9703179	1.9694342	1.9552273	0	
32	1.970104	1.9694374	1.9700788	0	
33	1.9697996	1.9693241	1.9872565	0	
34	1.9694203	1.969115	2.0019779	0	
35	1.9689718	1.968814	2.0011269	0	
36	1.9684601	1.9684297	2.000272	0	
37	1.9678952	1.9679749	1.9994141	0	
38	1.9672855	1.9674603	1.9985538	0	
39	1.9666379	1.9668953	1.9976917	0	
40	1.9659589	1.9662879	1.9968283	0	
41	1.9652539	1.9656456	1.9959642	0	
42	1.964527	1.9649736	1.9950996	0	
43	1.9637812	1.9642757	1.9942349	0	
44	1.9630192	1.9635555	1.9933701	0	
45	1.9606411	1.9612683	1.9715213	0	
50	1.9565942	1.9573299	1.9560335	0	
55	1.9524539	1.9532469	1.9517638	0	
60	1.9482824	1.9491047	1.9475257	0	
65	1.944111	1.9449466	1.9433216	0	
70	1.9399556	1.9407952	1.9391523	0	
75	1.9358251	1.9366635	1.9350183	0	
80	1.9317244	1.9325587	1.9309195	0	
85	1.9276561	1.9284849	1.9268558	0	


precision, %
wave=450 nm
height, km	60	
0	0.048652777	
0.05	0.042410861	
0.1	0.039153424	
0.15	0.037266193	
0.2	0.036268754	
0.25	0.034136307	
0.3	0.032578906	
0.35	0.031266481	
0.4	0.029986232	
0.45	0.028699399	
0.5	0.027565121	
0.55	0.026176658	
0.6	0.025409263	
0.65	0.025068495	
0.7	0.024832002	
0.75	0.024416752	
0.8	0.023646685	
0.85	0.023198857	
0.9	0.022762217	
0.95	0.022378186	
1	0.021582993	
1.1	0.020545961	
1.2	0.019569206	
1.3	0.019224286	
1.4	0.018938429	
1.5	0.01841132	
1.6	0.017899343	
1.7	0.017462121	
1.8	0.017249344	
1.9	0.016886031	
2	0.016541039	
2.2	0.015750439	
2.4	0.015306792	
2.6	0.014959538	
2.8	0.014592205	
3	0.014210864	
3.2	0.013909413	
3.3	0.013656772	
3.4	0.01350863	
3.6	0.013315991	
3.8	0.013041288	
4	0.012692094	
4.4	0.012441972	
4.5	0.012322737	
4.8	0.012211813	
5	0.011931081	
5.5	0.011731774	
6	0.011508561	
6.47	0.010993072	
8	0.010528799	
9	0.010285054	
10	0.01009527	
11	0.0099970506	
12	0.0099425412	
13	0.00984309	
14	0.0097789797	
15	0.0097194261	
16	0.0096639621	
17	0.0095893114	
18	0.0095142137	
19	0.0094797496	
20	0.0094766214	
21	0.0094802516	
22	0.0094481108	
23	0.009404245	
24	0.009361747	
25	0.0093389483	
26	0.0093355983	
27	0.0093507425	
28	0.0093303657	
29	0.0093129483	
30	0.0093084526	
31	0.0093078827	
32	0.0093141184	
33	0.0093124393	
34	0.009311609	
35	0.0093095529	
36	0.0093078021	
37	0.0093063096	
38	0.0093050359	
39	0.0093039476	
40	0.0093030152	
41	0.0093022124	
42	0.0093015201	
43	0.0093009246	
44	0.0093004125	
45	0.0093005218	
50	0.009300472	
55	0.0092998708	
60	0.0092995954	
65	0.0092994961	
70	0.0092994948	
75	0.0092995476	
80	0.0092996287	
85	0.0092997234	


-------------------------------------------------
tet=0.0001  fi=180
	60	
450	0.027007026	

	60	
450	33.381473	

	60	
450	0.57880027	



ord=1
	60	
450	53.488647	

	60	
450	40.204149	

	60	
450	0.0093166378	

enhancement factor
ord=0
wave=450 nm
zenith, km	60	
Stoks:	     1.6969015	   -0.56645071	   0.010216152	 -6.968445e-05	
enhancement factor
0	1.0578847	0.98979696	1.0890318	2.8883114	
0.05	1.1234054	1.0347403	0.56838054	4.8485809	
0.1	1.1575069	1.0504453	1.1669323	5.8285731	
0.15	1.1940941	1.0734965	1.2940964	11.23291	
0.2	1.2347846	1.1121954	1.3237857	12.387406	
0.25	1.2689286	1.1360355	2.9202601	15.38085	
0.3	1.294209	1.1419969	2.5951973	5.4445355	
0.35	1.312811	1.145519	2.4755189	11.267099	
0.4	1.3447919	1.1454769	1.79996	25.840288	
0.45	1.3644096	1.1803795	1.9173781	20.700308	
0.5	1.384606	1.1882802	2.1410278	22.997262	
0.55	1.4118793	1.1956453	2.4178546	18.079348	
0.6	1.4409704	1.2134093	1.5742953	19.609352	
0.65	1.4663602	1.2413286	2.2449757	18.487748	
0.7	1.5036651	1.2890726	1.766353	17.869053	
0.75	1.517721	1.2976206	2.3869836	21.545361	
0.8	1.514552	1.288144	2.1903763	22.486366	
0.85	1.5443788	1.2933854	3.0486318	4.566716	
0.9	1.5624661	1.2955762	2.8110212	10.072504	
0.95	1.585365	1.315598	2.1639501	20.003662	
1	1.5992592	1.3243689	2.5688242	18.095698	
1.1	1.631648	1.3678379	1.9353582	20.111843	
1.2	1.6620245	1.4015801	1.3904127	10.901747	
1.3	1.687354	1.4162874	1.5238373	11.808977	
1.4	1.7225517	1.4370697	1.8769129	10.468551	
1.5	1.7580373	1.4578075	2.167515	9.9117656	
1.6	1.7957703	1.4776538	3.688497	14.016988	
1.7	1.8164379	1.5139186	3.1629755	15.013066	
1.8	1.8398059	1.5313309	3.2280857	2.7320613	
1.9	1.8771885	1.5501023	2.2715833	2.803398	
2	1.8943101	1.5621529	1.7483813	13.118232	
2.2	1.9293661	1.6129459	2.8345652	36.426679	
2.4	1.9601255	1.6375728	1.3417616	11.086847	
2.6	2.0132063	1.7121374	2.1589619	11.982656	
2.8	2.0446581	1.6985273	0.33964449	19.672814	
3	2.0756991	1.7414623	0.78920064	13.911994	
3.2	2.0970758	1.7285865	1.7990513	31.884433	
3.3	2.1119038	1.7348713	-0.059768047	32.917903	
3.4	2.1125611	1.7817947	-0.25036197	11.179107	
3.6	2.1062461	1.7990861	1.0851182	13.821861	
3.8	2.1325676	1.8204984	1.8935743	-4.8382956	
4	2.1495218	1.8489138	1.2063282	-1.1089556	
4.4	2.171885	1.8423011	3.0044426	-31.441311	
4.5	2.1565929	1.8288922	1.9284839	-11.35902	
4.8	2.1629916	1.8575818	2.6529996	-11.411328	
5	2.1714462	1.8733966	2.1669182	9.5313616	
5.5	2.200262	1.9217732	3.7142357	9.6591603	
6	2.222222	1.9389335	5.3745879	19.858076	
6.47	2.2176966	1.9397739	4.749487	13.009999	
8	2.2281584	1.9532701	2.4658933	18.151035	
9	2.2246703	2.0271555	2.3589035	25.754416	
10	2.174915	2.0319276	2.3307014	6.2818354	
11	2.2110574	2.0878184	2.5009119	18.575281	
12	2.2227563	2.099149	0.1601503	18.879969	
13	2.1737439	2.0963897	-0.55663253	6.536569	
14	2.1482211	2.1001268	1.5747626	0.2336314	
15	2.1188476	2.0853566	2.6217966	4.2469833	
16	2.1032521	2.0921303	1.7778777	0.96085544	
17	2.1017556	2.0513932	2.2546331	2.8869458	
18	2.0824147	2.0590038	1.7399794	1.8173481	
19	2.0712115	2.0510868	1.5734444	2.314813	
20	2.0590247	2.0394197	2.2558599	5.4732395	
21	2.0733097	2.0687672	-0.61989724	8.690249	
22	2.0358731	2.0240232	0.73024959	6.050357	
23	2.0216833	2.0086701	0.88991964	3.7591891	
24	2.0209552	2.0090869	1.9856103	2.260109	
25	2.0098107	1.9980169	1.2175572	2.2409309	
26	2.0028516	1.9932071	1.2677365	1.24443	
27	1.9957538	1.9921578	1.3425313	-0.20293329	
28	1.9940638	1.9895459	1.4339745	-0.23946755	
29	1.9896308	1.9854288	1.5891754	-0.011173336	
30	1.9848908	1.982732	1.951336	0.32325843	
31	1.9830593	1.9832619	1.9775174	0.28014305	
32	1.9808629	1.9824653	2.0666152	-0.59439441	
33	1.9791778	1.9815298	2.1239251	-0.52085094	
34	1.9749513	1.9741538	2.3276987	-0.79814458	
35	1.9731315	1.9709573	2.3565972	-0.71765357	
36	1.9719589	1.9704505	2.3155935	-0.44791333	
37	1.9712343	1.9699484	2.3121217	-0.45805748	
38	1.9704108	1.9693089	2.2949986	-0.31105027	
39	1.9683369	1.9677772	2.1071957	1.7856609	
40	1.9674476	1.9673649	2.0839299	1.9390258	
41	1.9666559	1.96665	2.0818735	1.9492971	
42	1.9658177	1.965896	2.076707	1.9404059	
43	1.9646006	1.9644812	2.0507515	1.7918427	
44	1.9635791	1.9631785	2.0409026	1.7794804	
45	1.9609612	1.9609135	2.0258027	1.7880919	
50	1.956529	1.9572555	1.9671342	1.8064259	
55	1.9523477	1.9531987	1.9611365	1.8241988	
60	1.9481564	1.9490602	1.9566591	1.825608	
65	1.9439654	1.9448794	1.9523849	1.8223663	
70	1.9398002	1.9407161	1.9481464	1.8191486	
75	1.9356653	1.9365784	1.9439484	1.8159546	
80	1.9315629	1.9324709	1.9397849	1.812784	
85	1.9274944	1.928396	1.9356554	1.8096367	


precision, %
wave=450 nm
height, km	60	
0	0.60199296	
0.05	0.80532692	
0.1	0.77907531	
0.15	0.80066906	
0.2	0.92394975	
0.25	0.99448587	
0.3	1.0185563	
0.35	0.87779875	
0.4	1.1389305	
0.45	0.90998726	
0.5	0.93022826	
0.55	0.90892891	
0.6	1.0200756	
0.65	1.15856	
0.7	1.2092214	
0.75	1.1736526	
0.8	1.0424451	
0.85	1.0894639	
0.9	1.005042	
0.95	1.2905493	
1	0.94038726	
1.1	0.98161426	
1.2	0.99631627	
1.3	0.95173011	
1.4	0.98977614	
1.5	1.0509801	
1.6	1.1359112	
1.7	1.0961794	
1.8	1.0719936	
1.9	1.0621742	
2	1.025857	
2.2	1.0905137	
2.4	1.0059715	
2.6	1.248216	
2.8	1.020651	
3	1.1162282	
3.2	1.4528804	
3.3	1.4175359	
3.4	1.3839577	
3.6	1.1826032	
3.8	1.2007052	
4	1.3029314	
4.4	1.4935094	
4.5	1.3277977	
4.8	1.3280109	
5	1.1893212	
5.5	1.2029132	
6	1.2065695	
6.47	1.118554	
8	1.1413937	
9	1.1834458	
10	1.0373	
11	1.4232596	
12	1.3991732	
13	1.1258368	
14	1.1360874	
15	1.1079879	
16	0.99654226	
17	1.0578834	
18	0.93563351	
19	0.86282908	
20	0.89172159	
21	1.3501987	
22	0.82047134	
23	0.75485573	
24	0.84678094	
25	0.71471168	
26	0.69016015	
27	0.6735964	
28	0.66712614	
29	0.64400275	
30	0.62443128	
31	0.62206332	
32	0.61865383	
33	0.61634822	
34	0.59228182	
35	0.59162335	
36	0.59008201	
37	0.58980952	
38	0.58914628	
39	0.58358382	
40	0.58371655	
41	0.58373672	
42	0.58391189	
43	0.58208864	
44	0.58088783	
45	0.58054541	
50	0.57887041	
55	0.57870923	
60	0.57860891	
65	0.57860264	
70	0.57859966	
75	0.57859852	
80	0.57859836	
85	0.57859869	


ord=1
wave=450 nm
zenith, km	60	
Stoks:	    0.90764965	   -0.36491282	   0.002846191	             0	
enhancement factor
0	1.0079235	0.98470084	1.0481606	0	
0.05	1.0407403	1.0158864	1.0648355	0	
0.1	1.053842	1.0269006	1.0574461	0	
0.15	1.066822	1.0377522	1.0731918	0	
0.2	1.0798676	1.0484498	1.0852022	0	
0.25	1.0927297	1.0590022	1.0945764	0	
0.3	1.1055741	1.0694713	1.0949965	0	
0.35	1.1182319	1.0797363	1.0955731	0	
0.4	1.1307401	1.0899513	1.0986623	0	
0.45	1.1432158	1.1001048	1.1083372	0	
0.5	1.155528	1.1101471	1.1088709	0	
0.55	1.1676257	1.1200935	1.1113311	0	
0.6	1.1796288	1.130005	1.1297606	0	
0.65	1.1915116	1.1397599	1.1487059	0	
0.7	1.2032575	1.14943	1.14812	0	
0.75	1.2148567	1.1589666	1.1478885	0	
0.8	1.2262924	1.1683214	1.1456205	0	
0.85	1.2375114	1.1775204	1.151863	0	
0.9	1.2485713	1.1865866	1.1663703	0	
0.95	1.2593541	1.1955276	1.1705602	0	
1	1.2751879	1.2085665	1.1932386	0	
1.1	1.2957744	1.2255928	1.2222695	0	
1.2	1.3156936	1.242243	1.2259181	0	
1.3	1.3349564	1.2584593	1.2296413	0	
1.4	1.3535972	1.2742404	1.2483506	0	
1.5	1.3715929	1.2895459	1.2731446	0	
1.6	1.3889182	1.3044265	1.2884986	0	
1.7	1.4055771	1.3188305	1.3001643	0	
1.8	1.4216282	1.3327792	1.3295119	0	
1.9	1.4370466	1.3463214	1.3578373	0	
2	1.458828	1.3657134	1.3812824	0	
2.2	1.4861957	1.3903778	1.4054858	0	
2.4	1.5114618	1.4135302	1.4161117	0	
2.6	1.5347998	1.4352706	1.4418773	0	
2.8	1.5563195	1.4557359	1.4629676	0	
3	1.5761741	1.474997	1.4780424	0	
3.2	1.5901999	1.4888227	1.4981772	0	
3.3	1.5990068	1.4976455	1.5112101	0	
3.4	1.6115251	1.5103525	1.5408632	0	
3.6	1.6272929	1.5265916	1.5683733	0	
3.8	1.6419121	1.5419931	1.5765274	0	
4	1.6616724	1.5634271	1.6135036	0	
4.4	1.6773035	1.5806319	1.6484465	0	
4.5	1.6883937	1.5933043	1.66079	0	
4.8	1.7016017	1.6086165	1.670367	0	
5	1.7180231	1.6283222	1.6968481	0	
5.5	1.7393788	1.6546237	1.7254306	0	
6	1.7577076	1.6780507	1.730482	0	
6.47	1.7894494	1.7200389	1.7457602	0	
8	1.8253649	1.7684353	1.774183	0	
9	1.8485255	1.8005792	1.8061815	0	
10	1.8681737	1.8277894	1.8558507	0	
11	1.8846257	1.8505612	1.8706668	0	
12	1.8985781	1.8702061	1.8709358	0	
13	1.9105186	1.8869681	1.8771057	0	
14	1.9207355	1.9011583	1.8949096	0	
15	1.9294778	1.913092	1.916203	0	
16	1.9369338	1.9231131	1.9275889	0	
17	1.9433363	1.9315314	1.934009	0	
18	1.9488245	1.9386732	1.945297	0	
19	1.9535205	1.9448087	1.9517169	0	
20	1.9574401	1.9500044	1.9528931	0	
21	1.9606384	1.9543158	1.9579036	0	
22	1.9632355	1.9578636	1.9602139	0	
23	1.9653025	1.960763	1.9628129	0	
24	1.9669252	1.963106	1.9665451	0	
25	1.9681685	1.9649845	1.9664138	0	
26	1.9690847	1.9664405	1.9676679	0	
27	1.9697162	1.9675366	1.9694771	0	
28	1.970125	1.9683431	1.969324	0	
29	1.9703485	1.9689123	1.9700876	0	
30	1.9704087	1.9692686	1.9701532	0	
31	1.9703182	1.9694303	1.9692859	0	
32	1.9701042	1.9694338	1.9694323	0	
33	1.9697998	1.9693215	1.9700878	0	
34	1.9694206	1.9691134	1.9703115	0	
35	1.968972	1.9688126	1.9699743	0	
36	1.9684604	1.9684284	1.9690876	0	
37	1.9678954	1.9679737	1.968454	0	
38	1.9672857	1.9674592	1.968103	0	
39	1.9666382	1.9668942	1.9675017	0	
40	1.9659591	1.966287	1.9666205	0	
41	1.9652541	1.9656447	1.9658602	0	
42	1.9645273	1.9649728	1.9651014	0	
43	1.9637814	1.9642749	1.9642247	0	
44	1.9630194	1.9635548	1.9633496	0	
45	1.9606412	1.9612689	1.9609616	0	
50	1.9565943	1.9573312	1.9570314	0	
55	1.952454	1.9532483	1.9530018	0	
60	1.9482825	1.9491061	1.9488751	0	
65	1.9441111	1.944948	1.944669	0	
70	1.9399558	1.9407966	1.9404927	0	
75	1.9358253	1.9366648	1.9363642	0	
80	1.9317246	1.93256	1.9322642	0	
85	1.9276562	1.9284862	1.9281916	0	


precision, %
wave=450 nm
height, km	60	
0	0.048652932	
0.05	0.042401338	
0.1	0.039141103	
0.15	0.037254463	
0.2	0.036259247	
0.25	0.034131023	
0.3	0.032575495	
0.35	0.031266623	
0.4	0.029986193	
0.45	0.028697887	
0.5	0.027561668	
0.55	0.026173995	
0.6	0.025408464	
0.65	0.025066453	
0.7	0.0248309	
0.75	0.024416035	
0.8	0.023644306	
0.85	0.023195763	
0.9	0.02275968	
0.95	0.022376133	
1	0.021581247	
1.1	0.020541934	
1.2	0.019564869	
1.3	0.019220616	
1.4	0.018934704	
1.5	0.018407845	
1.6	0.01789539	
1.7	0.017458255	
1.8	0.017245417	
1.9	0.01688261	
2	0.016538353	
2.2	0.015746657	
2.4	0.015302072	
2.6	0.014954691	
2.8	0.014587163	
3	0.014205035	
3.2	0.01390347	
3.3	0.013651565	
3.4	0.013504013	
3.6	0.013311677	
3.8	0.01303721	
4	0.012688323	
4.4	0.012438703	
4.5	0.012319769	
4.8	0.012209964	
5	0.011929415	
5.5	0.011729237	
6	0.011505314	
6.47	0.010990048	
8	0.010525104	
9	0.010281929	
10	0.010092204	
11	0.0099938966	
12	0.0099394874	
13	0.0098398833	
14	0.0097755161	
15	0.0097161746	
16	0.009661144	
17	0.0095870445	
18	0.0095119566	
19	0.0094773682	
20	0.0094747192	
21	0.0094779125	
22	0.0094456991	
23	0.00940245	
24	0.0093606011	
25	0.0093377329	
26	0.0093342018	
27	0.0093496389	
28	0.0093294726	
29	0.0093121098	
30	0.009307614	
31	0.009307042	
32	0.0093132711	
33	0.0093115595	
34	0.0093107117	
35	0.0093086552	
36	0.009306904	
37	0.0093054111	
38	0.0093041369	
39	0.0093030482	
40	0.0093021153	
41	0.009301312	
42	0.0093006192	
43	0.0093000232	
44	0.0092995107	
45	0.0092996111	
50	0.0092995852	
55	0.0092989812	
60	0.0092987031	
65	0.009298601	
70	0.009298597	
75	0.0092986471	
80	0.0092987255	
85	0.0092988176	


