RT Model MCC++	 O.Postylyakov	ver.72
MixedSimC<atmos::StoksC,MCSimC<atmos::StoksC,MCWMethodC<atmos::StoksC,SphericalGeomT>>,SSSimC<atmos::StoksC,MCSimC<atmos::StoksC,MSSMethodC<atmos::StoksC,SphericalGeomT,1000>>>>	ps::cLCG2C	Density: double	AMFs: Yes	ORDERS_ACCOUNT: ATM_COLLGS_ORDERS
photons passed	base/max expendeture	EPS-breakes	MaxCollgs-Breaks	MinPhWgt-Breaks	average colligions
20000	0.0188526/0.030497	0	0	0	2.9243	
SpecialSamplingCollgs	ForceCollgSimul	EPS	ssEPS	MaxCollgs	MinPhWgt	BaseMod	
1	0	0.001	1e-12	500	1e-300	0	
Albedo	time	IY
0.05	0.0339333	{ 1321533161 1702543927 ; 40014 40692 2147483563 2147483399 }	
 -6370.99	 -6370.99	 -5791.81	 -5212.63	 -4633.45	 -4054.27	 -3475.09	  -2895.9	 -2316.72	 -1737.54	 -1158.36	 -579.181	-9.09495e-13	  12.8571	  25.7143	  38.5714	  51.4286	  64.2857	  77.1429	       90	
        0	        0	0.0080361	 0.024108	 0.040179	 0.056251	 0.072322	 0.088394	  0.10447	  0.12054	  0.13661	  0.15268	  0.16875	0.0039284	0.0039364	0.0039443	0.0039522	0.0039601	 0.003968	 0.003976	
        0	        0	        0	        0	        0	        0	        0	        0	        0	        0	        0	        0	        0	        0	        0	        0	        0	        0	        0	        0	
        0	        0	        0	        0	        0	        0	        0	        0	        0	        0	        0	        0	        0	        0	        0	        0	        0	        0	        0	        0	

-------------------------------------------------
tet=60  fi=0
	60	
450	0.031477	

	60	
450	-5.8976	

	60	
450	0.94802	



ord=1
	60	
450	0.40498	

	60	
450	7.7976	

	60	
450	1.7336	

enhancement factor
ord=0
wave=450 nm
zenith, km	60	
Stoks:	     1.9777438	    0.11663978	 0.00052740625	 0.00015641841	
enhancement factor
0	2.1154834	2.1437284	-3.9814116	2.0971405	
0.05	2.249504	2.4054878	11.343807	3.591009	
0.1	2.3130329	2.6324669	13.422399	3.7397588	
0.15	2.3525752	2.7288179	5.6861103	0.2238926	
0.2	2.4040264	3.0711007	4.4030203	2.610918	
0.25	2.4493788	3.1539434	-10.983055	-4.4341575	
0.3	2.4919319	3.2307831	-26.730734	-7.3824297	
0.35	2.5208515	3.2854068	-10.392304	-3.731272	
0.4	2.5210406	3.2515497	14.415021	2.4627724	
0.45	2.5414771	3.3891409	43.989947	0.72225184	
0.5	2.5536873	3.5708525	19.095742	0.81820417	
0.55	2.6173421	3.8533021	39.781164	-2.2485768	
0.6	2.6446463	3.913067	15.121391	13.400295	
0.65	2.6815329	4.0666665	25.747413	3.8157833	
0.7	2.6797737	4.0896267	18.737668	-0.56105416	
0.75	2.662387	3.8966882	28.376773	3.9184829	
0.8	2.6606628	3.8143259	4.528791	8.9731518	
0.85	2.703557	3.94926	8.0906746	13.883905	
0.9	2.7276298	4.0326395	35.598751	10.053517	
0.95	2.7035421	3.9098832	31.485775	-1.8001606	
1	2.7059558	4.2563243	42.457034	-1.2671086	
1.1	2.7017316	3.9712103	22.034547	-1.588605	
1.2	2.7173223	4.0117526	5.1661601	5.2165111	
1.3	2.7217835	4.1859638	43.014848	-1.2971987	
1.4	2.7197839	4.2043774	48.242372	0.085656211	
1.5	2.7355604	4.0475877	42.879514	-7.0166288	
1.6	2.7165373	3.9673878	50.675052	3.7792648	
1.7	2.725015	4.1288023	26.76924	2.8964251	
1.8	2.7402451	4.2098423	28.594997	10.46835	
1.9	2.7088485	4.2812861	-8.612001	5.5910519	
2	2.7283059	4.4279386	-10.955678	2.5451449	
2.2	2.7031472	4.5001518	20.841248	-5.5212879	
2.4	2.7148685	4.7011324	52.562893	-0.90050483	
2.6	2.7221615	4.8255553	86.334332	-4.0975721	
2.8	2.707969	4.7841404	107.52874	12.751929	
3	2.7096408	4.5702816	87.534191	13.659458	
3.2	2.7107959	4.524842	60.088965	11.813158	
3.3	2.7067446	4.562953	49.796275	12.419209	
3.4	2.704641	4.6450302	18.549998	11.500101	
3.6	2.6925158	4.7210057	-5.5153432	4.320068	
3.8	2.7394794	4.949434	-3.121846	1.7275994	
4	2.7176564	4.8358084	-22.129315	5.9478573	
4.4	2.6798581	4.6639993	-72.512898	16.885243	
4.5	2.6842981	4.8172055	-43.062109	14.92361	
4.8	2.6793261	4.9487745	-31.722485	6.3471119	
5	2.6739704	4.9722818	-77.291182	5.5412849	
5.5	2.656217	4.8153783	-40.632015	6.7734533	
6	2.6769036	4.62452	-57.687634	-7.3701909	
6.47	2.6387046	4.551559	-238.80952	16.815541	
8	2.5583104	4.3164267	-139.55353	9.7694039	
9	2.503312	4.5966867	-107.0925	2.2013063	
10	2.4295111	4.1870572	-116.57428	-1.9274549	
11	2.3891708	3.9668193	-44.910293	10.065744	
12	2.3665782	4.0816399	42.05168	1.3128733	
13	2.3469536	4.0658787	-62.547987	0.77830013	
14	2.2846664	3.1773475	-30.910055	-1.1936265	
15	2.23594	3.0834872	33.518679	-9.2450641	
16	2.1859424	2.9924924	41.107465	-4.547511	
17	2.1628582	2.87759	47.985354	-5.9855875	
18	2.1504412	2.6930179	45.292719	-4.2306414	
19	2.109846	2.4964735	40.714708	-5.4339413	
20	2.0918465	2.4581093	51.437732	-8.1936741	
21	2.0796095	2.5360931	29.971282	-2.8297066	
22	2.0655014	2.4310972	33.863003	-2.4242236	
23	2.0533214	2.3764592	28.042319	-2.0736488	
24	2.0435964	2.3296284	26.519954	-1.835964	
25	2.0249251	2.2089722	22.027864	-1.3366745	
26	2.01698	2.1502361	22.473022	-1.0089425	
27	2.0126597	2.118117	21.813697	-1.0203416	
28	2.0023757	2.0742438	7.6767158	0.12983318	
29	1.9942917	2.0301921	3.2152225	1.2490612	
30	1.9900324	2.0187832	1.7981053	1.190172	
31	1.9907846	2.0953916	5.1765011	0.91755728	
32	1.9836132	2.025678	2.7401145	0.98658026	
33	1.9783942	2.0042424	1.545432	1.5977063	
34	1.9765486	1.9998583	2.4128074	1.5647385	
35	1.9750095	1.9981306	2.7013826	1.5370296	
36	1.9739622	1.9965289	2.7040217	1.5382283	
37	1.9726361	1.9952613	2.2952758	1.546253	
38	1.969835	1.9959806	0.75684481	1.6572213	
39	1.9674162	1.9939146	0.6139233	1.7124872	
40	1.9656904	1.9822585	1.0795232	1.8162811	
41	1.9635432	1.9656457	0.95770297	1.9836184	
42	1.9626028	1.9647463	0.95924543	1.9831543	
43	1.9616729	1.9634194	0.95943922	1.9794208	
44	1.9607979	1.9621572	0.97491969	1.9760466	
45	1.9577516	1.9585874	1.8655439	1.9676021	
50	1.9532413	1.9532252	2.2455486	1.9407476	
55	1.9488284	1.9490786	1.9715749	1.9540345	
60	1.9444952	1.9439846	1.9390808	1.9439571	
65	1.9402491	1.9390299	1.9596017	1.9459391	
70	1.9361011	1.9348917	1.9553033	1.9417472	
75	1.9319893	1.9307895	1.951043	1.937592	
80	1.9279129	1.9267227	1.9468202	1.9334729	
85	1.9238717	1.9226909	1.9426346	1.9293894	


precision, %
wave=450 nm
height, km	60	
0	1.0010716	
0.05	1.1011751	
0.1	1.1323614	
0.15	1.0773197	
0.2	1.2656325	
0.25	1.1594496	
0.3	1.1876485	
0.35	1.1951362	
0.4	1.1652849	
0.45	1.2372601	
0.5	1.1751571	
0.55	1.3264548	
0.6	1.3189356	
0.65	1.3910149	
0.7	1.2570498	
0.75	1.1425076	
0.8	1.2275888	
0.85	1.3467021	
0.9	1.3541684	
0.95	1.3143308	
1	1.4229041	
1.1	1.1555224	
1.2	1.215565	
1.3	1.2208286	
1.4	1.1391131	
1.5	1.2414986	
1.6	1.1318564	
1.7	1.1609958	
1.8	1.1874143	
1.9	1.2243321	
2	1.2682248	
2.2	1.2598798	
2.4	1.1955005	
2.6	1.3430407	
2.8	1.2714493	
3	1.4202467	
3.2	1.4548281	
3.3	1.2589015	
3.4	1.2545944	
3.6	1.2974265	
3.8	1.8561107	
4	1.5266242	
4.4	1.4458537	
4.5	1.3434181	
4.8	1.4074959	
5	1.4413006	
5.5	1.4076936	
6	1.8164554	
6.47	1.8577347	
8	1.5830007	
9	1.7102819	
10	1.4853334	
11	1.7489218	
12	1.877743	
13	1.9895091	
14	1.8860904	
15	1.6168363	
16	1.3227565	
17	1.4963454	
18	1.5557244	
19	1.2599513	
20	1.0957149	
21	1.2258472	
22	1.1296784	
23	1.0862937	
24	1.0637184	
25	1.0013434	
26	0.99461543	
27	0.99098876	
28	0.9700954	
29	0.96282419	
30	0.96159898	
31	0.99980405	
32	0.95791909	
33	0.95424441	
34	0.95352088	
35	0.95264705	
36	0.95241283	
37	0.95155265	
38	0.95071108	
39	0.95465413	
40	0.95130144	
41	0.94653768	
42	0.94668762	
43	0.94685733	
44	0.94687742	
45	0.94819437	
50	0.94872818	
55	0.94821423	
60	0.9480056	
65	0.94801695	
70	0.94801688	
75	0.94801682	
80	0.94801676	
85	0.9480167	


ord=1
wave=450 nm
zenith, km	60	
Stoks:	  0.0080094347	-0.00062454351	-7.3379341e-05	             0	
enhancement factor
0	6.3856558	3.1640349	7.2144493	0	
0.05	5.8615493	3.6735038	5.7845287	0	
0.1	5.4443689	3.8703402	5.3133111	0	
0.15	5.112002	4.0606417	4.8751021	0	
0.2	4.8418212	4.0883716	4.5437349	0	
0.25	4.6171038	4.0724158	3.6868801	0	
0.3	4.4166551	4.0156709	3.781839	0	
0.35	4.2406909	3.9667506	4.1643201	0	
0.4	4.0990197	3.9151546	4.7275421	0	
0.45	3.9714085	3.8853077	4.7097109	0	
0.5	3.8456174	3.7570415	4.0386493	0	
0.55	3.7194397	3.714436	3.8147276	0	
0.6	3.6338394	3.6921373	3.715287	0	
0.65	3.5456635	3.7054458	4.0020415	0	
0.7	3.4513446	3.6475599	4.3550876	0	
0.75	3.3731438	3.5681183	4.0699067	0	
0.8	3.2993599	3.5052833	3.6676662	0	
0.85	3.2263258	3.495933	3.7006119	0	
0.9	3.1767539	3.4801081	3.9701748	0	
0.95	3.1232791	3.4475358	3.9438908	0	
1	3.0424227	3.3338989	3.7738229	0	
1.1	2.9563181	3.2352533	3.9305954	0	
1.2	2.882318	3.158505	3.7231991	0	
1.3	2.8262687	3.0779022	3.5030931	0	
1.4	2.7698479	3.0152588	3.1859068	0	
1.5	2.7177705	2.9727972	3.4086273	0	
1.6	2.671532	2.9521335	3.6394362	0	
1.7	2.6255601	2.896321	3.4107737	0	
1.8	2.594747	2.876808	3.2702492	0	
1.9	2.5607118	2.8510381	3.1987525	0	
2	2.5221542	2.8112267	2.9569834	0	
2.2	2.4718999	2.7477425	3.1519941	0	
2.4	2.4317077	2.7138867	3.2002189	0	
2.6	2.4059222	2.6597431	3.0631908	0	
2.8	2.3807335	2.6158111	3.2150524	0	
3	2.3606311	2.6056131	3.2175854	0	
3.2	2.3454318	2.6033747	2.8287241	0	
3.3	2.3385344	2.5894049	2.620418	0	
3.4	2.320633	2.5612355	2.3366619	0	
3.6	2.3052223	2.5478536	2.2318842	0	
3.8	2.2916738	2.5287846	2.371978	0	
4	2.2741558	2.490145	2.381486	0	
4.4	2.2584526	2.4721275	2.4354428	0	
4.5	2.2478412	2.440391	2.3579205	0	
4.8	2.2380612	2.4343752	2.2675614	0	
5	2.2175278	2.4087879	2.2798967	0	
5.5	2.1969496	2.3719778	2.3164067	0	
6	2.1778613	2.3317471	2.2500259	0	
6.47	2.15186	2.2964774	2.3116616	0	
8	2.1188206	2.2260671	2.1989015	0	
9	2.0955498	2.1896832	2.0543648	0	
10	2.0770958	2.1451195	2.0563227	0	
11	2.0659885	2.12412	2.0845297	0	
12	2.0493642	2.0877654	2.1748979	0	
13	2.0391915	2.0794038	2.1524115	0	
14	2.0315749	2.0711247	2.1760625	0	
15	2.0260608	2.0521736	2.1266429	0	
16	2.0208991	2.0396223	2.0873267	0	
17	2.0162806	2.036594	2.1266327	0	
18	2.0104712	2.0307926	2.1308033	0	
19	2.0049376	2.0120448	2.1948512	0	
20	1.999323	1.9966518	2.3499133	0	
21	1.9950886	2.00151	2.2485064	0	
22	1.9906324	1.9961281	2.1121215	0	
23	1.987335	1.9933539	2.0343527	0	
24	1.9837759	1.9809565	1.9247919	0	
25	1.9806478	1.9761682	1.97296	0	
26	1.9783916	1.979065	1.9680583	0	
27	1.9769643	1.9754778	1.9552458	0	
28	1.9759531	1.9739902	1.9517207	0	
29	1.9748074	1.9731812	1.9518217	0	
30	1.9733624	1.9722654	1.9546525	0	
31	1.9719575	1.9707953	1.9615546	0	
32	1.9710713	1.9699118	1.9606763	0	
33	1.9701857	1.9690299	1.9598083	0	
34	1.9686162	1.9681488	1.9648356	0	
35	1.9663974	1.9643519	1.9638785	0	
36	1.9654723	1.9631891	1.9640542	0	
37	1.9645949	1.9623154	1.9631791	0	
38	1.963719	1.9614432	1.9623055	0	
39	1.9628447	1.9605727	1.9614335	0	
40	1.961972	1.9597037	1.9605631	0	
41	1.9611009	1.9588362	1.9596943	0	
42	1.9602313	1.9579703	1.958827	0	
43	1.9593633	1.957106	1.9579613	0	
44	1.9584968	1.9562432	1.9570971	0	
45	1.9559083	1.9536657	1.9545154	0	
50	1.9516222	1.9493977	1.9502406	0	
55	1.9473741	1.9451674	1.9460035	0	
60	1.9431634	1.9409742	1.9418038	0	
65	1.9389896	1.9368178	1.9376408	0	
70	1.9348522	1.9326975	1.933514	0	
75	1.9307507	1.928613	1.9294231	0	
80	1.9266846	1.9245636	1.9253674	0	
85	1.9226534	1.9205489	1.9213465	0	


precision, %
wave=450 nm
height, km	60	
0	1.9545097	
0.05	1.8754298	
0.1	1.8193806	
0.15	1.7786773	
0.2	1.756602	
0.25	1.7674496	
0.3	1.7756841	
0.35	1.8087201	
0.4	1.8424049	
0.45	1.8093853	
0.5	1.7952333	
0.55	1.7887742	
0.6	1.7936597	
0.65	1.8140773	
0.7	1.8164054	
0.75	1.8376598	
0.8	1.8237578	
0.85	1.8312832	
0.9	1.8266645	
0.95	1.8023646	
1	1.7557009	
1.1	1.7163076	
1.2	1.6907991	
1.3	1.6725255	
1.4	1.6390032	
1.5	1.6354255	
1.6	1.647916	
1.7	1.6484914	
1.8	1.6378704	
1.9	1.6499536	
2	1.6468525	
2.2	1.6803172	
2.4	1.6817806	
2.6	1.6918631	
2.8	1.6989961	
3	1.7067551	
3.2	1.7021922	
3.3	1.7061983	
3.4	1.7094939	
3.6	1.7183589	
3.8	1.7252186	
4	1.7258513	
4.4	1.7203542	
4.5	1.7272136	
4.8	1.7277167	
5	1.7239632	
5.5	1.7309638	
6	1.7326292	
6.47	1.7103473	
8	1.7100625	
9	1.7179627	
10	1.7213882	
11	1.7301982	
12	1.7279816	
13	1.7267296	
14	1.7273344	
15	1.7285773	
16	1.7345999	
17	1.7335985	
18	1.7356628	
19	1.7281217	
20	1.7235854	
21	1.7268888	
22	1.7339624	
23	1.7366559	
24	1.733251	
25	1.7312188	
26	1.7298673	
27	1.7317122	
28	1.7321774	
29	1.7318328	
30	1.7316174	
31	1.7323957	
32	1.7323953	
33	1.7323911	
34	1.7299183	
35	1.7339206	
36	1.7340146	
37	1.7340141	
38	1.7340136	
39	1.734013	
40	1.7340125	
41	1.7340119	
42	1.7340114	
43	1.7340109	
44	1.7340103	
45	1.7340087	
50	1.7340061	
55	1.7340035	
60	1.7340009	
65	1.7339984	
70	1.7339958	
75	1.7339933	
80	1.7339909	
85	1.7339884	


-------------------------------------------------
tet=60  fi=90
	60	
450	0.030221027	

	60	
450	-31.634928	

	60	
450	0.59162044	



ord=1
	60	
450	41.4513	

	60	
450	-38.09856	

	60	
450	0.017622768	

enhancement factor
ord=0
wave=450 nm
zenith, km	60	
Stoks:	     1.8988431	    0.60069766	   0.094933965	 -0.0031793329	
enhancement factor
0	2.0932498	1.9968521	1.7686037	1.7780632	
0.05	2.1976058	2.0945506	1.6500335	1.5928167	
0.1	2.2471172	2.1565274	1.4852389	1.6256575	
0.15	2.2760769	2.1821769	1.4345272	1.827092	
0.2	2.3249151	2.2374021	1.2337695	2.0258652	
0.25	2.3572864	2.2668288	1.0862929	2.1995771	
0.3	2.3810567	2.2974065	0.91815878	1.9571808	
0.35	2.3912921	2.3088774	0.83849088	2.0259556	
0.4	2.3959136	2.3032103	0.90410282	1.7638381	
0.45	2.4060611	2.3162662	0.91932038	1.9047038	
0.5	2.4122025	2.3317465	0.83342495	1.9379916	
0.55	2.4596095	2.3905322	0.75197802	1.9860471	
0.6	2.4616014	2.3791888	0.63767033	1.519899	
0.65	2.499315	2.4190304	0.44292302	1.6789372	
0.7	2.5120937	2.4197133	0.40101253	2.1196183	
0.75	2.4991646	2.3966838	0.39338814	1.7410769	
0.8	2.5116104	2.3988771	0.36285967	1.5217359	
0.85	2.5505864	2.4453308	0.10669528	1.5573863	
0.9	2.57496	2.5008258	0.23398722	0.90633584	
0.95	2.5481068	2.4519358	0.37636779	1.6708626	
1	2.5653522	2.4883554	0.23690958	1.9627427	
1.1	2.5588901	2.4650759	0.092527211	1.9446532	
1.2	2.5429875	2.4463954	0.15876612	1.6749657	
1.3	2.5621313	2.4759394	0.13319445	2.2842276	
1.4	2.5518541	2.4899987	0.1363843	2.4934414	
1.5	2.5721715	2.5005357	0.049297678	2.4518879	
1.6	2.5487412	2.4826616	0.085986668	2.0302773	
1.7	2.5590666	2.5274255	0.068787733	1.9043444	
1.8	2.5879291	2.5865809	0.069856361	1.6868928	
1.9	2.5805665	2.580527	-0.14357257	2.0312828	
2	2.5964436	2.5982304	-0.17163347	2.103318	
2.2	2.5829644	2.5789173	-0.023070767	2.3955975	
2.4	2.6022647	2.6125391	-0.00134435	2.4313244	
2.6	2.6189562	2.6102037	0.25719927	2.6495725	
2.8	2.6253016	2.5973628	0.39162947	2.087671	
3	2.6073419	2.5989631	0.24374214	2.0362853	
3.2	2.6057029	2.6088585	0.016534184	1.7509094	
3.3	2.6053789	2.5902296	-0.07617282	1.9923157	
3.4	2.6006529	2.6047176	-0.23264039	1.6904441	
3.6	2.5907568	2.608031	-0.36751822	2.4028839	
3.8	2.6263806	2.6665109	-0.46671293	2.6969991	
4	2.6097527	2.66335	-0.56989004	2.2851089	
4.4	2.5894071	2.6183317	-0.62375007	1.9980199	
4.5	2.5916035	2.6412869	-0.65580852	2.1898358	
4.8	2.5885612	2.6639846	-0.66369812	2.5470454	
5	2.6119223	2.6856142	-1.1683273	2.5038201	
5.5	2.5739234	2.6150067	-0.89853752	2.740414	
6	2.5711762	2.5823819	-1.0763705	2.8417353	
6.47	2.5531427	2.560175	-1.2671605	2.5318278	
8	2.4954771	2.5308687	-0.87095863	2.6681822	
9	2.4663175	2.5665916	-0.51754894	2.5250403	
10	2.3884048	2.4767218	-0.34720375	2.5662117	
11	2.3385521	2.4259882	-0.03896949	2.312734	
12	2.3276359	2.4349602	0.51667819	2.5553422	
13	2.3162508	2.4642328	0.12420527	2.8950952	
14	2.2446254	2.328836	0.4309388	2.5159713	
15	2.208771	2.2773154	1.0396554	2.6810926	
16	2.168731	2.2298578	1.3647084	2.3988665	
17	2.1446206	2.2007922	1.3984695	2.3445172	
18	2.1274868	2.1771318	1.3985805	2.0629926	
19	2.091425	2.1182685	1.5355974	2.1425556	
20	2.0746294	2.092698	1.6836691	2.2457559	
21	2.0653073	2.0931032	1.6382388	2.07033	
22	2.0539157	2.0764592	1.6916865	2.0490285	
23	2.044811	2.0634309	1.7248536	2.0526289	
24	2.036797	2.0532327	1.7553159	2.0577395	
25	2.0211922	2.0301588	1.817621	2.0754144	
26	2.0144736	2.0194438	1.8441363	2.0774499	
27	2.0109141	2.0127322	1.8462921	2.0856059	
28	2.0034293	2.0040508	1.8358597	2.0636158	
29	1.9953829	1.993898	1.8555905	2.0209816	
30	1.9913807	1.9900974	1.8731615	2.0240938	
31	1.9935038	2.0027728	1.9175324	2.0350705	
32	1.9860518	1.9889876	1.9010764	2.0240117	
33	1.9805398	1.9828608	1.905829	1.9934486	
34	1.9786782	1.9808258	1.9142664	1.9926414	
35	1.9772756	1.9793669	1.9180133	1.991576	
36	1.9762518	1.9783441	1.9183222	1.9913154	
37	1.9749967	1.9772465	1.9210783	1.9911877	
38	1.9726795	1.9756538	1.9356066	1.9826785	
39	1.9704249	1.97321	1.9484694	1.9860333	
40	1.9687143	1.9706768	1.9525049	1.9811704	
41	1.966863	1.967456	1.9547561	1.9753433	
42	1.9659638	1.9665437	1.9541873	1.9745584	
43	1.9650408	1.965597	1.9537366	1.9747468	
44	1.9641288	1.9646807	1.9530785	1.9746544	
45	1.9611177	1.9616971	1.9553193	1.9718967	
50	1.9566298	1.9571133	1.9533876	1.9675638	
55	1.952147	1.9527309	1.9495487	1.9600547	
60	1.9477951	1.9483661	1.9460343	1.9524016	
65	1.943507	1.9440717	1.9420668	1.947365	
70	1.9393337	1.9398939	1.9379126	1.9431594	
75	1.9351966	1.9357522	1.9337914	1.9389906	
80	1.9310952	1.9316463	1.9297041	1.9348581	
85	1.9270292	1.9275757	1.9256511	1.9307615	


precision, %
wave=450 nm
height, km	60	
0	0.62427926	
0.05	0.70826293	
0.1	0.80207047	
0.15	0.83921845	
0.2	0.94407069	
0.25	0.9291618	
0.3	0.94461375	
0.35	0.84852877	
0.4	0.94384387	
0.45	0.94199248	
0.5	0.82326265	
0.55	0.91217093	
0.6	0.83676035	
0.65	0.96234036	
0.7	0.95450191	
0.75	0.82884386	
0.8	0.91570476	
0.85	1.0308087	
0.9	1.2122967	
0.95	1.1207349	
1	1.0756346	
1.1	0.96609489	
1.2	0.89487739	
1.3	1.0614751	
1.4	0.9217524	
1.5	1.0422647	
1.6	0.9088608	
1.7	0.92070909	
1.8	1.1511863	
1.9	1.091223	
2	1.0839279	
2.2	0.97438292	
2.4	1.0769806	
2.6	1.1864887	
2.8	1.2073291	
3	1.1893783	
3.2	1.2490414	
3.3	1.1727053	
3.4	1.1441469	
3.6	1.1044439	
3.8	1.5704412	
4	1.2837634	
4.4	1.2671981	
4.5	1.1642324	
4.8	1.2518557	
5	1.6209042	
5.5	1.1718647	
6	1.3617079	
6.47	1.3838457	
8	1.3070584	
9	1.8897183	
10	1.3292235	
11	1.4328137	
12	1.6968505	
13	2.0305821	
14	1.5231348	
15	1.3059619	
16	1.1203156	
17	1.1921246	
18	1.162519	
19	0.92741169	
20	0.79286182	
21	0.89025434	
22	0.80405365	
23	0.76185343	
24	0.73620722	
25	0.6577452	
26	0.64446582	
27	0.64094368	
28	0.63367626	
29	0.62678108	
30	0.6214312	
31	0.71293007	
32	0.62086481	
33	0.60874931	
34	0.60799602	
35	0.60755514	
36	0.60716806	
37	0.60661806	
38	0.60424281	
39	0.60043305	
40	0.59638087	
41	0.59226753	
42	0.59229055	
43	0.59222475	
44	0.59214005	
45	0.5921667	
50	0.59192063	
55	0.59085839	
60	0.59089717	
65	0.59088858	
70	0.59089237	
75	0.59089618	
80	0.5909	
85	0.5909038	


ord=1
wave=450 nm
zenith, km	60	
Stoks:	    0.78709516	    0.29987192	    0.40058713	             0	
enhancement factor
0	2.0049487	1.9574954	1.9590384	0	
0.05	2.0391636	1.9964708	1.9992615	0	
0.1	2.0348755	1.9960151	1.9993019	0	
0.15	2.0314514	1.9955739	1.9993371	0	
0.2	2.0286606	1.9954719	1.9993534	0	
0.25	2.0263327	1.9954614	1.9994666	0	
0.3	2.0242524	1.9955363	1.9994061	0	
0.35	2.022422	1.9955956	1.9992936	0	
0.4	2.0209413	1.995661	1.9991485	0	
0.45	2.0196046	1.9956819	1.9991102	0	
0.5	2.018287	1.9959081	1.999192	0	
0.55	2.0169658	1.9959564	1.9991924	0	
0.6	2.0160574	1.9959628	1.9991707	0	
0.65	2.0151232	1.9958955	1.9990785	0	
0.7	2.014127	1.9959765	1.9989747	0	
0.75	2.0132956	1.996103	1.9989879	0	
0.8	2.0125092	1.9961953	1.999023	0	
0.85	2.0117308	1.9961763	1.9989787	0	
0.9	2.0111911	1.9961713	1.9988914	0	
0.95	2.0106123	1.9962015	1.9988585	0	
1	2.0097383	1.9963819	1.9988336	0	
1.1	2.0087937	1.996513	1.9987309	0	
1.2	2.0079732	1.9965995	1.9986957	0	
1.3	2.0073357	1.9966948	1.9986637	0	
1.4	2.0066953	1.9967534	1.99865	0	
1.5	2.0060995	1.9967707	1.9985382	0	
1.6	2.0055634	1.9967431	1.9984254	0	
1.7	2.0050303	1.996789	1.9983972	0	
1.8	2.0046511	1.9967599	1.9983532	0	
1.9	2.0042392	1.996744	1.9982968	0	
2	2.0037485	1.9967229	1.9982372	0	
2.2	2.0031051	1.9967166	1.9980639	0	
2.4	2.002564	1.9966493	1.9979176	0	
2.6	2.0021685	1.9966244	1.9978055	0	
2.8	2.0017783	1.9965783	1.9976407	0	
3	2.0014387	1.9964621	1.997503	0	
3.2	2.0011824	1.9963638	1.9974708	0	
3.3	2.0010441	1.996324	1.99744	0	
3.4	2.0007596	1.9962791	1.9973883	0	
3.6	2.0004651	1.996169	1.9972695	0	
3.8	2.0001884	1.9960705	1.997106	0	
4	1.9997997	1.9959425	1.9968967	0	
4.4	1.9994637	1.9958064	1.9967137	0	
4.5	1.9992133	1.995733	1.9965889	0	
4.8	1.9989348	1.9955712	1.9964313	0	
5	1.998473	1.9953796	1.9961848	0	
5.5	1.9979002	1.9951058	1.9958288	0	
6	1.9973513	1.994849	1.9955013	0	
6.47	1.996347	1.9942173	1.9947867	0	
8	1.9950814	1.9934815	1.9939274	0	
9	1.994101	1.9928524	1.9932497	0	
10	1.9931601	1.9922274	1.9925338	0	
11	1.9922821	1.9915389	1.9917982	0	
12	1.9913395	1.9908707	1.9910404	0	
13	1.9904532	1.9901334	1.9902909	0	
14	1.989584	1.9893828	1.98952	0	
15	1.9887275	1.9886402	1.9887491	0	
16	1.9878666	1.9878723	1.9879639	0	
17	1.9870035	1.9870741	1.987154	0	
18	1.9861233	1.9862728	1.9863414	0	
19	1.9852407	1.9854905	1.9855111	0	
20	1.9843515	1.9846944	1.9846571	0	
21	1.9834706	1.9838494	1.9838402	0	
22	1.9825819	1.9830179	1.9830237	0	
23	1.9816998	1.9821752	1.9821908	0	
24	1.9808118	1.9813462	1.9813576	0	
25	1.979924	1.9804976	1.9804922	0	
26	1.9790417	1.9796294	1.9796321	0	
27	1.9781649	1.9787705	1.9787698	0	
28	1.9772903	1.9779044	1.977903	0	
29	1.9764129	1.977035	1.9770334	0	
30	1.9755313	1.9761637	1.9761614	0	
31	1.974649	1.9752918	1.9752869	0	
32	1.9737713	1.9744175	1.9744125	0	
33	1.9728934	1.9735426	1.9735376	0	
34	1.9720089	1.9726675	1.9726614	0	
35	1.9711186	1.9717977	1.9717862	0	
36	1.9702409	1.9709228	1.9709105	0	
37	1.969364	1.9700474	1.9700352	0	
38	1.9684877	1.9691723	1.96916	0	
39	1.9676121	1.9682976	1.9682853	0	
40	1.9667373	1.9674234	1.9674112	0	
41	1.9658634	1.96655	1.9665378	0	
42	1.9649905	1.9656775	1.9656653	0	
43	1.9641187	1.9648058	1.9647936	0	
44	1.963248	1.9639351	1.9639229	0	
45	1.960644	1.9613303	1.9613182	0	
50	1.9563293	1.9570135	1.9570014	0	
55	1.9520489	1.9527296	1.9527176	0	
60	1.947804	1.9484804	1.9484685	0	
65	1.9435951	1.9442668	1.944255	0	
70	1.9394221	1.9400889	1.9400772	0	
75	1.9352851	1.9359467	1.9359351	0	
80	1.9311836	1.9318401	1.9318286	0	
85	1.9271173	1.9277687	1.9277573	0	


precision, %
wave=450 nm
height, km	60	
0	0.063290581	
0.05	0.054801448	
0.1	0.049482829	
0.15	0.045491024	
0.2	0.042605032	
0.25	0.040920704	
0.3	0.039366561	
0.35	0.038537945	
0.4	0.037975249	
0.45	0.03615408	
0.5	0.034756715	
0.55	0.033511659	
0.6	0.032841994	
0.65	0.032423042	
0.7	0.031615214	
0.75	0.031270657	
0.8	0.030367723	
0.85	0.029828047	
0.9	0.029303084	
0.95	0.028433033	
1	0.026990005	
1.1	0.025649462	
1.2	0.024646382	
1.3	0.023911516	
1.4	0.022970193	
1.5	0.02249337	
1.6	0.022285194	
1.7	0.021914697	
1.8	0.021522676	
1.9	0.02140129	
2	0.021045289	
2.2	0.021054232	
2.4	0.020734696	
2.6	0.020641429	
2.8	0.020514417	
3	0.020436844	
3.2	0.020254502	
3.3	0.02024458	
3.4	0.020131796	
3.6	0.020105055	
3.8	0.020069387	
4	0.019928067	
4.4	0.0197334	
4.5	0.019721417	
4.8	0.019644196	
5	0.019427644	
5.5	0.01932945	
6	0.019185686	
6.47	0.0187241	
8	0.018446745	
9	0.018338473	
10	0.018225272	
11	0.018229863	
12	0.018069694	
13	0.017977318	
14	0.017925465	
15	0.017898467	
16	0.017922737	
17	0.017876229	
18	0.017853278	
19	0.017737843	
20	0.017653017	
21	0.017658891	
22	0.017698578	
23	0.017704663	
24	0.017650169	
25	0.017611548	
26	0.01758677	
27	0.017600248	
28	0.017603627	
29	0.017597709	
30	0.017590484	
31	0.017593687	
32	0.017593589	
33	0.017593459	
34	0.017562612	
35	0.017590543	
36	0.01759102	
37	0.017590983	
38	0.017590955	
39	0.017590934	
40	0.017590921	
41	0.017590914	
42	0.017590912	
43	0.017590914	
44	0.01759092	
45	0.017590964	
50	0.017591064	
55	0.0175912	
60	0.017591355	
65	0.017591522	
70	0.017591694	
75	0.017591869	
80	0.017592045	
85	0.017592221	


-------------------------------------------------
tet=60  fi=180
	60	
450	0.026691842	

	60	
450	33.351755	

	60	
450	0.64651902	



ord=1
	60	
450	38.805925	

	60	
450	53.399334	

	60	
450	0.021287247	

enhancement factor
ord=0
wave=450 nm
zenith, km	60	
Stoks:	     1.6770979	   -0.55934159	  0.0031365141	   6.14803e-06	
enhancement factor
0	2.1173318	1.9453274	1.9738709	53.807673	
0.05	2.2317976	1.9684	3.4971988	43.567104	
0.1	2.2949977	1.9464537	5.3272048	46.846436	
0.15	2.3182108	1.9492182	6.3034477	-6.3438197	
0.2	2.3631094	1.9245361	7.807004	-47.273426	
0.25	2.3808418	1.9221508	6.3678737	-85.263367	
0.3	2.3940512	1.9206692	5.2480288	-52.100651	
0.35	2.4406051	1.9092588	9.0550797	-89.764158	
0.4	2.4434487	1.9037029	8.0798524	8.1151105	
0.45	2.4532159	1.8877558	10.109345	-78.464768	
0.5	2.4575223	1.8877324	9.5195575	-5.4662441	
0.55	2.4889369	1.8799377	12.369564	5.0129243	
0.6	2.5082431	1.8659549	7.0757982	156.99713	
0.65	2.5532655	1.8427182	6.0934538	106.34571	
0.7	2.5586109	1.8338366	5.4773403	-88.769413	
0.75	2.5652448	1.8563569	3.6537734	-19.865521	
0.8	2.5838649	1.8430753	6.4144278	270.7998	
0.85	2.6182935	1.8205996	2.3803241	214.21349	
0.9	2.6158093	1.8136691	4.9528541	367.47552	
0.95	2.5769468	1.8494068	4.7562687	-72.894358	
1	2.5864419	1.8152817	7.6093774	-82.517919	
1.1	2.6292054	1.8174488	5.2212004	-274.09211	
1.2	2.6297784	1.8301907	3.8634183	-146.46584	
1.3	2.6526945	1.8219111	4.4121297	-291.18443	
1.4	2.6521623	1.8269863	4.8249046	-215.41667	
1.5	2.6542334	1.8476889	3.7773485	-254.01205	
1.6	2.6299055	1.8738758	5.9700791	20.160641	
1.7	2.6335601	1.841286	4.5488504	21.708495	
1.8	2.6666463	1.8347048	7.67406	35.320852	
1.9	2.6346227	1.838372	2.1771909	-110.42455	
2	2.6570242	1.8295951	4.6318372	-58.308726	
2.2	2.6394375	1.8108869	9.6118578	-66.153774	
2.4	2.6594384	1.8226814	9.400317	-117.44624	
2.6	2.6713754	1.8058626	10.714127	-207.60214	
2.8	2.6639568	1.8132502	13.785421	169.79794	
3	2.6591616	1.8513165	14.611168	181.54073	
3.2	2.6717256	1.8487715	11.903349	254.04039	
3.3	2.683577	1.8609702	12.271541	256.84088	
3.4	2.6820396	1.8528121	9.1799809	294.11093	
3.6	2.6766628	1.811241	0.19975457	-190.74435	
3.8	2.717283	1.7971913	2.8753737	-382.64078	
4	2.6811872	1.8248246	3.8770646	-13.996818	
4.4	2.6565453	1.8488962	4.2948655	218.13034	
4.5	2.6697653	1.829579	5.146442	182.51963	
4.8	2.6758801	1.7983214	1.3498431	-134.37015	
5	2.6793788	1.7998317	-12.752251	-58.163191	
5.5	2.6470727	1.8704573	-4.4554834	35.864122	
6	2.6745455	1.883036	-5.9639648	-387.19664	
6.47	2.6258354	1.9004268	-21.518431	20.497352	
8	2.5596925	1.8977292	-8.2189475	213.99546	
9	2.496528	1.8441542	-19.343934	2.1581809	
10	2.4332968	1.8447517	-12.330752	22.148854	
11	2.3926562	1.8521935	-5.0836922	195.57304	
12	2.3568866	1.8488503	-8.4443738	-11.850716	
13	2.3495463	1.8194009	-13.50673	-157.84706	
14	2.2921965	1.907442	-3.3803443	-98.809524	
15	2.2390197	1.9251285	2.435646	-80.854286	
16	2.1911452	1.9302072	8.4149508	23.670053	
17	2.1650124	1.9267841	5.9802914	-77.643209	
18	2.1527069	1.9336495	5.3070319	11.017447	
19	2.1108552	1.9649711	4.349273	-18.528525	
20	2.0858662	1.9788947	5.2189722	-60.478545	
21	2.0718348	1.9722114	4.4925935	-59.155311	
22	2.0616949	1.9758514	4.3116784	-60.316726	
23	2.0506021	1.9765488	3.0689564	-49.557381	
24	2.041452	1.9778532	2.8441803	-55.975581	
25	2.0266015	1.9801183	2.9256068	-58.418139	
26	2.0212489	1.980476	2.9888129	-50.451399	
27	2.0181566	1.980837	2.6032369	-50.966381	
28	2.0093973	1.9810555	1.4102725	-28.077622	
29	2.0021481	1.9854049	1.2645207	-17.297076	
30	1.998032	1.9849167	1.1245254	-20.739845	
31	1.9964618	1.9769086	0.85611198	-29.20657	
32	1.9912757	1.9796441	1.2063555	-28.871699	
33	1.9860618	1.9777301	1.4630223	-5.0567593	
34	1.9842129	1.9767214	1.4895329	-3.3388131	
35	1.9827319	1.9756114	1.5111611	-2.4802968	
36	1.9816498	1.9748502	1.5137965	-2.7936316	
37	1.9801891	1.9741151	1.553615	-2.6642618	
38	1.9770799	1.9723812	1.609262	-3.5972317	
39	1.9746735	1.9701359	1.7002349	-5.9803657	
40	1.9730803	1.9704011	1.7458283	-3.407746	
41	1.9710584	1.9716324	1.7363949	0.3244963	
42	1.9701433	1.9707441	1.7346331	0.38606475	
43	1.9692456	1.9699556	1.7367147	-0.021015484	
44	1.9683608	1.9691601	1.7412447	-0.38968742	
45	1.9654001	1.9664109	1.8441392	-0.20784228	
50	1.9608912	1.9621744	1.8946283	-0.92973723	
55	1.9564554	1.9578027	1.8918447	-2.0686227	
60	1.9520599	1.9536001	1.9045875	-0.095499864	
65	1.947776	1.9493373	1.914943	0.86663332	
70	1.9435689	1.9451192	1.9110247	0.87098858	
75	1.9393981	1.9409371	1.907139	0.87526737	
80	1.9352632	1.9367908	1.9032854	0.87947127	
85	1.9311641	1.9326802	1.8994635	0.8836018	


precision, %
wave=450 nm
height, km	60	
0	0.69177827	
0.05	0.75422176	
0.1	0.91774261	
0.15	0.84539834	
0.2	1.154456	
0.25	0.94334788	
0.3	0.86051443	
0.35	0.92284935	
0.4	0.97925071	
0.45	0.94319731	
0.5	0.91263189	
0.55	0.94705109	
0.6	1.0273524	
0.65	1.1082217	
0.7	1.060315	
0.75	1.0910642	
0.8	1.2112922	
0.85	1.3009724	
0.9	1.2330802	
0.95	1.0575963	
1	1.0213796	
1.1	1.1433058	
1.2	1.0496127	
1.3	1.1948026	
1.4	1.1612835	
1.5	1.1520372	
1.6	1.0888671	
1.7	1.1196037	
1.8	1.3941865	
1.9	1.2302286	
2	1.2443841	
2.2	1.0905204	
2.4	1.0618013	
2.6	1.1305793	
2.8	1.1309895	
3	1.2958769	
3.2	1.399672	
3.3	1.3721301	
3.4	1.3014383	
3.6	1.3637314	
3.8	1.8287433	
4	1.3868439	
4.4	1.3157951	
4.5	1.2949863	
4.8	1.4336121	
5	1.5536186	
5.5	1.3174966	
6	1.8002577	
6.47	1.6994949	
8	1.5101987	
9	1.5894715	
10	1.3943012	
11	1.5989351	
12	1.6073631	
13	1.9366029	
14	1.8323089	
15	1.433964	
16	1.1244743	
17	1.3176688	
18	1.4152656	
19	1.0788228	
20	0.85402635	
21	0.83407079	
22	0.79998187	
23	0.76215129	
24	0.74276378	
25	0.71391344	
26	0.70934747	
27	0.70934569	
28	0.69455269	
29	0.68904245	
30	0.68498633	
31	0.68735802	
32	0.66785117	
33	0.6578789	
34	0.65803353	
35	0.6576781	
36	0.6572651	
37	0.65523709	
38	0.65298278	
39	0.65359879	
40	0.65045182	
41	0.64705192	
42	0.64705911	
43	0.64699135	
44	0.64694839	
45	0.64697721	
50	0.6468433	
55	0.6460767	
60	0.64604925	
65	0.64597539	
70	0.64597784	
75	0.64598046	
80	0.64598318	
85	0.64598593	


ord=1
wave=450 nm
zenith, km	60	
Stoks:	    0.65081335	      -0.34753	 0.00033079297	             0	
enhancement factor
0	2.0334664	1.9541801	5.5817839	0	
0.05	2.0664811	1.9949789	5.9479319	0	
0.1	2.061307	1.9952887	6.052082	0	
0.15	2.0571787	1.9955882	6.1492242	0	
0.2	2.0538163	1.9955967	6.2226917	0	
0.25	2.0510133	1.995528	6.4124099	0	
0.3	2.0485104	1.995387	6.3913256	0	
0.35	2.0463101	1.9952612	6.3065282	0	
0.4	2.0445332	1.9951315	6.1816998	0	
0.45	2.0429302	1.995042	6.1854521	0	
0.5	2.0413503	1.9947767	6.333741	0	
0.55	2.0397664	1.9946661	6.3830963	0	
0.6	2.0386817	1.9945926	6.4049637	0	
0.65	2.0375661	1.9945837	6.3413134	0	
0.7	2.0363762	1.994448	6.2629822	0	
0.75	2.0353855	1.9942741	6.3258163	0	
0.8	2.0344494	1.9941308	6.4146229	0	
0.85	2.033523	1.9940841	6.4070029	0	
0.9	2.0328854	1.9940258	6.3472526	0	
0.95	2.0322006	1.9939381	6.3528342	0	
1	2.0311671	1.9936917	6.3902498	0	
1.1	2.0300565	1.9934592	6.3553645	0	
1.2	2.0290961	1.9932677	6.4007378	0	
1.3	2.0283574	1.9930709	6.4489113	0	
1.4	2.027616	1.9929076	6.518522	0	
1.5	2.0269293	1.9927819	6.4690042	0	
1.6	2.0263159	1.9926962	6.4178864	0	
1.7	2.025706	1.9925487	6.4682808	0	
1.8	2.025282	1.9924667	6.4991671	0	
1.9	2.0248192	1.9923744	6.5146862	0	
2	2.0242793	1.992235	6.5673875	0	
2.2	2.0235735	1.9920322	6.5237664	0	
2.4	2.0229929	1.9918837	6.5124151	0	
2.6	2.0225895	1.9917002	6.5417982	0	
2.8	2.0221937	1.9915357	6.5079061	0	
3	2.02186	1.991432	6.5068194	0	
3.2	2.0216082	1.9913643	6.5917052	0	
3.3	2.02148	1.9912972	6.6370407	0	
3.4	2.0165691	1.9930937	5.5449906	0	
3.6	2.0017799	1.9989765	1.948159	0	
3.8	2.0015278	1.9988581	1.9171834	0	
4	2.0011835	1.9986637	1.914524	0	
4.4	2.0008824	1.9985269	1.9024547	0	
4.5	2.0006648	1.9983867	1.9192053	0	
4.8	2.000435	1.9982712	1.9387177	0	
5	2.0000285	1.9980799	1.935636	0	
5.5	1.999555	1.997807	1.9270733	0	
6	1.9991064	1.9975352	1.940885	0	
6.47	1.9983357	1.9970547	1.9261263	0	
8	1.9973802	1.9964256	1.9488561	0	
9	1.9966426	1.9959455	1.9785856	0	
10	1.9959425	1.9954264	1.9768803	0	
11	1.9953043	1.9949163	1.9698398	0	
12	1.9945741	1.9943525	1.9494885	0	
13	1.9938931	1.9938063	1.9534788	0	
14	1.9932143	1.9932273	1.9475049	0	
15	1.992533	1.992597	1.956921	0	
16	1.9918292	1.991947	1.9642505	0	
17	1.9911074	1.9912863	1.9548173	0	
18	1.9903524	1.9905982	1.9525547	0	
19	1.9895845	1.9898698	1.9382116	0	
20	1.9887979	1.9891278	1.90431	0	
21	1.9880092	1.9883998	1.9240485	0	
22	1.9872006	1.9876374	1.9516324	0	
23	1.9863903	1.9868627	1.9669212	0	
24	1.9855647	1.9860573	1.9879592	0	
25	1.984732	1.9852518	1.9770349	0	
26	1.9838975	1.9844472	1.9771583	0	
27	1.9830631	1.9836204	1.9787439	0	
28	1.9822255	1.9827886	1.9783974	0	
29	1.9813798	1.9819508	1.9772892	0	
30	1.9805245	1.9811063	1.9756041	0	
31	1.9796641	1.9802544	1.9730736	0	
32	1.9788051	1.9793983	1.9721838	0	
33	1.9779432	1.978539	1.9712937	0	
34	1.9770709	1.9776771	1.9691526	0	
35	1.9761898	1.9768084	1.9687084	0	
36	1.9753207	1.9759409	1.9676317	0	
37	1.9744504	1.9750719	1.9667507	0	
38	1.9735789	1.9742014	1.9658713	0	
39	1.9727065	1.9733298	1.9649934	0	
40	1.9718335	1.9724575	1.9641172	0	
41	1.9709603	1.9715847	1.9632425	0	
42	1.9700871	1.9707118	1.9623695	0	
43	1.9692141	1.9698389	1.9614979	0	
44	1.9683413	1.9689661	1.960628	0	
45	1.9657263	1.9663504	1.9580291	0	
50	1.9613881	1.9620101	1.9537258	0	
55	1.9570771	1.9576959	1.9494608	0	
60	1.9527977	1.9534126	1.9452334	0	
65	1.9485521	1.9491627	1.9410431	0	
70	1.9443413	1.9449474	1.9368895	0	
75	1.9401659	1.9407673	1.932772	0	
80	1.936026	1.9366228	1.9286901	0	
85	1.9319216	1.9325137	1.9246433	0	


precision, %
wave=450 nm
height, km	60	
0	0.075396386	
0.05	0.06532787	
0.1	0.059008753	
0.15	0.054256467	
0.2	0.050822078	
0.25	0.048812864	
0.3	0.046965949	
0.35	0.045985878	
0.4	0.045320434	
0.45	0.043150598	
0.5	0.041484836	
0.55	0.039998084	
0.6	0.039199437	
0.65	0.038698196	
0.7	0.037732899	
0.75	0.037321727	
0.8	0.036245257	
0.85	0.035601256	
0.9	0.034975451	
0.95	0.033935523	
1	0.032211571	
1.1	0.03061133	
1.2	0.029414868	
1.3	0.028539251	
1.4	0.027415451	
1.5	0.02684798	
1.6	0.026599068	
1.7	0.026160036	
1.8	0.025690868	
1.9	0.025543098	
2	0.02511754	
2.2	0.025130065	
2.4	0.02474895	
2.6	0.024638138	
2.8	0.024486085	
3	0.024392129	
3.2	0.024175373	
3.3	0.024164025	
3.4	0.024085685	
3.6	0.024227857	
3.8	0.024187049	
4	0.024020608	
4.4	0.023788292	
4.5	0.023771645	
4.8	0.02367851	
5	0.023418004	
5.5	0.023297416	
6	0.023123386	
6.47	0.022568889	
8	0.022236208	
9	0.022106511	
10	0.021968944	
11	0.021972665	
12	0.021782752	
13	0.021670354	
14	0.021605658	
15	0.021572275	
16	0.021599715	
17	0.021542665	
18	0.021514386	
19	0.02137913	
20	0.021280032	
21	0.02128674	
22	0.021333379	
23	0.021339365	
24	0.021275264	
25	0.021230008	
26	0.021199408	
27	0.021214857	
28	0.021218396	
29	0.021211098	
30	0.021202352	
31	0.021205902	
32	0.021205547	
33	0.021205187	
34	0.021169231	
35	0.021202863	
36	0.021203271	
37	0.02120312	
38	0.021202999	
39	0.021202905	
40	0.021202834	
41	0.021202783	
42	0.021202748	
43	0.021202729	
44	0.021202724	
45	0.02120279	
50	0.021202991	
55	0.021203314	
60	0.021203706	
65	0.021204137	
70	0.021204591	
75	0.021205056	
80	0.021205526	
85	0.021205996	


