RT Model MCC++	 O.Postylyakov	ver.72
MixedSimC<atmos::StoksC,MCSimC<atmos::StoksC,MCWMethodC<atmos::StoksC,SphericalGeomT>>,SSSimC<atmos::StoksC,MCSimC<atmos::StoksC,MSSMethodC<atmos::StoksC,SphericalGeomT,1000>>>>	ps::cLCG2C	Density: double	AMFs: Yes	ORDERS_ACCOUNT: ATM_COLLGS_ORDERS
photons passed	base/max expendeture	EPS-breakes	MaxCollgs-Breaks	MinPhWgt-Breaks	average colligions
20000	0.00907113/0.0126854	0	0	0	2.5975	
SpecialSamplingCollgs	ForceCollgSimul	EPS	ssEPS	MaxCollgs	MinPhWgt	BaseMod	
1	0	0.001	1e-12	500	1e-300	0	
Albedo	time	IY
0.05	0.0287333	{ 1940920497 441684726 ; 40014 40692 2147483563 2147483399 }	
 -6370.99	 -6370.99	 -5791.81	 -5212.63	 -4633.45	 -4054.27	 -3475.09	  -2895.9	 -2316.72	 -1737.54	 -1158.36	 -579.181	-9.09495e-13	  12.8571	  25.7143	  38.5714	  51.4286	  64.2857	  77.1429	       90	
        0	        0	0.0080361	 0.024108	 0.040179	 0.056251	 0.072322	 0.088394	  0.10447	  0.12054	  0.13661	  0.15268	  0.16875	0.0039284	0.0039364	0.0039443	0.0039522	0.0039601	 0.003968	 0.003976	
        0	        0	        0	        0	        0	        0	        0	        0	        0	        0	        0	        0	        0	        0	        0	        0	        0	        0	        0	        0	
        0	        0	        0	        0	        0	        0	        0	        0	        0	        0	        0	        0	        0	        0	        0	        0	        0	        0	        0	        0	

-------------------------------------------------
tet=20  fi=0
	60	
450	0.042043	

	60	
450	12.071	

	60	
450	0.4184	



ord=1
	60	
450	62.12	

	60	
450	13.683	

	60	
450	0.0054161	

enhancement factor
ord=0
wave=450 nm
zenith, km	60	
Stoks:	     2.6416374	   -0.31886922	  0.0029326745	-0.00012669218	
enhancement factor
0	1.1042377	1.0327144	0.98539132	3.1614351	
0.05	1.1593285	1.0924416	1.1820868	1.8629861	
0.1	1.191041	1.1120548	-0.30116587	3.7014491	
0.15	1.2230045	1.0906076	0.64473406	6.3148107	
0.2	1.2555312	1.1089538	-6.7263417	3.431412	
0.25	1.2900783	1.1575118	-1.7943001	3.520674	
0.3	1.318993	1.1580185	-0.33539132	2.2239976	
0.35	1.3265829	1.1317307	-0.5169628	3.6926724	
0.4	1.3521779	1.1415011	0.0084938009	5.4882513	
0.45	1.3768866	1.172977	3.3840531	4.0425648	
0.5	1.4021729	1.2048662	5.6923474	1.6356146	
0.55	1.4246412	1.2191773	2.7558645	2.4982592	
0.6	1.4445877	1.2377724	-0.68015625	-3.9344623	
0.65	1.4618739	1.2386019	0.84746634	-0.96421469	
0.7	1.4873211	1.2200746	6.3550122	-5.8526718	
0.75	1.5100806	1.2425797	10.048401	-3.0855932	
0.8	1.5234973	1.2639836	2.9783932	0.13422761	
0.85	1.5495238	1.2540099	3.9457325	1.290165	
0.9	1.5679052	1.3037146	4.572565	3.8687058	
0.95	1.5956952	1.3024401	-3.7885169	-0.49762227	
1	1.6129018	1.2921956	3.3033276	2.9950829	
1.1	1.6350985	1.3045727	6.4389709	-1.1025349	
1.2	1.6632338	1.3280136	6.3774538	3.630502	
1.3	1.6818346	1.3507209	4.661887	3.1360456	
1.4	1.7067975	1.3759433	7.1479551	5.8300209	
1.5	1.7424843	1.3589579	-2.1639104	-1.5531561	
1.6	1.7556466	1.3976254	2.5255628	-4.2071081	
1.7	1.7946787	1.4113044	0.089366329	-8.5912744	
1.8	1.804005	1.3755488	-2.5253729	-4.7432287	
1.9	1.8142678	1.4523053	-2.5889271	-1.9359339	
2	1.8386648	1.4938111	1.3018969	-4.6619922	
2.2	1.8748947	1.5227659	1.3679521	-1.1744276	
2.4	1.9072982	1.543942	0.5080415	0.55537367	
2.6	1.9429036	1.5105953	7.7964258	3.0701651	
2.8	1.9623646	1.5528226	15.067293	-6.6898307	
3	1.9899094	1.6500341	10.361662	-1.4753645	
3.2	2.0179487	1.6298817	11.823046	3.6675531	
3.3	2.0403641	1.6334443	15.879609	6.4813769	
3.4	2.0390672	1.6658454	11.268737	-0.24856211	
3.6	2.0465586	1.7188606	2.0383025	-3.5601691	
3.8	2.077174	1.7317537	5.7393717	-4.3125857	
4	2.1006539	1.713552	5.7719248	-0.50940907	
4.4	2.0930625	1.7044283	2.4918472	4.5232274	
4.5	2.1073507	1.6588199	2.0732121	4.3038597	
4.8	2.1126282	1.6911254	1.1113524	13.170438	
5	2.1128869	1.7064206	-6.8618051	16.619866	
5.5	2.1312359	1.711365	-6.8913509	21.425353	
6	2.1543497	1.674466	2.8417711	25.674278	
6.47	2.1606058	1.8489225	9.8760048	18.285477	
8	2.178669	1.9567199	-10.206087	33.701881	
9	2.1450714	1.8202123	-9.896998	23.850363	
10	2.1425193	1.8720474	-11.171515	20.675203	
11	2.1362139	1.7065763	-4.3895208	9.8872861	
12	2.1372315	1.9167118	-8.399273	11.553938	
13	2.1144318	1.8771553	-4.6662816	15.725751	
14	2.1023146	1.9196099	-11.349294	19.727716	
15	2.1059716	1.8222455	-4.1888834	8.0695628	
16	2.0770215	1.8858904	-0.56924791	6.9598748	
17	2.0536523	1.8769508	0.49419041	4.2345225	
18	2.0356212	1.9275711	-0.82370789	4.4784938	
19	2.0354386	2.0025519	-2.8915445	4.9827399	
20	2.0204382	1.9633549	-0.077975886	5.1233075	
21	2.0181565	1.9623109	-0.49696724	5.9634183	
22	2.0083972	1.9792733	-0.76163502	4.3930572	
23	2.0084478	1.9824531	-2.1355766	3.7898324	
24	2.0006513	1.9774815	-0.8470804	2.347309	
25	1.9945067	1.9795597	0.74857829	1.8478083	
26	1.9919367	1.9375479	-0.015752085	1.8957032	
27	1.9854357	1.948756	1.4275253	1.6919486	
28	1.9881186	1.9974458	3.7103083	1.6996118	
29	1.9809269	1.962175	1.9993256	1.5644719	
30	1.9790334	1.9577998	1.7524432	1.5039254	
31	1.9778831	1.9578929	1.8451373	1.3898556	
32	1.9764669	1.9611036	1.7463674	1.2341064	
33	1.9748212	1.9646958	1.6627991	1.0107149	
34	1.9738008	1.9661686	1.79876	1.2678675	
35	1.9729639	1.9659464	1.7310021	1.1742115	
36	1.9719161	1.9646641	1.7376868	1.3116074	
37	1.970725	1.9615363	1.7216665	1.0492204	
38	1.9697598	1.9609398	1.6937187	1.0989598	
39	1.9686764	1.9600031	1.5688488	1.159527	
40	1.9678248	1.9593412	1.5902806	1.1034341	
41	1.9667822	1.9579334	1.7102382	1.0028209	
42	1.9651572	1.9594004	1.4450672	1.5926841	
43	1.9642325	1.9591421	1.4288962	1.6525385	
44	1.9634024	1.9583931	1.4304286	1.6566457	
45	1.9608603	1.9561307	1.4416099	1.6675045	
50	1.9558366	1.9553213	1.7956623	2.0396097	
55	1.9512918	1.9523451	1.948416	2.0200797	
60	1.9470434	1.9482183	1.95434	1.9851328	
65	1.9428636	1.9440273	1.9460598	1.9815327	
70	1.9387129	1.9398544	1.9374577	1.9780571	
75	1.9345853	1.9357226	1.9333441	1.9735889	
80	1.9305261	1.931648	1.9318423	1.9717807	
85	1.9264676	1.9275811	1.9279299	1.9675285	


precision, %
wave=450 nm
height, km	60	
0	0.4758026	
0.05	0.52520814	
0.1	0.57126178	
0.15	0.60311035	
0.2	0.78967146	
0.25	0.84673277	
0.3	0.9043218	
0.35	0.62381345	
0.4	0.63279177	
0.45	0.6297877	
0.5	0.71001868	
0.55	0.73885764	
0.6	0.7254709	
0.65	0.71053838	
0.7	0.73512921	
0.75	0.81745611	
0.8	0.77639711	
0.85	0.80611598	
0.9	0.7234274	
0.95	0.93892697	
1	0.72659156	
1.1	0.73313572	
1.2	0.750617	
1.3	0.71905031	
1.4	0.72653423	
1.5	0.9116965	
1.6	0.73037423	
1.7	0.9258335	
1.8	0.75055153	
1.9	0.69218199	
2	0.72642311	
2.2	0.73460966	
2.4	0.72407252	
2.6	0.8512317	
2.8	0.83512576	
3	0.81806157	
3.2	0.88077628	
3.3	0.96566903	
3.4	0.90072228	
3.6	0.86232953	
3.8	0.86992702	
4	0.88908689	
4.4	0.86054894	
4.5	0.84994656	
4.8	0.86845945	
5	0.82174336	
5.5	0.93981941	
6	1.0554372	
6.47	0.81420347	
8	1.152641	
9	0.9454632	
10	0.92232859	
11	1.3153211	
12	0.94345758	
13	0.8103378	
14	0.87667144	
15	1.1152048	
16	0.72900658	
17	0.61214961	
18	0.53987807	
19	0.67973664	
20	0.51126029	
21	0.61371575	
22	0.49910987	
23	0.55119868	
24	0.51309275	
25	0.47058112	
26	0.48107065	
27	0.43968735	
28	0.50714885	
29	0.4280349	
30	0.42732308	
31	0.4260907	
32	0.42575841	
33	0.42578265	
34	0.42402383	
35	0.42431941	
36	0.42366419	
37	0.42334517	
38	0.42276241	
39	0.42082229	
40	0.42045651	
41	0.41924698	
42	0.41765563	
43	0.41764571	
44	0.41763293	
45	0.41763694	
50	0.4171127	
55	0.41778846	
60	0.41775688	
65	0.41778399	
70	0.41781605	
75	0.41781801	
80	0.41795312	
85	0.41796317	


ord=1
wave=450 nm
zenith, km	60	
Stoks:	     1.6409751	   -0.22454076	-2.5783909e-05	             0	
enhancement factor
0	1.0627215	1.048857	1.6751614	0	
0.05	1.098539	1.0814409	3.7452615	0	
0.1	1.1132674	1.0930411	4.4347457	0	
0.15	1.1278738	1.1045333	4.8186553	0	
0.2	1.1423296	1.1157814	4.331662	0	
0.25	1.1566291	1.1268374	4.1352263	0	
0.3	1.1707782	1.1377457	4.6309552	0	
0.35	1.1847149	1.148403	5.1194184	0	
0.4	1.1984192	1.1590756	6.1280673	0	
0.45	1.211999	1.1696583	5.9822586	0	
0.5	1.2254218	1.1801559	6.1090719	0	
0.55	1.2386396	1.1904133	6.6616543	0	
0.6	1.2516937	1.2005506	6.2734111	0	
0.65	1.2645062	1.2104974	5.7671778	0	
0.7	1.2771326	1.2204132	5.4831025	0	
0.75	1.2895682	1.2301481	5.4783985	0	
0.8	1.3017824	1.23971	5.6811847	0	
0.85	1.3137406	1.2492056	5.3142854	0	
0.9	1.3254809	1.2584239	5.0221955	0	
0.95	1.3370245	1.267477	4.393257	0	
1	1.3538313	1.2807229	4.7062995	0	
1.1	1.3756089	1.2980322	5.2840768	0	
1.2	1.396558	1.3148564	5.0129688	0	
1.3	1.4167144	1.3310979	4.7666462	0	
1.4	1.4360866	1.3468974	4.8438487	0	
1.5	1.4546682	1.3620874	5.1175661	0	
1.6	1.4724734	1.3767763	5.3498723	0	
1.7	1.4895325	1.3910522	5.6570968	0	
1.8	1.5058878	1.4048237	5.8547376	0	
1.9	1.5215039	1.4181552	5.9938213	0	
2	1.5434204	1.4371333	6.1104619	0	
2.2	1.5707712	1.4612172	5.9934265	0	
2.4	1.5957668	1.4836487	5.3511049	0	
2.6	1.6185704	1.5045859	5.1617879	0	
2.8	1.6393609	1.5241218	5.0907403	0	
3	1.6583223	1.542363	5.1230067	0	
3.2	1.6715988	1.555392	5.1017206	0	
3.3	1.6798647	1.5636559	4.9656649	0	
3.4	1.6914731	1.5755172	5.0372147	0	
3.6	1.7059646	1.5905976	5.1782549	0	
3.8	1.719243	1.6048268	5.2810939	0	
4	1.7368342	1.6244855	5.0239724	0	
4.4	1.7505924	1.6401972	4.9523921	0	
4.5	1.76012	1.6516536	4.7167917	0	
4.8	1.7713401	1.6654559	4.147878	0	
5	1.7849416	1.6830674	3.9345876	0	
5.5	1.8022231	1.706381	3.9678998	0	
6	1.8166223	1.7269499	3.6838921	0	
6.47	1.8407307	1.7634048	3.267849	0	
8	1.8674366	1.8051925	2.754966	0	
9	1.8841183	1.8327507	3.1796002	0	
10	1.8982892	1.8556597	3.0560199	0	
11	1.9101467	1.8744376	2.7663734	0	
12	1.9200059	1.8906106	2.6255168	0	
13	1.9284384	1.9044127	2.4824678	0	
14	1.9357251	1.9160279	2.3712227	0	
15	1.9420395	1.9257396	2.344302	0	
16	1.9475049	1.9338339	2.3736309	0	
17	1.9522667	1.9405681	2.2540355	0	
18	1.9563984	1.9462224	2.1126237	0	
19	1.9598942	1.9510589	2.091541	0	
20	1.9627633	1.9551377	1.979917	0	
21	1.9650575	1.9584952	1.9392443	0	
22	1.9668625	1.9612229	1.9650741	0	
23	1.9682471	1.9634299	1.9214554	0	
24	1.9692891	1.9651822	1.8880892	0	
25	1.9700372	1.9665548	1.9007545	0	
26	1.9705276	1.9675857	1.9658222	0	
27	1.9707974	1.968326	1.9099203	0	
28	1.9708918	1.9688249	1.9355869	0	
29	1.9708397	1.9691392	1.8391323	0	
30	1.9706644	1.9692733	1.8320455	0	
31	1.9703745	1.9692496	1.8175672	0	
32	1.9699934	1.9690942	1.8167166	0	
33	1.9695422	1.9688443	1.8158677	0	
34	1.9690333	1.9685164	1.8150202	0	
35	1.9684698	1.9681124	1.8146811	0	
36	1.9678572	1.9676452	1.8575928	0	
37	1.9672062	1.967118	1.8558743	0	
38	1.9665232	1.9665414	1.8410565	0	
39	1.9658136	1.9659224	1.8402112	0	
40	1.9650808	1.9652689	1.8393673	0	
41	1.9643293	1.964587	1.8385248	0	
42	1.9635619	1.9638809	1.8376839	0	
43	1.9627809	1.9631538	1.8368446	0	
44	1.9619886	1.9624086	1.8360067	0	
45	1.9595457	1.9600728	1.9325755	0	
50	1.9554244	1.9560776	1.9524545	0	
55	1.9512474	1.9519686	1.9482045	0	
60	1.9470583	1.9478172	1.9434619	0	
65	1.9428822	1.9436588	1.9392174	0	
70	1.9387291	1.939512	1.9350783	0	
75	1.9346045	1.9353876	1.9309751	0	
80	1.9305116	1.9312916	1.9269073	0	
85	1.9264521	1.9272272	1.9228745	0	


precision, %
wave=450 nm
height, km	60	
0	0.028497019	
0.05	0.024126757	
0.1	0.022328015	
0.15	0.021709036	
0.2	0.021406762	
0.25	0.02084509	
0.3	0.01977674	
0.35	0.018976235	
0.4	0.017982388	
0.45	0.0172349	
0.5	0.016778622	
0.55	0.016008511	
0.6	0.015545596	
0.65	0.01511316	
0.7	0.014746183	
0.75	0.01448987	
0.8	0.014270285	
0.85	0.014004684	
0.9	0.013676154	
0.95	0.013400735	
1	0.013150735	
1.1	0.012804282	
1.2	0.012421519	
1.3	0.012114313	
1.4	0.011805813	
1.5	0.011382847	
1.6	0.010988341	
1.7	0.01068415	
1.8	0.010412982	
1.9	0.010194916	
2	0.0098100781	
2.2	0.0094208128	
2.4	0.0091089791	
2.6	0.0088741136	
2.8	0.0086699218	
3	0.0084503481	
3.2	0.0083319829	
3.3	0.0082233992	
3.4	0.0081142413	
3.6	0.007920116	
3.8	0.0077909437	
4	0.0075783892	
4.4	0.0074264278	
4.5	0.0073734605	
4.8	0.0073296977	
5	0.0072912927	
5.5	0.0071600456	
6	0.0070150967	
6.47	0.0067427552	
8	0.0064470861	
9	0.0062333278	
10	0.0060456631	
11	0.0059056674	
12	0.0058323621	
13	0.0057795536	
14	0.0056727111	
15	0.0056055995	
16	0.0055954805	
17	0.0055480942	
18	0.0055274858	
19	0.0054858558	
20	0.0054496354	
21	0.005445662	
22	0.0054487689	
23	0.0054509418	
24	0.0054457425	
25	0.0054323249	
26	0.0054304629	
27	0.0054253098	
28	0.005420304	
29	0.0054243046	
30	0.0054245171	
31	0.0054294881	
32	0.0054281008	
33	0.0054269104	
34	0.0054258829	
35	0.0054288895	
36	0.0054200627	
37	0.0054146077	
38	0.0054116891	
39	0.0054112308	
40	0.00541084	
41	0.0054105052	
42	0.005410218	
43	0.0054099722	
44	0.005409762	
45	0.0054086317	
50	0.0054077758	
55	0.0054075411	
60	0.0054076892	
65	0.0054077817	
70	0.0054077876	
75	0.0054078145	
80	0.0054078521	
85	0.005407895	


-------------------------------------------------
tet=20  fi=90
	60	
450	0.027157401	

	60	
450	-32.680682	

	60	
450	0.5749446	



ord=1
	60	
450	52.265436	

	60	
450	-40.043629	

	60	
450	0.0099589635	

enhancement factor
ord=0
wave=450 nm
zenith, km	60	
Stoks:	     1.7063499	    0.55764677	   0.059482896	-0.00021709884	
enhancement factor
0	1.1389156	1.0666192	1.013732	0.19400299	
0.05	1.1981102	1.1038696	1.0482763	-0.64857122	
0.1	1.2302691	1.128973	0.96329917	-2.3035775	
0.15	1.2771728	1.1764155	0.92687131	-2.3503548	
0.2	1.3093363	1.2007594	0.71062114	-4.8245213	
0.25	1.3427107	1.2281446	0.78819599	-1.879458	
0.3	1.3711649	1.237061	0.82738877	-4.2979663	
0.35	1.3831862	1.2460469	0.75862307	-4.5560714	
0.4	1.4267643	1.2589061	0.74403171	-5.6249331	
0.45	1.4442643	1.2751013	0.86882478	-6.0888948	
0.5	1.4699428	1.2888634	0.86414848	-7.9977459	
0.55	1.4937057	1.2944679	0.64698675	-8.7637276	
0.6	1.5073289	1.3058711	0.68604215	-9.5066009	
0.65	1.5256915	1.3299727	0.78779975	-6.9983808	
0.7	1.5579522	1.3659519	0.93945377	-8.5324235	
0.75	1.5817444	1.3705426	0.95060378	-8.6028556	
0.8	1.5969857	1.3754297	0.67067376	-5.3134494	
0.85	1.6256474	1.4008374	0.59335319	-7.9417761	
0.9	1.6589308	1.4132676	0.64653474	-7.6807362	
0.95	1.7090679	1.435933	0.081502457	-6.9153372	
1	1.7120417	1.4658782	0.40505056	-8.6581809	
1.1	1.7274577	1.4871017	0.57708436	-10.135999	
1.2	1.7580617	1.5121241	0.65745308	-11.072184	
1.3	1.7766409	1.5075142	0.5416487	-10.42046	
1.4	1.8078388	1.5206646	0.5263924	-10.472337	
1.5	1.8314021	1.5562113	0.34614355	-10.122625	
1.6	1.8548442	1.5873753	0.40217257	-9.5754821	
1.7	1.9122796	1.6068582	0.39068968	-13.819107	
1.8	1.9086557	1.6525162	0.28131393	-10.27281	
1.9	1.9098685	1.6383318	0.21279695	-9.4286169	
2	1.9341811	1.6515152	0.20128693	-7.1331901	
2.2	1.9697867	1.6882278	0.29384405	-5.1876552	
2.4	2.0071858	1.710448	0.15109109	-6.3888726	
2.6	2.0523646	1.7647708	0.39862731	-6.4465509	
2.8	2.070523	1.7794521	0.53246464	-5.1007524	
3	2.0875069	1.7797649	0.51896287	-3.8193184	
3.2	2.1198511	1.7966083	0.61200881	-2.205074	
3.3	2.1583619	1.8293133	0.7429778	0.852285	
3.4	2.1495864	1.8326243	0.61988583	-3.600637	
3.6	2.1529517	1.8088722	0.39879665	-5.6959418	
3.8	2.1908698	1.832712	0.30964942	-8.1427702	
4	2.224415	1.9025883	0.3120538	-9.5626284	
4.4	2.2057952	1.911677	0.20263556	-6.7555238	
4.5	2.230574	1.9407607	0.41476377	-5.8283791	
4.8	2.2454869	1.9712579	0.24379603	4.3685909	
5	2.2327583	1.9703779	-0.011499131	4.4574826	
5.5	2.2446618	1.9529556	-0.054829006	10.901092	
6	2.2843192	2.0370861	0.58529268	12.627131	
6.47	2.2631671	1.9995353	0.75664923	7.2101265	
8	2.279604	1.9909409	-0.023735912	15.583699	
9	2.2327162	2.0490518	0.31271266	9.5033597	
10	2.2318922	2.0741204	0.55043026	6.9651645	
11	2.2173593	2.1106521	1.0033293	3.896061	
12	2.2172028	2.0890161	0.665314	8.2451621	
13	2.1889493	2.104033	0.80437278	7.7795833	
14	2.1895767	2.1033403	0.16060914	11.694205	
15	2.1959202	2.1672683	0.48685235	0.14287523	
16	2.1318121	2.085673	0.83237641	3.1204464	
17	2.1027237	2.0772465	1.0922557	2.4695273	
18	2.0782749	2.0545744	1.2460241	2.8612123	
19	2.0667898	2.0381285	1.2008906	2.1866247	
20	2.0496571	2.0274913	1.4215822	1.7828807	
21	2.0418815	2.02468	1.5358102	1.5357617	
22	2.0288318	2.0088225	1.5421896	2.2081723	
23	2.0267293	2.0053646	1.5258661	1.9558401	
24	2.0161417	2.001957	1.6139888	0.58655126	
25	2.0078226	1.997847	1.7139943	0.52095848	
26	2.0085305	2.012753	1.6426866	0.65473005	
27	1.9977639	2.0001892	1.8065511	0.85848141	
28	1.9939826	1.9850596	1.8373574	0.82022154	
29	1.9897938	1.9894804	1.8687708	0.96202734	
30	1.9877385	1.9898828	1.8753144	0.9682261	
31	1.9863184	1.9889015	1.8810005	0.89281934	
32	1.9843501	1.9862233	1.8743416	0.84921639	
33	1.981855	1.9826566	1.8665608	0.80610279	
34	1.980233	1.9807627	1.8836478	0.81486209	
35	1.9792872	1.9804789	1.8824384	0.77073336	
36	1.9780078	1.9798098	1.8863749	0.88803271	
37	1.9768018	1.9799977	1.886608	0.82355895	
38	1.9756972	1.9789855	1.8879935	0.85549424	
39	1.9743686	1.9778188	1.8874688	0.84561953	
40	1.9734391	1.976908	1.8876307	0.79765347	
41	1.9722357	1.9760198	1.8902464	0.71123232	
42	1.9697701	1.9735087	1.8811305	1.0787154	
43	1.9687008	1.9723483	1.8811678	1.133637	
44	1.9678433	1.9715046	1.8813195	1.1411576	
45	1.9652219	1.9688708	1.8815423	1.1628221	
50	1.9576116	1.9588073	1.9374139	1.8780044	
55	1.9522413	1.9529765	1.9541222	2.0136488	
60	1.9479748	1.9487929	1.9509576	1.98472	
65	1.9438025	1.9446312	1.9468352	1.9802793	
70	1.9396595	1.9404905	1.9426775	1.9758829	
75	1.9355249	1.9363535	1.9385565	1.9714785	
80	1.9314565	1.9323264	1.9340122	1.9591038	
85	1.9273906	1.9282569	1.9299094	1.9543692	


precision, %
wave=450 nm
height, km	60	
0	0.87170312	
0.05	0.90806622	
0.1	0.83970973	
0.15	0.93120178	
0.2	0.96804706	
0.25	0.98900087	
0.3	0.97351396	
0.35	0.86320482	
0.4	1.0590412	
0.45	0.98662093	
0.5	1.0813378	
0.55	1.0571548	
0.6	0.99302414	
0.65	0.98475684	
0.7	1.0045741	
0.75	1.0150401	
0.8	1.0213443	
0.85	1.0999331	
0.9	1.1059258	
0.95	1.9182789	
1	1.1929351	
1.1	1.1141768	
1.2	1.0767938	
1.3	1.0205103	
1.4	1.0466498	
1.5	1.0731384	
1.6	1.0574847	
1.7	1.6839156	
1.8	1.0824051	
1.9	0.92381391	
2	0.9563937	
2.2	1.0022043	
2.4	1.0320325	
2.6	1.1350554	
2.8	1.1403161	
3	1.0016623	
3.2	1.0240195	
3.3	1.2096237	
3.4	1.1891036	
3.6	1.1496116	
3.8	1.1945903	
4	1.2807603	
4.4	1.1545816	
4.5	1.2046778	
4.8	1.4386267	
5	1.1887803	
5.5	1.271414	
6	1.5596884	
6.47	1.1646661	
8	1.5408894	
9	1.3091039	
10	1.2178556	
11	1.6679738	
12	1.3844388	
13	1.1718687	
14	1.6317547	
15	1.9802489	
16	1.0985613	
17	0.95601618	
18	0.86921059	
19	0.8376583	
20	0.75628035	
21	0.76359043	
22	0.70098061	
23	0.71802787	
24	0.68417297	
25	0.66091231	
26	0.77137646	
27	0.65760808	
28	0.64628707	
29	0.63356632	
30	0.6305815	
31	0.6275875	
32	0.62581339	
33	0.62570584	
34	0.62371308	
35	0.62322372	
36	0.62299371	
37	0.62184348	
38	0.62035088	
39	0.61872968	
40	0.61748622	
41	0.61627161	
42	0.61466397	
43	0.61409882	
44	0.61354073	
45	0.61206992	
50	0.57743257	
55	0.573813	
60	0.57406705	
65	0.57415087	
70	0.57424896	
75	0.57425107	
80	0.57424192	
85	0.57424481	


ord=1
wave=450 nm
zenith, km	60	
Stoks:	    0.89183119	    0.35712157	    0.14676205	             0	
enhancement factor
0	1.0721235	1.0477473	1.0478944	0	
0.05	1.1051626	1.0797257	1.0793635	0	
0.1	1.1174681	1.0900416	1.0896741	0	
0.15	1.1297483	1.1002257	1.0999222	0	
0.2	1.1419563	1.1103563	1.110202	0	
0.25	1.1540847	1.1204066	1.120315	0	
0.3	1.1661454	1.1303689	1.1302029	0	
0.35	1.1780264	1.1403164	1.1399941	0	
0.4	1.1896941	1.1500779	1.1495929	0	
0.45	1.2013501	1.1597161	1.159292	0	
0.5	1.212936	1.1692252	1.1688394	0	
0.55	1.2243659	1.1787005	1.1782063	0	
0.6	1.2357173	1.1880642	1.1876313	0	
0.65	1.2468475	1.1973587	1.1969688	0	
0.7	1.257859	1.2064829	1.2061591	0	
0.75	1.2687459	1.2155139	1.2151811	0	
0.8	1.2794559	1.2244136	1.2240258	0	
0.85	1.2899276	1.2330978	1.2328191	0	
0.9	1.3002305	1.2416986	1.241448	0	
0.95	1.3104032	1.2501454	1.2499839	0	
1	1.3252327	1.2625108	1.2622675	0	
1.1	1.3445039	1.2786182	1.2782707	0	
1.2	1.3631169	1.2942638	1.293982	0	
1.3	1.3811205	1.3095226	1.3092558	0	
1.4	1.39851	1.324322	1.324049	0	
1.5	1.4152543	1.3387666	1.3383822	0	
1.6	1.4313609	1.3527704	1.3522845	0	
1.7	1.4468638	1.3662791	1.3657348	0	
1.8	1.4618158	1.3793706	1.3787767	0	
1.9	1.4761259	1.3920257	1.3914138	0	
2	1.496337	1.4101296	1.4095002	0	
2.2	1.5217563	1.433108	1.4325394	0	
2.4	1.5452425	1.4546879	1.4542482	0	
2.6	1.566891	1.4749513	1.4745591	0	
2.8	1.5868346	1.4940153	1.4936329	0	
3	1.6052254	1.5119832	1.5115698	0	
3.2	1.6182267	1.5248626	1.5244402	0	
3.3	1.6264015	1.5330871	1.5326734	0	
3.4	1.6379939	1.5449043	1.5444719	0	
3.6	1.6526029	1.5600536	1.5595672	0	
3.8	1.666171	1.5744058	1.573884	0	
4	1.6845176	1.5943556	1.5938718	0	
4.4	1.6990226	1.6103622	1.6098877	0	
4.5	1.7093292	1.6221189	1.6216929	0	
4.8	1.7215842	1.6363213	1.6360095	0	
5	1.7368862	1.6546026	1.654349	0	
5.5	1.7568092	1.6790447	1.6787888	0	
6	1.7739096	1.7007944	1.7005921	0	
6.47	1.8035348	1.7398141	1.739642	0	
8	1.8370141	1.7847472	1.7846201	0	
9	1.8586139	1.8145497	1.8143365	0	
10	1.8769279	1.8397876	1.8395921	0	
11	1.8922391	1.8608916	1.8607447	0	
12	1.9052026	1.8790929	1.8789503	0	
13	1.9162894	1.8945972	1.8944835	0	
14	1.9257432	1.90771	1.9076156	0	
15	1.9338235	1.9187218	1.9186361	0	
16	1.9406961	1.9279372	1.9278578	0	
17	1.9465656	1.9356915	1.9356321	0	
18	1.9515915	1.9422732	1.9422284	0	
19	1.9558682	1.9478925	1.9478536	0	
20	1.9594403	1.9526391	1.9526218	0	
21	1.9623475	1.9565551	1.9565513	0	
22	1.9646833	1.9597851	1.9597709	0	
23	1.9665223	1.9624114	1.9624022	0	
24	1.967964	1.9645191	1.9645144	0	
25	1.9690593	1.9661896	1.9661833	0	
26	1.9698465	1.9674755	1.9674572	0	
27	1.9703679	1.9684213	1.968417	0	
28	1.9706818	1.9691014	1.9690926	0	
29	1.97082	1.9695586	1.9695704	0	
30	1.970812	1.9698227	1.9698361	0	
31	1.9706633	1.9699055	1.9699227	0	
32	1.9704039	1.9698432	1.9698604	0	
33	1.9700602	1.9696734	1.9696906	0	
34	1.9696468	1.9694149	1.9694321	0	
35	1.9691656	1.9690713	1.9690879	0	
36	1.9686218	1.9686474	1.9686589	0	
37	1.9680309	1.9681598	1.9681725	0	
38	1.9674005	1.9676173	1.9676332	0	
39	1.9667369	1.9670289	1.9670448	0	
40	1.9660441	1.9664014	1.9664173	0	
41	1.9653273	1.9657417	1.9657575	0	
42	1.9645902	1.9650545	1.9650704	0	
43	1.9638355	1.9643434	1.9643593	0	
44	1.9630659	1.9636118	1.9636277	0	
45	1.9606683	1.9612999	1.9612995	0	
50	1.956602	1.9573324	1.9573282	0	
55	1.9524519	1.9532339	1.9532297	0	
60	1.9482724	1.9490831	1.9490792	0	
65	1.9440979	1.9449205	1.9449166	0	
70	1.9399412	1.9407669	1.940763	0	
75	1.9358101	1.9366341	1.9366302	0	
80	1.9317091	1.9325289	1.9325251	0	
85	1.9276408	1.9284551	1.9284513	0	


precision, %
wave=450 nm
height, km	60	
0	0.05195536	
0.05	0.044097025	
0.1	0.040900918	
0.15	0.039848452	
0.2	0.039373556	
0.25	0.038409871	
0.3	0.036504643	
0.35	0.035086156	
0.4	0.033302375	
0.45	0.031965177	
0.5	0.031161274	
0.55	0.029767773	
0.6	0.0289421	
0.65	0.028171722	
0.7	0.027519136	
0.75	0.027069589	
0.8	0.026686061	
0.85	0.026215732	
0.9	0.025625863	
0.95	0.025132724	
1	0.024694506	
1.1	0.024079831	
1.2	0.023390744	
1.3	0.02283972	
1.4	0.022282049	
1.5	0.021503897	
1.6	0.020776072	
1.7	0.020217248	
1.8	0.019716777	
1.9	0.019314642	
2	0.0185957	
2.2	0.017870349	
2.4	0.017288562	
2.6	0.016847467	
2.8	0.016459831	
3	0.016042563	
3.2	0.015816533	
3.3	0.015608724	
3.4	0.015396785	
3.6	0.015022935	
3.8	0.014772376	
4	0.014359039	
4.4	0.014061903	
4.5	0.013952639	
4.8	0.013859296	
5	0.013770824	
5.5	0.013500202	
6	0.013204687	
6.47	0.012648919	
8	0.012046772	
9	0.011616764	
10	0.011240987	
11	0.010959188	
12	0.010805692	
13	0.010692443	
14	0.010483277	
15	0.010349763	
16	0.010323014	
17	0.01022988	
18	0.010187253	
19	0.010108007	
20	0.010041054	
21	0.010031405	
22	0.010033752	
23	0.010034288	
24	0.010022174	
25	0.0099956008	
26	0.0099908886	
27	0.0099807658	
28	0.0099706418	
29	0.0099766259	
30	0.0099761047	
31	0.0099843073	
32	0.0099811361	
33	0.0099783995	
34	0.0099760225	
35	0.0099812424	
36	0.0099643536	
37	0.0099541543	
38	0.0099486895	
39	0.0099476095	
40	0.0099466845	
41	0.0099458885	
42	0.0099452024	
43	0.0099446127	
44	0.009944106	
45	0.0099418802	
50	0.0099400378	
55	0.0099394429	
60	0.0099396444	
65	0.0099397772	
70	0.0099397798	
75	0.0099398365	
80	0.0099399214	
85	0.00994002	


-------------------------------------------------
tet=20  fi=180
	60	
450	0.021343732	

	60	
450	53.328841	

	60	
450	0.664444	



ord=1
	60	
450	46.213507	

	60	
450	72.653674	

	60	
450	0.014327498	

enhancement factor
ord=0
wave=450 nm
zenith, km	60	
Stoks:	     1.3410662	   -0.71517508	 0.00074686773	-0.00021179263	
enhancement factor
0	1.1537095	1.0594363	-1.4809587	1.1119965	
0.05	1.2208797	1.1073384	-0.68825536	0.54709023	
0.1	1.2561035	1.1237176	-5.7063069	1.2199413	
0.15	1.2927237	1.1359393	-2.6491361	1.9314076	
0.2	1.3317581	1.1616957	-19.142164	3.4948064	
0.25	1.3696974	1.1829186	-8.6704324	2.225611	
0.3	1.4094046	1.1968027	2.1285764	1.6516086	
0.35	1.4201724	1.2069049	6.8889527	1.2587719	
0.4	1.4569976	1.2271225	13.629728	-0.52372959	
0.45	1.4827922	1.2424541	24.766545	-1.2382275	
0.5	1.5070662	1.258395	20.902548	-1.2425045	
0.55	1.5252099	1.2725819	1.0598473	0.8032279	
0.6	1.5610742	1.295934	-7.7670825	-0.022377183	
0.65	1.5814386	1.2996223	-2.1375878	1.1995912	
0.7	1.6186039	1.2939702	19.324133	0.48131376	
0.75	1.6440255	1.3216186	26.27246	1.1541018	
0.8	1.6609899	1.348928	13.442082	2.9801036	
0.85	1.6873888	1.3563563	23.687397	3.6050005	
0.9	1.7106026	1.36216	16.014702	3.4803012	
0.95	1.7588814	1.3979389	0.29023479	2.5382879	
1	1.7742346	1.3904307	23.370677	-1.1144798	
1.1	1.7928142	1.4068492	22.51228	-2.7472601	
1.2	1.8180707	1.4270467	16.422878	-1.9878712	
1.3	1.8358264	1.4459104	15.500242	-0.52453739	
1.4	1.8660294	1.4755957	17.0754	-0.78202688	
1.5	1.8890774	1.4757558	12.345873	1.3011389	
1.6	1.9078296	1.5022716	13.119459	-0.0091968966	
1.7	1.9606837	1.5297359	-0.058538639	-5.0691137	
1.8	1.9633303	1.5348295	-6.963867	-1.4776986	
1.9	1.9741342	1.5628259	-7.769194	0.3590692	
2	1.9983703	1.5883111	0.33948499	2.3066919	
2.2	2.0365733	1.6159575	1.9641312	3.9798101	
2.4	2.0796796	1.6474688	3.6265743	6.0661486	
2.6	2.1274896	1.6628973	16.849357	9.1735546	
2.8	2.1447735	1.6944188	26.151663	7.7992272	
3	2.1838903	1.7459522	19.659397	9.1872305	
3.2	2.2141705	1.7656937	23.117395	12.062076	
3.3	2.271179	1.8053382	43.525148	14.329496	
3.4	2.2527723	1.8086348	38.981261	7.1279005	
3.6	2.2413851	1.8217111	6.6912874	4.8581107	
3.8	2.284106	1.8325705	7.3206585	5.431233	
4	2.2950479	1.8424236	2.0076372	3.3891805	
4.4	2.2796272	1.8449232	-4.106154	2.2938396	
4.5	2.2944992	1.8538651	-3.3438461	2.1118949	
4.8	2.3138781	1.8403237	-26.877571	8.9914895	
5	2.2974572	1.8726597	-35.801067	11.202399	
5.5	2.3214791	1.9006159	-27.333416	19.141041	
6	2.3289321	1.9125587	-1.9778198	12.575817	
6.47	2.3392228	2.0073321	27.564924	4.4845743	
8	2.3525591	2.051942	-34.769016	9.63647	
9	2.2974975	1.9700293	-32.931675	6.8703237	
10	2.2822767	2.0355315	-25.440595	7.1347929	
11	2.2482826	1.9671349	12.757072	8.7731167	
12	2.2547217	2.0539813	-20.889812	5.0501575	
13	2.2116462	2.022183	-11.786097	4.1191494	
14	2.2157384	1.9918014	-76.866851	8.8186011	
15	2.2013605	1.9898271	-29.666621	0.68420575	
16	2.1496455	1.9847651	-13.087937	4.8763564	
17	2.1151613	1.9673315	-11.596416	3.7306377	
18	2.0892908	1.973809	-17.632919	4.0250864	
19	2.0939716	2.0098878	-23.887046	4.3925941	
20	2.0599069	1.9868061	-10.796303	3.4683112	
21	2.0545784	1.9894145	-13.046649	5.5829321	
22	2.0383809	1.9844321	-12.048247	3.4458593	
23	2.0357981	1.9884818	-13.7857	3.1431011	
24	2.0227711	1.9847196	-10.347104	1.8037584	
25	2.0115978	1.9834827	-5.6562401	1.6135767	
26	2.0039204	1.9786104	-3.1099863	1.5793602	
27	1.9964472	1.9768606	-1.266446	1.4805202	
28	2.0014034	1.9881862	3.3587155	1.4710089	
29	1.9910841	1.975956	-0.55101673	1.4952764	
30	1.9874778	1.9724759	-1.6097476	1.4745739	
31	1.9859383	1.9718257	-1.3328126	1.3654449	
32	1.9843504	1.9715549	-1.9369381	1.2686371	
33	1.9823407	1.9704382	-2.305461	1.2667516	
34	1.9813579	1.9699485	-2.273481	1.1574164	
35	1.980238	1.9693591	-2.81809	1.058055	
36	1.9786292	1.9687295	-2.3732771	1.1210487	
37	1.977072	1.9670752	-2.1078025	0.92772352	
38	1.9760078	1.9663229	-2.0556203	0.91352485	
39	1.9747907	1.9653618	-2.0801319	0.88205967	
40	1.9738896	1.9647121	-1.9922114	0.86497715	
41	1.9726873	1.9636891	-1.6683162	0.83605685	
42	1.9707147	1.9628568	-2.8457746	1.145045	
43	1.9697557	1.9621401	-2.9186489	1.1844212	
44	1.9689041	1.9613909	-2.880504	1.1897807	
45	1.9663012	1.9590749	-2.7681351	1.2046718	
50	1.9590551	1.9576921	0.75273683	1.7525429	
55	1.9536353	1.9545118	1.9081838	1.9238557	
60	1.9493146	1.950305	1.932679	1.9099694	
65	1.9451226	1.9461277	1.9339523	1.9058909	
70	1.940958	1.9419699	1.935725	1.9018333	
75	1.9368136	1.9378221	1.9316724	1.8979654	
80	1.9327432	1.9337806	1.9248634	1.9041029	
85	1.9286677	1.9297	1.9207343	1.9008086	


precision, %
wave=450 nm
height, km	60	
0	0.76047722	
0.05	0.87150913	
0.1	0.87711115	
0.15	0.85713613	
0.2	0.99401637	
0.25	1.0473388	
0.3	1.181074	
0.35	0.9465648	
0.4	1.0184913	
0.45	1.1715498	
0.5	1.060071	
0.55	1.0298134	
0.6	1.1464057	
0.65	1.1550554	
0.7	1.2480399	
0.75	1.2398988	
0.8	1.1904087	
0.85	1.1690839	
0.9	1.0563348	
0.95	1.5440507	
1	1.2450989	
1.1	1.2403409	
1.2	1.1816758	
1.3	1.0986118	
1.4	1.1853384	
1.5	1.1211074	
1.6	1.1267881	
1.7	1.4047811	
1.8	1.1580326	
1.9	1.1042297	
2	1.0442688	
2.2	1.1641907	
2.4	1.155709	
2.6	1.2752645	
2.8	1.2025517	
3	1.3274663	
3.2	1.3305531	
3.3	1.8909406	
3.4	1.5394528	
3.6	1.4573048	
3.8	1.553502	
4	1.4308473	
4.4	1.3864914	
4.5	1.3279333	
4.8	1.5563425	
5	1.3119815	
5.5	1.5929464	
6	1.6198938	
6.47	1.4680557	
8	1.92344	
9	1.6801535	
10	1.5733339	
11	1.6662304	
12	1.5458722	
13	1.314382	
14	1.8410715	
15	1.6345717	
16	1.2096521	
17	1.0604564	
18	0.99855139	
19	1.4123205	
20	0.89587055	
21	1.0343399	
22	0.8457476	
23	0.89097392	
24	0.83076382	
25	0.77924234	
26	0.74021867	
27	0.73523959	
28	0.82491338	
29	0.72923547	
30	0.72444901	
31	0.72208461	
32	0.72263515	
33	0.71664963	
34	0.71485238	
35	0.71299854	
36	0.71173639	
37	0.71021803	
38	0.70921491	
39	0.70770308	
40	0.70684928	
41	0.70505171	
42	0.70628671	
43	0.70617344	
44	0.70563308	
45	0.70418506	
50	0.66884516	
55	0.66407005	
60	0.66445324	
65	0.66445769	
70	0.66446918	
75	0.66446695	
80	0.66441681	
85	0.66441388	


ord=1
wave=450 nm
zenith, km	60	
Stoks:	    0.61975374	   -0.45027386	-2.5692468e-05	             0	
enhancement factor
0	1.081345	1.0478113	1.6771446	0	
0.05	1.1120993	1.0787856	3.7255924	0	
0.1	1.1224547	1.0885903	4.4188245	0	
0.15	1.1328708	1.0983025	4.8050371	0	
0.2	1.1432837	1.107853	4.320316	0	
0.25	1.1536837	1.117271	4.1214334	0	
0.3	1.1640872	1.1265866	4.6189088	0	
0.35	1.1743341	1.1357527	5.1075943	0	
0.4	1.1843776	1.1449013	6.1230134	0	
0.45	1.194509	1.153979	5.977421	0	
0.5	1.2046457	1.1629875	6.1026348	0	
0.55	1.2146646	1.1718488	6.6563945	0	
0.6	1.224678	1.1806225	6.2686699	0	
0.65	1.2344814	1.1892732	5.7634311	0	
0.7	1.2442223	1.1978795	5.478165	0	
0.75	1.2538941	1.2063603	5.4707111	0	
0.8	1.2634244	1.2147066	5.6751127	0	
0.85	1.2727268	1.2229648	5.3082814	0	
0.9	1.2819009	1.2310297	5.0149498	0	
0.95	1.2910018	1.2389567	4.3857223	0	
1	1.3042837	1.2505802	4.6984306	0	
1.1	1.3215922	1.265801	5.2769384	0	
1.2	1.3383739	1.2806553	5.0054419	0	
1.3	1.3546906	1.2950963	4.758836	0	
1.4	1.3705257	1.3091964	4.8378113	0	
1.5	1.3858265	1.3228674	5.1111725	0	
1.6	1.4005956	1.3361517	5.34214	0	
1.7	1.414872	1.3490883	5.6479244	0	
1.8	1.4287193	1.3616347	5.8472376	0	
1.9	1.4419947	1.3738262	5.9858507	0	
2	1.4608474	1.3913137	6.1026955	0	
2.2	1.4847221	1.413649	5.9837683	0	
2.4	1.5069919	1.4346844	5.3403578	0	
2.6	1.5276946	1.4545282	5.1528048	0	
2.8	1.5469263	1.4732559	5.081948	0	
3	1.5648151	1.4909496	5.1129852	0	
3.2	1.5775576	1.503688	5.0928626	0	
3.3	1.5856313	1.5118395	4.9578454	0	
3.4	1.597165	1.5236199	5.0289974	0	
3.6	1.6118017	1.5387331	5.1661569	0	
3.8	1.6255292	1.5531341	5.2691558	0	
4	1.6443628	1.5733068	5.0133123	0	
4.4	1.6593639	1.5895462	4.9420506	0	
4.5	1.6702079	1.6015735	4.7068512	0	
4.8	1.6831796	1.6161518	4.1383123	0	
5	1.6996855	1.6350447	3.9300638	0	
5.5	1.7214981	1.6603855	3.965731	0	
6	1.7405386	1.6830699	3.6852841	0	
6.47	1.7741521	1.7239188	3.2730111	0	
8	1.8125436	1.7711231	2.7660729	0	
9	1.8377258	1.8026171	3.1866495	0	
10	1.8592246	1.8295249	3.0646357	0	
11	1.8773326	1.852224	2.7823038	0	
12	1.8927682	1.8717702	2.6407033	0	
13	1.9059817	1.8884749	2.4924871	0	
14	1.9172041	1.9026175	2.3784001	0	
15	1.9267635	1.9145209	2.3518236	0	
16	1.9348525	1.9245171	2.3790653	0	
17	1.9417179	1.9329284	2.2621736	0	
18	1.9475748	1.9400674	2.1241273	0	
19	1.952578	1.9461938	2.1046056	0	
20	1.9567959	1.9513819	1.9991735	0	
21	1.9602618	1.955681	1.959269	0	
22	1.9630772	1.9592198	1.9830248	0	
23	1.9653233	1.9621151	1.9397785	0	
24	1.967121	1.9644525	1.9076472	0	
25	1.9685233	1.9663222	1.9197239	0	
26	1.9695716	1.967775	1.9796348	0	
27	1.9703135	1.9688686	1.9191312	0	
28	1.9708183	1.9696699	1.9439842	0	
29	1.9711204	1.9702393	1.8502202	0	
30	1.971256	1.970593	1.8431842	0	
31	1.971228	1.970753	1.8288122	0	
32	1.9710724	1.9707538	1.8279551	0	
33	1.9708195	1.9706385	1.8270994	0	
34	1.9704863	1.9704275	1.8262454	0	
35	1.9700734	1.9701237	1.8259189	0	
36	1.9695865	1.9697391	1.8678519	0	
37	1.9690448	1.9692829	1.8661227	0	
38	1.9684574	1.9687668	1.8515552	0	
39	1.9678313	1.9681995	1.8507039	0	
40	1.9671707	1.96759	1.8498541	0	
41	1.9664818	1.9669456	1.8490059	0	
42	1.9657689	1.9662715	1.8481592	0	
43	1.965035	1.9655715	1.8473142	0	
44	1.9642833	1.9648492	1.8464706	0	
45	1.9619201	1.9625572	1.9361192	0	
50	1.9578946	1.9586092	1.9545517	0	
55	1.9537628	1.9545161	1.9502848	0	
60	1.9495874	1.9503639	1.9455252	0	
65	1.9454111	1.9461958	1.9412641	0	
70	1.9412486	1.9420345	1.9371087	0	
75	1.9371095	1.9378928	1.9329895	0	
80	1.9329994	1.9337783	1.9289059	0	
85	1.9289213	1.9296949	1.9248575	0	


precision, %
wave=450 nm
height, km	60	
0	0.074107326	
0.05	0.063051165	
0.1	0.058588807	
0.15	0.057173466	
0.2	0.056575431	
0.25	0.055273813	
0.3	0.052604154	
0.35	0.050628	
0.4	0.048120648	
0.45	0.046247663	
0.5	0.04513641	
0.55	0.043163944	
0.6	0.042008669	
0.65	0.040932196	
0.7	0.040025641	
0.75	0.039409483	
0.8	0.038882109	
0.85	0.03822658	
0.9	0.037395574	
0.95	0.036701372	
1	0.036097755	
1.1	0.03524451	
1.2	0.034273996	
1.3	0.033500918	
1.4	0.032711737	
1.5	0.031594991	
1.6	0.030548005	
1.7	0.029745216	
1.8	0.029024245	
1.9	0.028446964	
2	0.027406376	
2.2	0.026353793	
2.4	0.025506454	
2.6	0.024861679	
2.8	0.024294387	
3	0.023678293	
3.2	0.023343077	
3.3	0.023035044	
3.4	0.022719688	
3.6	0.022162769	
3.8	0.021786112	
4	0.021163987	
4.4	0.020715472	
4.5	0.020544568	
4.8	0.020394487	
5	0.020245893	
5.5	0.019820769	
6	0.01936041	
6.47	0.018496768	
8	0.01756321	
9	0.016901011	
10	0.01632463	
11	0.015891655	
12	0.015647786	
13	0.015465615	
14	0.015147764	
15	0.014943658	
16	0.01489574	
17	0.014753411	
18	0.014686618	
19	0.01456608	
20	0.014463949	
21	0.01444539	
22	0.014445014	
23	0.014443259	
24	0.014423536	
25	0.014383248	
26	0.014374101	
27	0.014358324	
28	0.01434279	
29	0.014350483	
30	0.014348785	
31	0.014360027	
32	0.014354708	
33	0.014350108	
34	0.014346103	
35	0.014353175	
36	0.014330014	
37	0.014315153	
38	0.014306887	
39	0.014305057	
40	0.014303488	
41	0.014302136	
42	0.014300969	
43	0.014299965	
44	0.014299101	
45	0.014295276	
50	0.014292101	
55	0.014291086	
60	0.014291269	
65	0.014291444	
70	0.014291462	
75	0.014291575	
80	0.014291738	
85	0.014291925	


