RT Model MCC++	 O.Postylyakov	ver.72
MixedSimC<atmos::StoksC,MCSimC<atmos::StoksC,MCWMethodC<atmos::StoksC,SphericalGeomT>>,SSSimC<atmos::StoksC,MCSimC<atmos::StoksC,MSSMethodC<atmos::StoksC,SphericalGeomT,1000>>>>	ps::cLCG2C	Density: double	AMFs: Yes	ORDERS_ACCOUNT: ATM_COLLGS_ORDERS
photons passed	base/max expendeture	EPS-breakes	MaxCollgs-Breaks	MinPhWgt-Breaks	average colligions
21300	0.0347917/0.0436567	0	0	0	3.16315	
SpecialSamplingCollgs	ForceCollgSimul	EPS	ssEPS	MaxCollgs	MinPhWgt	BaseMod	
1	0	0.001	1e-12	500	1e-300	0	
Albedo	time	IY
0.05	0.04375	{ 623675021 644459504 ; 40014 40692 2147483563 2147483399 }	
 -6370.99	 -6370.99	 -5791.81	 -5212.63	 -4633.45	 -4054.27	 -3475.09	  -2895.9	 -2316.72	 -1737.54	 -1158.36	 -579.181	-9.09495e-13	  12.8571	  25.7143	  38.5714	  51.4286	  64.2857	  77.1429	       90	
        0	        0	0.0080361	 0.024108	 0.040179	 0.056251	 0.072322	 0.088394	  0.10447	  0.12054	  0.13661	  0.15268	  0.16875	0.0039284	0.0039364	0.0039443	0.0039522	0.0039601	 0.003968	 0.003976	
        0	        0	        0	        0	        0	        0	        0	        0	        0	        0	        0	        0	        0	        0	        0	        0	        0	        0	        0	        0	
        0	        0	        0	        0	        0	        0	        0	        0	        0	        0	        0	        0	        0	        0	        0	        0	        0	        0	        0	        0	

-------------------------------------------------
tet=89.6  fi=0
	60	
450	0.041482	

	60	
450	0.89392	

	60	
450	0.66606	



ord=1
	60	
450	45.949	

	60	
450	4.1267	

	60	
450	0.019423	

enhancement factor
ord=0
wave=450 nm
zenith, km	60	
Stoks:	     2.6063621	  -0.023298819	 -0.0037273524	-0.00030522168	
enhancement factor
0	55.869883	69.588297	35.155979	36.924737	
0.05	6.6410107	-5.5887985	11.946048	0.84414973	
0.1	3.235218	-10.965799	6.4455389	6.0430992	
0.15	2.834924	-10.706105	2.6663182	4.5270326	
0.2	2.7132511	-9.8693208	5.3277714	3.2267694	
0.25	2.6266032	-9.2189018	2.7294612	2.902239	
0.3	2.5657598	-9.0886443	2.1422266	4.5565498	
0.35	2.5288569	-8.8694025	4.8463224	3.3117539	
0.4	2.5066237	-9.2227243	2.8063822	3.036284	
0.45	2.4644161	-8.1094564	5.8185795	1.3997009	
0.5	2.4357882	-8.1629472	5.039986	-0.073525778	
0.55	2.4110856	-7.9476658	6.4565971	2.0412428	
0.6	2.3741075	-6.6180698	4.0860138	-0.96913665	
0.65	2.375499	-7.0896049	7.7894557	-0.46620134	
0.7	2.3571173	-6.547374	6.8374423	-2.1023661	
0.75	2.3375626	-6.9135204	4.849853	0.31022611	
0.8	2.3270769	-6.676111	4.5273372	0.97773077	
0.85	2.3216333	-6.7944644	6.3230497	0.0046491986	
0.9	2.3096741	-6.5803091	6.0891142	-1.4525664	
0.95	2.2944511	-6.3100625	5.2434852	1.0912974	
1	2.2925834	-6.618132	5.9881613	-0.55909508	
1.1	2.260295	-5.2805129	2.6364975	2.2951293	
1.2	2.2605613	-5.435929	3.1393847	2.0977825	
1.3	2.2510353	-5.5846335	3.1569222	3.4257306	
1.4	2.2420655	-5.0855011	3.8020534	1.9143593	
1.5	2.2274513	-4.741438	3.8595788	3.7076823	
1.6	2.2151656	-4.5450271	4.1222304	4.152911	
1.7	2.2063338	-4.105361	8.4462655	3.9316741	
1.8	2.1930673	-3.6738291	5.9444272	3.4191012	
1.9	2.1949423	-3.8650843	5.1798664	0.61833224	
2	2.1893091	-3.9550881	5.1831815	4.1135462	
2.2	2.1727859	-3.6088425	8.6634975	-0.36620081	
2.4	2.1604066	-3.2201138	8.024849	2.5174973	
2.6	2.1591555	-3.2217538	8.8982102	4.4345363	
2.8	2.1581935	-2.7866023	7.5889543	5.7650311	
3	2.1581691	-2.4846649	6.4003095	3.8214278	
3.2	2.1599259	-1.9500153	3.4314332	2.2037519	
3.3	2.1509136	-2.0382662	2.7288278	2.218974	
3.4	2.1492359	-2.5335271	5.0116403	2.4010291	
3.6	2.1505063	-2.7087106	5.0430374	2.4102717	
3.8	2.1448125	-2.2151753	4.606502	-0.25614654	
4	2.1615451	-1.9449357	3.6951396	-1.7985196	
4.4	2.1507741	-2.28573	4.6923323	2.7426553	
4.5	2.148971	-2.6389585	4.6948133	2.0281151	
4.8	2.1555951	-3.0940466	1.1813898	1.9305401	
5	2.1462018	-2.8027365	1.1228774	3.1264986	
5.5	2.1429699	-0.72823644	2.7306941	3.463579	
6	2.1310845	-1.424051	4.8988294	0.95568171	
6.47	2.1317593	-2.3655342	5.7107619	1.8836152	
8	2.1061473	-0.597093	2.0779155	3.1703789	
9	2.098377	-0.71997402	-3.7273003	5.5364752	
10	2.0807166	-0.43602706	-3.1391756	3.3658342	
11	2.083466	-0.019095792	-9.1615075	7.6668126	
12	2.0722451	0.21211546	-9.245111	6.5114948	
13	2.0541093	0.56204399	-5.8478901	6.0429265	
14	2.0433813	0.68662918	-3.0703974	4.7977091	
15	2.0420022	0.55023359	-0.99606703	3.7880976	
16	2.0415221	1.0512802	-1.7227012	4.859173	
17	2.0294818	1.3229403	-0.68239517	4.3050476	
18	2.0239175	1.5502084	2.5795667	6.7140716	
19	2.0167409	1.3205171	0.96165161	3.1649075	
20	2.0147574	1.17572	1.019403	1.9829529	
21	2.0086694	1.5980497	1.361843	1.4079693	
22	2.0015854	1.7509912	1.7459635	1.4223911	
23	1.9973699	1.760284	1.6147216	1.5812852	
24	1.9932299	1.7640546	1.6809066	1.7560598	
25	2.0121901	0.60944906	14.890157	-4.2664797	
26	2.0033242	0.92581857	11.82616	-2.6426604	
27	1.9863222	1.4697521	6.6468443	-0.0044243408	
28	1.9818626	1.6313555	4.8843982	0.80136624	
29	1.9766561	1.8587653	2.5595152	1.8636212	
30	1.9752619	1.8833885	2.678549	1.5711367	
31	1.9737164	1.9106841	2.6009755	1.5461752	
32	1.9713543	1.9758385	2.3962993	1.5016557	
33	1.9698068	2.0023594	2.4013915	1.674236	
34	1.9681301	1.9639237	2.1601169	1.7914963	
35	1.9672446	1.9650463	2.1523131	1.7933612	
36	1.9662171	1.970867	2.1545114	1.8392247	
37	1.965161	1.9758235	2.0858526	1.9217363	
38	1.9641865	1.9775742	2.0301435	1.9729345	
39	1.9633124	1.9760513	2.0453619	1.9625814	
40	1.9623948	1.9754678	2.0438032	1.9590611	
41	1.961494	1.9749601	2.0410071	1.9576365	
42	1.9606039	1.9740953	2.0389731	1.9567461	
43	1.9597328	1.9731557	2.0376277	1.9557909	
44	1.9587148	1.9680504	2.0115314	1.9441035	
45	1.9560438	1.9652964	1.9917463	1.9496893	
50	1.9517043	1.9609231	1.9837849	1.9474631	
55	1.9474157	1.9565052	1.9796845	1.9430172	
60	1.9432038	1.9522197	1.9753303	1.9388367	
65	1.9390281	1.9479718	1.9710279	1.9346928	
70	1.9348902	1.943764	1.9666427	1.930585	
75	1.9307882	1.939593	1.9622967	1.9265128	
80	1.9267216	1.9354583	1.9579893	1.9224756	
85	1.92269	1.9313594	1.9537199	1.918473	


precision, %
wave=450 nm
height, km	60	
0	0.62221178	
0.05	1.0344553	
0.1	1.009808	
0.15	0.99631687	
0.2	0.96458005	
0.25	0.95073235	
0.3	0.92004149	
0.35	0.97517277	
0.4	0.98982154	
0.45	0.92729581	
0.5	0.93456524	
0.55	0.91482131	
0.6	0.85937542	
0.65	0.92411988	
0.7	0.93298753	
0.75	0.90050816	
0.8	0.88360954	
0.85	0.93286216	
0.9	0.95941649	
0.95	0.95759597	
1	1.019326	
1.1	0.86267896	
1.2	0.93616139	
1.3	0.93138679	
1.4	0.90194851	
1.5	0.88062276	
1.6	0.88720063	
1.7	0.83436365	
1.8	0.80811549	
1.9	0.83199193	
2	0.84972498	
2.2	0.83719332	
2.4	0.79407554	
2.6	0.81320067	
2.8	0.79807865	
3	0.80679442	
3.2	0.8693951	
3.3	0.87726803	
3.4	0.81054793	
3.6	0.80811685	
3.8	0.81070364	
4	0.8815274	
4.4	0.8586237	
4.5	0.86760086	
4.8	1.0291193	
5	0.98329758	
5.5	1.0911519	
6	0.9165442	
6.47	0.93586016	
8	0.87306065	
9	0.90673352	
10	0.82625506	
11	1.0853496	
12	1.2206068	
13	1.0353949	
14	0.95921632	
15	0.96255422	
16	1.026941	
17	0.93169167	
18	0.89428972	
19	0.85771931	
20	0.88131247	
21	0.82350282	
22	0.79190464	
23	0.777841	
24	0.76714951	
25	1.3914038	
26	1.1453292	
27	0.7653834	
28	0.7048543	
29	0.66983049	
30	0.67242567	
31	0.67154032	
32	0.66966512	
33	0.66856461	
34	0.66819718	
35	0.6682418	
36	0.66861894	
37	0.66816524	
38	0.66774728	
39	0.6676406	
40	0.66754428	
41	0.66747412	
42	0.66748418	
43	0.66746982	
44	0.66638564	
45	0.66581885	
50	0.66575282	
55	0.66581701	
60	0.66582016	
65	0.66582236	
70	0.66582325	
75	0.66582413	
80	0.66582501	
85	0.66582589	


ord=1
wave=450 nm
zenith, km	60	
Stoks:	     1.1976099	  -0.049421832	-9.9122971e-06	             0	
enhancement factor
0	64.165001	64.632587	-34.527246	0	
0.05	6.3069533	6.3548585	58.2135	0	
0.1	2.3869082	2.3939264	9.1115673	0	
0.15	2.0452691	2.0469124	2.8919109	0	
0.2	2.0051731	2.0053208	1.8400778	0	
0.25	1.9992461	1.999305	2.2387484	0	
0.3	1.9981649	1.9981887	2.2260233	0	
0.35	1.9979012	1.99791	2.0446583	0	
0.4	1.9978002	1.997784	1.9980321	0	
0.45	1.9977403	1.9977236	1.998012	0	
0.5	1.9976897	1.9976728	1.9979888	0	
0.55	1.9976416	1.9976247	1.9979658	0	
0.6	1.9975944	1.9975773	1.998518	0	
0.65	1.9975473	1.9975303	1.998471	0	
0.7	1.9975004	1.9974834	1.9984241	0	
0.75	1.9974535	1.9974365	1.9983771	0	
0.8	1.9974067	1.9973896	1.9983302	0	
0.85	1.9973598	1.9973428	1.9982833	0	
0.9	1.9973129	1.9972959	1.9982363	0	
0.95	1.9972661	1.9972491	1.9981894	0	
1	1.9971958	1.9971788	1.998119	0	
1.1	1.9971022	1.9970851	1.9980252	0	
1.2	1.9970085	1.9969915	1.9979314	0	
1.3	1.9969149	1.9968979	1.9978376	0	
1.4	1.9968213	1.9968042	1.9977438	0	
1.5	1.9967277	1.9967107	1.99765	0	
1.6	1.9966341	1.9966171	1.9975563	0	
1.7	1.9965405	1.9965235	1.9974626	0	
1.8	1.996447	1.99643	1.9973689	0	
1.9	1.9963534	1.9963364	1.9972752	0	
2	1.9962132	1.9961962	1.9971347	0	
2.2	1.9960262	1.9960092	1.9969474	0	
2.4	1.9958394	1.9958224	1.9967602	0	
2.6	1.9956525	1.9956356	1.9965731	0	
2.8	1.9954658	1.9954488	1.996386	0	
3	1.9952791	1.9952622	1.996199	0	
3.2	1.9951392	1.9951222	1.9960588	0	
3.3	1.9950459	1.9950289	1.9959654	0	
3.4	1.994906	1.994889	1.9958253	0	
3.6	1.9947195	1.9947026	1.9956385	0	
3.8	1.9945331	1.9945162	1.9954518	0	
4	1.9942537	1.9942368	1.9951719	0	
4.4	1.9940209	1.994004	1.9949387	0	
4.5	1.9938348	1.9938179	1.9947522	0	
4.8	1.9936022	1.9935853	1.9945193	0	
5	1.9932768	1.9932599	1.9941933	0	
5.5	1.9928123	1.9927954	1.993728	0	
6	1.9923622	1.9923453	1.9932771	0	
6.47	1.9914355	1.9914186	1.9923488	0	
8	1.9902654	1.9902485	1.9911768	0	
9	1.9893424	1.9893256	1.9902522	0	
10	1.9884212	1.9884044	1.9893294	0	
11	1.9875016	1.9874849	1.9884084	0	
12	1.9865838	1.9865671	1.987489	0	
13	1.9856677	1.985651	1.9865713	0	
14	1.9847532	1.9847366	1.9856553	0	
15	1.9838405	1.9838239	1.9847411	0	
16	1.9829295	1.9829129	1.9838285	0	
17	1.9820201	1.9820035	1.9829176	0	
18	1.9811124	1.9810959	1.9820084	0	
19	1.9802064	1.9801899	1.9811008	0	
20	1.979302	1.9792855	1.980195	0	
21	1.9783993	1.9783829	1.9792907	0	
22	1.9774983	1.9774818	1.9783882	0	
23	1.9765989	1.9765825	1.9774873	0	
24	1.9757011	1.9756848	1.9765881	0	
25	1.974805	1.9747887	1.9756905	0	
26	1.9739106	1.9738943	1.9747945	0	
27	1.9730177	1.9730015	1.9739002	0	
28	1.9721265	1.9721103	1.9730075	0	
29	1.971237	1.9712207	1.9721165	0	
30	1.970349	1.9703328	1.9712271	0	
31	1.9694627	1.9694465	1.9703393	0	
32	1.9685779	1.9685618	1.9694531	0	
33	1.9676948	1.9676787	1.9685685	0	
34	1.9668133	1.9667972	1.9676855	0	
35	1.9659333	1.9659173	1.9668041	0	
36	1.965055	1.9650389	1.9659243	0	
37	1.9641782	1.9641622	1.9650461	0	
38	1.9633031	1.9632871	1.9641695	0	
39	1.9624295	1.9624135	1.9632945	0	
40	1.9615574	1.9615415	1.962421	0	
41	1.960687	1.9606711	1.9615491	0	
42	1.9598181	1.9598022	1.9606788	0	
43	1.9589508	1.9589349	1.9598101	0	
44	1.958085	1.9580691	1.9589429	0	
45	1.9554985	1.9554827	1.9563522	0	
50	1.9512157	1.9512001	1.9520625	0	
55	1.9469709	1.9469554	1.9478108	0	
60	1.9427635	1.9427481	1.9435966	0	
65	1.9385929	1.9385777	1.9394193	0	
70	1.9344587	1.9344436	1.9352785	0	
75	1.9303603	1.9303453	1.9311737	0	
80	1.9262973	1.9262824	1.9271043	0	
85	1.9222692	1.9222545	1.9230698	0	


precision, %
wave=450 nm
height, km	60	
0	0.014013392	
0.05	0.027222213	
0.1	0.022350628	
0.15	0.019128676	
0.2	0.019387633	
0.25	0.019415657	
0.3	0.01942596	
0.35	0.019433143	
0.4	0.019433786	
0.45	0.019433912	
0.5	0.019433947	
0.55	0.019433958	
0.6	0.019433961	
0.65	0.019433962	
0.7	0.019433961	
0.75	0.019433961	
0.8	0.01943396	
0.85	0.01943396	
0.9	0.019433959	
0.95	0.019433958	
1	0.019433957	
1.1	0.019433956	
1.2	0.019433954	
1.3	0.019433953	
1.4	0.019433951	
1.5	0.01943395	
1.6	0.019433949	
1.7	0.019433947	
1.8	0.019433946	
1.9	0.019433944	
2	0.019433942	
2.2	0.019433939	
2.4	0.019433937	
2.6	0.019433934	
2.8	0.019433931	
3	0.019433928	
3.2	0.019433926	
3.3	0.019433924	
3.4	0.019433922	
3.6	0.019433919	
3.8	0.019433917	
4	0.019433912	
4.4	0.019433909	
4.5	0.019433906	
4.8	0.019433902	
5	0.019433898	
5.5	0.01943389	
6	0.019433884	
6.47	0.01943387	
8	0.019433852	
9	0.019433838	
10	0.019433824	
11	0.01943381	
12	0.019433796	
13	0.019433782	
14	0.019433768	
15	0.019433755	
16	0.019433741	
17	0.019433727	
18	0.019433713	
19	0.0194337	
20	0.019433686	
21	0.019433672	
22	0.019433659	
23	0.019433645	
24	0.019433632	
25	0.019433618	
26	0.019433605	
27	0.019433591	
28	0.019433578	
29	0.019433565	
30	0.019433551	
31	0.019433538	
32	0.019433525	
33	0.019433511	
34	0.019433498	
35	0.019433485	
36	0.019433472	
37	0.019433459	
38	0.019433446	
39	0.019433432	
40	0.019433419	
41	0.019433406	
42	0.019433393	
43	0.01943338	
44	0.019433368	
45	0.019433329	
50	0.019433265	
55	0.019433202	
60	0.01943314	
65	0.019433078	
70	0.019433017	
75	0.019432957	
80	0.019432897	
85	0.019432838	


-------------------------------------------------
tet=89.6  fi=90
	60	
450	0.01774874	

	60	
450	-23.011209	

	60	
450	0.9989333	



ord=1
	60	
450	28.736822	

	60	
450	-31.354675	

	60	
450	0.072519645	

enhancement factor
ord=0
wave=450 nm
zenith, km	60	
Stoks:	     1.1151862	    0.25661784	  -0.063468771	  5.620088e-05	
enhancement factor
0	48.4651	48.232489	51.842569	-421.4905	
0.05	6.3087566	6.6603464	11.116998	-286.14613	
0.1	3.5032142	4.0105932	7.5203217	-219.18839	
0.15	3.1255788	3.6292779	6.5294394	-174.12714	
0.2	2.9910191	3.4290456	6.0533457	-148.92992	
0.25	2.8854618	3.3349106	5.4756289	-139.06255	
0.3	2.8002243	3.2560912	5.0353933	-130.3894	
0.35	2.7873717	3.2504927	4.958354	-104.15483	
0.4	2.7722573	3.2700076	4.74602	-91.700818	
0.45	2.7001857	3.1010369	4.6896251	-78.202899	
0.5	2.6749071	3.0801245	4.5253929	-73.957422	
0.55	2.6621602	3.0481654	4.5887633	-110.4457	
0.6	2.5964392	2.9130206	4.3044856	-65.963143	
0.65	2.6037475	2.9117949	4.4255436	-64.783214	
0.7	2.5925398	2.8820795	4.1704592	-46.096806	
0.75	2.5569999	2.8716525	4.1817652	-74.624367	
0.8	2.5327128	2.8509674	3.9899291	-78.164812	
0.85	2.5182118	2.8373285	3.9223811	-57.467647	
0.9	2.5137184	2.8221359	3.9367006	-37.199843	
0.95	2.4773521	2.7458434	3.7584998	-48.338298	
1	2.4650794	2.7160368	3.6773634	-28.390161	
1.1	2.4388621	2.6640606	3.56304	-57.764627	
1.2	2.4583037	2.677901	3.6031097	-56.030234	
1.3	2.4243764	2.6333634	3.4263093	-53.280806	
1.4	2.410435	2.6101548	3.526496	-54.859796	
1.5	2.3959144	2.5768016	3.4456032	-47.801464	
1.6	2.3980992	2.5683016	3.401941	-54.154249	
1.7	2.3809821	2.5281354	3.3655154	-33.053583	
1.8	2.370365	2.5179211	3.2262978	-22.170248	
1.9	2.3835185	2.5357251	3.0841757	-4.6307252	
2	2.3559655	2.4951564	3.0886392	-24.976842	
2.2	2.3490777	2.4830225	3.2182401	9.2413955	
2.4	2.330934	2.4197036	3.1534232	-22.966304	
2.6	2.3254524	2.4323546	3.1627059	-18.158738	
2.8	2.3235315	2.4106689	3.0871857	-22.726251	
3	2.3231765	2.4089643	3.1016829	-14.655831	
3.2	2.3265462	2.3793022	3.0097942	-13.103275	
3.3	2.313519	2.3719283	2.9328057	-17.992075	
3.4	2.3175123	2.3923528	3.0352994	-10.73154	
3.6	2.320592	2.4093903	3.0102704	-15.07834	
3.8	2.3149066	2.3890442	2.9882678	3.4385266	
4	2.349723	2.4195216	3.2143407	5.8018597	
4.4	2.3519995	2.4209931	2.9842364	3.3260369	
4.5	2.3432594	2.4310964	3.0323433	5.0429981	
4.8	2.3399274	2.4346183	2.9824718	1.2057629	
5	2.3268598	2.4197487	2.8214641	-8.1855458	
5.5	2.3096953	2.3377692	2.9703478	-15.728094	
6	2.3057359	2.3242166	3.0122384	-4.382831	
6.47	2.2998309	2.3438138	3.0917165	12.931465	
8	2.2396406	2.23277	2.7938804	16.937162	
9	2.2122706	2.2476265	2.4145936	-11.87618	
10	2.1687689	2.2004489	2.3938664	15.659985	
11	2.1603468	2.1914316	2.2248149	-1.5930039	
12	2.139683	2.1878256	2.2707854	4.6810972	
13	2.1097228	2.1426788	2.1628535	0.22894328	
14	2.0921777	2.1186357	2.2181336	-0.36096877	
15	2.1007236	2.1234741	2.2971308	1.2868007	
16	2.0906786	2.0782398	2.5325037	10.630629	
17	2.0699292	2.0695063	2.3958189	4.9273837	
18	2.0768151	2.0376348	2.6333697	-23.656499	
19	2.050307	2.0551897	2.3255165	9.6387628	
20	2.0479309	2.057797	2.2966818	8.9445497	
21	2.046755	2.0606451	2.2376444	12.673654	
22	2.031602	2.0442976	2.2169512	10.870472	
23	2.0217851	2.0320054	2.1905902	8.0992583	
24	2.0126627	2.0265368	2.1404555	4.9956779	
25	2.0654173	2.1348436	3.0256237	41.728466	
26	2.045851	2.0975496	2.7795408	30.976943	
27	2.0107332	2.0306313	2.3129291	13.183421	
28	2.0001206	2.0138364	2.1862093	8.1419894	
29	1.9873683	1.9903818	2.0211536	1.4657837	
30	1.9847915	1.9877178	2.0287387	3.0037933	
31	1.9824422	1.9839899	2.0185975	3.2035877	
32	1.9780607	1.9759794	1.994436	3.3641267	
33	1.975681	1.9733335	1.9910582	2.5722763	
34	1.9714331	1.9701324	1.9860404	2.3115492	
35	1.9704189	1.9690746	1.9857522	2.3840404	
36	1.9691192	1.9682424	1.9832718	2.4726786	
37	1.9679163	1.9672688	1.979813	2.2830153	
38	1.9668955	1.9663354	1.9775657	2.1446201	
39	1.9660912	1.9655315	1.9786036	2.156336	
40	1.9651521	1.9645987	1.9772699	2.1892398	
41	1.9642418	1.9636805	1.9760327	2.2005749	
42	1.9633416	1.9628122	1.9750672	2.2020331	
43	1.9624651	1.9619399	1.9741412	2.1994331	
44	1.9614324	1.9610694	1.9707555	2.0966383	
45	1.9586834	1.958356	1.9664725	1.9941981	
50	1.9543131	1.9539658	1.961396	1.9467203	
55	1.950012	1.9496324	1.956653	1.9179798	
60	1.9457786	1.9454034	1.952373	1.9140111	
65	1.9415807	1.9412117	1.9481315	1.9100759	
70	1.9374224	1.9370563	1.9439209	1.9061737	
75	1.9333004	1.9329371	1.9397471	1.9023042	
80	1.929214	1.9288535	1.9356098	1.898467	
85	1.9251629	1.9248051	1.9315083	1.8946615	


precision, %
wave=450 nm
height, km	60	
0	1.0888708	
0.05	1.4958805	
0.1	1.410645	
0.15	1.4714199	
0.2	1.4116944	
0.25	1.2940013	
0.3	1.2974739	
0.35	1.5457167	
0.4	1.5813043	
0.45	1.3315373	
0.5	1.3687617	
0.55	1.4126542	
0.6	1.299225	
0.65	1.3293448	
0.7	1.4116062	
0.75	1.332158	
0.8	1.3294869	
0.85	1.2877988	
0.9	1.5028094	
0.95	1.3231811	
1	1.3204131	
1.1	1.2364766	
1.2	1.4311397	
1.3	1.2415751	
1.4	1.262617	
1.5	1.304285	
1.6	1.4671204	
1.7	1.3007536	
1.8	1.3269803	
1.9	1.4557012	
2	1.2778494	
2.2	1.6000042	
2.4	1.3715249	
2.6	1.3368853	
2.8	1.2899582	
3	1.3218022	
3.2	1.3448056	
3.3	1.3388483	
3.4	1.302849	
3.6	1.2999166	
3.8	1.3089443	
4	1.4163051	
4.4	1.6752615	
4.5	1.5873685	
4.8	1.656864	
5	1.6370748	
5.5	1.6422627	
6	1.6514386	
6.47	1.5826833	
8	1.4501813	
9	1.4043151	
10	1.231617	
11	1.4095	
12	1.5213775	
13	1.3242924	
14	1.2654477	
15	1.5618699	
16	1.5094217	
17	1.327262	
18	1.5430385	
19	1.2259253	
20	1.2915485	
21	1.367714	
22	1.2439733	
23	1.1662108	
24	1.1225396	
25	3.2381493	
26	2.5495364	
27	1.4060682	
28	1.1728393	
29	1.0278596	
30	1.0322362	
31	1.0288138	
32	1.0153552	
33	1.0093045	
34	1.0022394	
35	1.0022263	
36	1.0007662	
37	0.99995491	
38	0.99974566	
39	0.99986006	
40	1.0000156	
41	1.0000741	
42	1.0001695	
43	1.0001567	
44	0.99883159	
45	0.99892706	
50	0.99900625	
55	0.99904513	
60	0.99904804	
65	0.99904508	
70	0.99904413	
75	0.99904319	
80	0.99904226	
85	0.99904134	


ord=1
wave=450 nm
zenith, km	60	
Stoks:	    0.32046908	    0.10048204	    0.17416312	             0	
enhancement factor
0	46.502022	46.506008	46.535139	0	
0.05	4.8240284	4.8623694	4.8585348	0	
0.1	2.2514816	2.2584785	2.2585208	0	
0.15	2.0302023	2.0310422	2.0313522	0	
0.2	2.004343	2.0046628	2.0046522	0	
0.25	2.0005758	2.0006485	2.0006403	0	
0.3	1.9998944	1.9999008	1.9998935	0	
0.35	1.9997056	1.9997116	1.9997112	0	
0.4	1.9996277	1.9996305	1.9996303	0	
0.45	1.9995726	1.9995746	1.9995743	0	
0.5	1.9995232	1.9995249	1.9995247	0	
0.55	1.9994755	1.9994771	1.9994768	0	
0.6	1.9994282	1.9994298	1.9994295	0	
0.65	1.9993811	1.9993827	1.9993824	0	
0.7	1.999334	1.9993356	1.9993353	0	
0.75	1.999287	1.9992885	1.9992883	0	
0.8	1.9992399	1.9992415	1.9992413	0	
0.85	1.9991929	1.9991945	1.9991942	0	
0.9	1.9991459	1.9991475	1.9991472	0	
0.95	1.9990989	1.9991005	1.9991002	0	
1	1.9990284	1.99903	1.9990297	0	
1.1	1.9989344	1.998936	1.9989357	0	
1.2	1.9988405	1.998842	1.9988418	0	
1.3	1.9987465	1.9987481	1.9987478	0	
1.4	1.9986526	1.9986542	1.9986539	0	
1.5	1.9985587	1.9985602	1.99856	0	
1.6	1.9984648	1.9984663	1.9984661	0	
1.7	1.9983709	1.9983725	1.9983722	0	
1.8	1.998277	1.9982786	1.9982783	0	
1.9	1.9981832	1.9981848	1.9981845	0	
2	1.9980424	1.998044	1.9980438	0	
2.2	1.9978549	1.9978564	1.9978562	0	
2.4	1.9976674	1.9976689	1.9976687	0	
2.6	1.9974799	1.9974815	1.9974812	0	
2.8	1.9972925	1.9972941	1.9972939	0	
3	1.9971052	1.9971068	1.9971066	0	
3.2	1.9969648	1.9969664	1.9969661	0	
3.3	1.9968712	1.9968728	1.9968725	0	
3.4	1.9967309	1.9967324	1.9967322	0	
3.6	1.9965438	1.9965453	1.9965451	0	
3.8	1.9963568	1.9963583	1.9963581	0	
4	1.9960764	1.9960779	1.9960777	0	
4.4	1.9958428	1.9958444	1.9958441	0	
4.5	1.9956561	1.9956576	1.9956574	0	
4.8	1.9954227	1.9954243	1.995424	0	
5	1.9950962	1.9950978	1.9950975	0	
5.5	1.9946302	1.9946317	1.9946315	0	
6	1.9941785	1.9941801	1.9941798	0	
6.47	1.9932487	1.9932503	1.99325	0	
8	1.9920747	1.9920762	1.992076	0	
9	1.9911486	1.9911502	1.9911499	0	
10	1.9902243	1.9902259	1.9902256	0	
11	1.9893017	1.9893033	1.989303	0	
12	1.9883808	1.9883824	1.9883821	0	
13	1.9874617	1.9874632	1.987463	0	
14	1.9865442	1.9865457	1.9865455	0	
15	1.9856284	1.98563	1.9856297	0	
16	1.9847143	1.9847159	1.9847156	0	
17	1.983802	1.9838035	1.9838032	0	
18	1.9828913	1.9828928	1.9828925	0	
19	1.9819822	1.9819838	1.9819835	0	
20	1.9810749	1.9810764	1.9810762	0	
21	1.9801692	1.9801707	1.9801705	0	
22	1.9792652	1.9792667	1.9792665	0	
23	1.9783628	1.9783644	1.9783641	0	
24	1.9774621	1.9774637	1.9774634	0	
25	1.9765631	1.9765646	1.9765644	0	
26	1.9756657	1.9756672	1.975667	0	
27	1.9747699	1.9747715	1.9747712	0	
28	1.9738758	1.9738773	1.9738771	0	
29	1.9729833	1.9729848	1.9729846	0	
30	1.9720925	1.972094	1.9720937	0	
31	1.9712032	1.9712047	1.9712045	0	
32	1.9703156	1.9703171	1.9703169	0	
33	1.9694296	1.9694311	1.9694308	0	
34	1.9685452	1.9685467	1.9685464	0	
35	1.9676624	1.9676639	1.9676636	0	
36	1.9667812	1.9667827	1.9667824	0	
37	1.9659016	1.9659031	1.9659028	0	
38	1.9650236	1.965025	1.9650248	0	
39	1.9641471	1.9641486	1.9641484	0	
40	1.9632723	1.9632738	1.9632735	0	
41	1.962399	1.9624005	1.9624002	0	
42	1.9615273	1.9615288	1.9615285	0	
43	1.9606572	1.9606586	1.9606584	0	
44	1.9597886	1.9597901	1.9597898	0	
45	1.9571938	1.9571952	1.957195	0	
50	1.9528973	1.9528987	1.9528985	0	
55	1.9486389	1.9486404	1.9486401	0	
60	1.9444181	1.9444195	1.9444193	0	
65	1.9402343	1.9402358	1.9402355	0	
70	1.9360871	1.9360885	1.9360883	0	
75	1.9319759	1.9319773	1.9319771	0	
80	1.9279002	1.9279016	1.9279014	0	
85	1.9238596	1.923861	1.9238608	0	


precision, %
wave=450 nm
height, km	60	
0	0.072007852	
0.05	0.13193596	
0.1	0.088015821	
0.15	0.0719467	
0.2	0.072439941	
0.25	0.072469526	
0.3	0.07249344	
0.35	0.072517097	
0.4	0.072518643	
0.45	0.072518934	
0.5	0.072519018	
0.55	0.072519044	
0.6	0.072519053	
0.65	0.072519056	
0.7	0.072519058	
0.75	0.072519058	
0.8	0.072519058	
0.85	0.072519058	
0.9	0.072519059	
0.95	0.072519059	
1	0.072519059	
1.1	0.072519059	
1.2	0.072519059	
1.3	0.072519059	
1.4	0.072519059	
1.5	0.072519059	
1.6	0.072519059	
1.7	0.072519059	
1.8	0.072519059	
1.9	0.072519059	
2	0.072519059	
2.2	0.07251906	
2.4	0.07251906	
2.6	0.07251906	
2.8	0.07251906	
3	0.07251906	
3.2	0.07251906	
3.3	0.07251906	
3.4	0.07251906	
3.6	0.072519061	
3.8	0.072519061	
4	0.072519061	
4.4	0.072519061	
4.5	0.072519061	
4.8	0.072519061	
5	0.072519062	
5.5	0.072519062	
6	0.072519062	
6.47	0.072519063	
8	0.072519064	
9	0.072519065	
10	0.072519066	
11	0.072519066	
12	0.072519067	
13	0.072519068	
14	0.072519068	
15	0.072519069	
16	0.07251907	
17	0.072519071	
18	0.072519071	
19	0.072519072	
20	0.072519073	
21	0.072519073	
22	0.072519074	
23	0.072519075	
24	0.072519075	
25	0.072519076	
26	0.072519077	
27	0.072519078	
28	0.072519078	
29	0.072519079	
30	0.07251908	
31	0.07251908	
32	0.072519081	
33	0.072519082	
34	0.072519082	
35	0.072519083	
36	0.072519084	
37	0.072519084	
38	0.072519085	
39	0.072519086	
40	0.072519086	
41	0.072519087	
42	0.072519088	
43	0.072519088	
44	0.072519089	
45	0.072519091	
50	0.072519094	
55	0.072519098	
60	0.072519101	
65	0.072519104	
70	0.072519107	
75	0.07251911	
80	0.072519113	
85	0.072519116	


-------------------------------------------------
tet=89.6  fi=180
	60	
450	0.018175219	

	60	
450	7.7109493	

	60	
450	0.97170439	



ord=1
	60	
450	30.757774	

	60	
450	5.8780584	

	60	
450	0.066107172	

enhancement factor
ord=0
wave=450 nm
zenith, km	60	
Stoks:	     1.1419827	  -0.088057705	 -0.0051415839	 0.00012917567	
enhancement factor
0	48.359181	45.0128	-20.638915	43.423021	
0.05	6.2102013	2.3816709	6.24269	-27.956958	
0.1	3.3937676	-0.10294365	4.3588251	-10.616447	
0.15	3.0217352	-0.28431824	3.4065756	-8.3665302	
0.2	2.9118506	-0.0370489	3.1002927	-4.8568111	
0.25	2.8222319	-0.013507393	2.1385541	-11.089945	
0.3	2.7385953	-0.047123425	0.039406902	-8.1526762	
0.35	2.7033456	-0.025510998	1.4428947	-0.026829808	
0.4	2.6748941	-0.041658808	2.1025039	-1.3798078	
0.45	2.6325343	0.28432565	4.3020043	2.0730417	
0.5	2.5939904	0.22145936	3.973566	8.9371346	
0.55	2.5765813	0.2611622	4.9847076	6.7481296	
0.6	2.5359009	0.4667901	4.0371344	4.1612435	
0.65	2.544431	0.40381556	7.4100522	-1.8360602	
0.7	2.5191141	0.45986542	6.2183825	5.6625849	
0.75	2.5029354	0.30296235	4.6593945	3.5294079	
0.8	2.4981351	0.31743545	4.3766034	0.55782528	
0.85	2.4840112	0.37667936	2.9117553	4.4147693	
0.9	2.4879503	0.53109103	3.0094452	1.980701	
0.95	2.4651339	0.61698475	2.1932413	0.5460343	
1	2.4798358	0.46123468	2.7745357	24.721205	
1.1	2.4497057	0.67077212	2.3259296	9.4274654	
1.2	2.4492668	0.69193958	2.0512477	3.9849699	
1.3	2.4161386	0.75118718	1.7753799	3.9351454	
1.4	2.3995227	0.81579065	3.4132981	7.8346284	
1.5	2.3829614	0.89537778	3.9728451	6.7783231	
1.6	2.3767325	0.88921714	4.5479604	-3.6648827	
1.7	2.3565524	0.98775046	4.2425445	2.9880559	
1.8	2.3463723	1.0040441	2.9892287	6.5696597	
1.9	2.3527811	0.92951158	3.0263999	7.448999	
2	2.3463953	0.92327361	1.0671006	8.4313715	
2.2	2.3166167	1.0740545	2.6709938	10.682523	
2.4	2.3071586	1.1434838	3.8131761	9.2627596	
2.6	2.2951636	1.1126289	3.5800612	7.5369308	
2.8	2.3031768	1.1115659	2.4575339	11.595107	
3	2.316132	1.1763162	2.9105261	13.171503	
3.2	2.3276632	1.4242391	1.101572	12.593972	
3.3	2.3145656	1.3875484	0.47595288	10.084763	
3.4	2.3112134	1.3175185	1.6036338	9.0775774	
3.6	2.3072709	1.2521068	2.0266892	10.817643	
3.8	2.3110568	1.3372019	2.5974683	17.154653	
4	2.3563457	1.3964325	2.685009	11.567041	
4.4	2.3349384	1.2629625	3.4439546	17.785037	
4.5	2.3199497	1.1936732	4.132857	16.617598	
4.8	2.328482	1.1420365	2.1921634	16.221189	
5	2.319302	1.2112503	1.9552318	10.640457	
5.5	2.3037522	1.5841254	3.335751	4.6323763	
6	2.2905498	1.5407412	4.5222346	1.9033207	
6.47	2.3028745	1.2979933	6.5319539	-1.1205181	
8	2.2516755	1.6803213	4.1532774	1.1896044	
9	2.231779	1.5949284	-2.9824009	-6.3507773	
10	2.1782095	1.6404087	0.25716499	-3.108968	
11	2.1685465	1.777704	-2.3155093	-12.213379	
12	2.1483183	1.8072251	-2.8384792	-1.1477542	
13	2.1188358	1.8276583	-1.1398544	0.90554028	
14	2.1013272	1.8004428	-0.3373457	4.1862043	
15	2.1074606	1.7381288	-0.21475789	2.7949084	
16	2.1067408	1.9095883	4.0799393	5.8477683	
17	2.0820063	1.9549546	1.9558204	7.2137374	
18	2.0865491	2.0097075	6.5523186	-9.2813715	
19	2.0593658	1.9164406	3.4306929	5.9335474	
20	2.057148	1.8949429	3.5523628	5.2012431	
21	2.0470079	1.9250256	3.1797812	2.4867121	
22	2.0330888	1.9490483	2.9675912	3.382384	
23	2.0250321	1.9589246	2.9203885	4.0292815	
24	2.0158501	1.9608383	2.5230665	3.1559687	
25	2.0818482	1.4882652	15.985061	25.460922	
26	2.0581292	1.6095548	12.593347	19.486108	
27	2.0136483	1.820021	6.6066684	8.654676	
28	2.0013957	1.8782926	4.6774538	5.6634113	
29	1.9865593	1.9644039	2.2634416	1.608271	
30	1.9843964	1.9622586	2.4559853	1.8809006	
31	1.9822166	1.9655295	2.3975042	1.8088538	
32	1.9784147	1.9774873	2.222532	1.6598962	
33	1.9765806	1.9775291	2.1453823	1.5351369	
34	1.9741054	1.9789767	2.0869811	1.9991051	
35	1.9732248	1.9793829	2.0838099	2.0320001	
36	1.9718127	1.9778808	2.0329353	2.0971166	
37	1.9706622	1.9768891	2.0033473	2.0641513	
38	1.9697062	1.9761729	1.9922996	2.0274313	
39	1.9688518	1.9752004	2.0023401	2.0102457	
40	1.9679154	1.97417	2.0053054	1.9993322	
41	1.9669955	1.9732722	2.0055834	1.9906222	
42	1.9660716	1.9723644	2.003869	1.9906056	
43	1.9651873	1.9714622	2.0027591	1.990023	
44	1.9640825	1.9696817	1.9989047	2.026441	
45	1.9613262	1.9667203	1.978002	1.9966998	
50	1.9569326	1.9621151	1.9684284	1.9870486	
55	1.9526064	1.9575802	1.9632166	1.9851864	
60	1.9483529	1.9532863	1.958941	1.9806181	
65	1.9441342	1.9490303	1.9547104	1.9760924	
70	1.9399551	1.9448124	1.9504464	1.9716086	
75	1.9358125	1.9406315	1.9462199	1.9671662	
80	1.9317059	1.936487	1.9420304	1.9627645	
85	1.9276347	1.9323786	1.9378776	1.958403	


precision, %
wave=450 nm
height, km	60	
0	1.0347284	
0.05	1.5403193	
0.1	1.441761	
0.15	1.5038442	
0.2	1.3487507	
0.25	1.352254	
0.3	1.3602839	
0.35	1.4752336	
0.4	1.3949711	
0.45	1.365718	
0.5	1.3332955	
0.55	1.3081074	
0.6	1.2437949	
0.65	1.3409641	
0.7	1.2941737	
0.75	1.3247949	
0.8	1.3791789	
0.85	1.3219247	
0.9	1.4772667	
0.95	1.4556694	
1	1.8050579	
1.1	1.4575069	
1.2	1.4513983	
1.3	1.3236291	
1.4	1.2727849	
1.5	1.2927621	
1.6	1.3945103	
1.7	1.2980614	
1.8	1.2905009	
1.9	1.2657883	
2	1.3307343	
2.2	1.2945128	
2.4	1.3256457	
2.6	1.2238332	
2.8	1.2604698	
3	1.3151596	
3.2	1.3978979	
3.3	1.4092792	
3.4	1.3084707	
3.6	1.2923602	
3.8	1.3511081	
4	1.590776	
4.4	1.4836675	
4.5	1.4462243	
4.8	1.754187	
5	1.7019402	
5.5	1.7379426	
6	1.6305207	
6.47	1.7368127	
8	1.6071399	
9	1.7982311	
10	1.2984579	
11	1.5923265	
12	1.8048842	
13	1.5706382	
14	1.4765282	
15	1.5695567	
16	1.7092614	
17	1.5101054	
18	1.6907268	
19	1.3746803	
20	1.4634097	
21	1.3334893	
22	1.2499919	
23	1.2143632	
24	1.1759487	
25	3.8756638	
26	3.0251198	
27	1.5402786	
28	1.2115463	
29	0.98532779	
30	0.98573733	
31	0.9827837	
32	0.97698603	
33	0.97780446	
34	0.97614116	
35	0.97591742	
36	0.97449261	
37	0.97373036	
38	0.97356261	
39	0.97365353	
40	0.97359098	
41	0.97348908	
42	0.97367478	
43	0.97367454	
44	0.97315706	
45	0.97282616	
50	0.97270207	
55	0.97263306	
60	0.97261964	
65	0.97261357	
70	0.972605	
75	0.97259658	
80	0.9725883	
85	0.97258016	


ord=1
wave=450 nm
zenith, km	60	
Stoks:	    0.35124845	  -0.020646589	 0.00039342478	             0	
enhancement factor
0	46.649473	46.185222	138.94046	0	
0.05	5.1374327	4.3468859	123.60722	0	
0.1	2.2957954	2.1930342	18.480111	0	
0.15	2.0313588	2.0347415	1.986918	0	
0.2	2.0056532	2.0059073	2.0123802	0	
0.25	2.0019012	2.001982	2.0026047	0	
0.3	2.0012193	2.0012218	2.0027924	0	
0.35	2.0010313	2.0010123	2.0068799	0	
0.4	2.0009531	2.0009296	2.0069176	0	
0.45	2.0008979	2.0008731	2.0068699	0	
0.5	2.0008484	2.0008232	2.0068222	0	
0.55	2.0008005	2.0007752	2.0067745	0	
0.6	2.0007531	2.0007277	2.0067269	0	
0.65	2.0007059	2.0006805	2.0066792	0	
0.7	2.0006587	2.0006333	2.0066315	0	
0.75	2.0006115	2.0005862	2.0065839	0	
0.8	2.0005644	2.000539	2.0065362	0	
0.85	2.0005173	2.0004919	2.0064886	0	
0.9	2.0004701	2.0004448	2.0064409	0	
0.95	2.000423	2.0003977	2.0063933	0	
1	2.0003523	2.000327	2.0063219	0	
1.1	2.0002581	2.0002328	2.0062266	0	
1.2	2.0001639	2.0001386	2.0061314	0	
1.3	2.0000698	2.0000444	2.0060362	0	
1.4	1.9999756	1.9999503	2.005941	0	
1.5	1.9998815	1.9998561	2.0058458	0	
1.6	1.9997873	1.999762	2.0057507	0	
1.7	1.9996932	1.9996679	2.0056555	0	
1.8	1.9995991	1.9995738	2.0055604	0	
1.9	1.9995051	1.9994797	2.0054653	0	
2	1.999364	1.9993387	2.0053227	0	
2.2	1.9991759	1.9991506	2.0051326	0	
2.4	1.998988	1.9989627	2.0049425	0	
2.6	1.9988001	1.9987748	2.0047526	0	
2.8	1.9986123	1.998587	2.0045627	0	
3	1.9984245	1.9983992	2.0043729	0	
3.2	1.9982837	1.9982585	2.0042306	0	
3.3	1.9981899	1.9981647	2.0041357	0	
3.4	1.9980492	1.998024	2.0039935	0	
3.6	1.9978617	1.9978364	2.0038039	0	
3.8	1.9976742	1.997649	2.0036144	0	
4	1.9973931	1.9973679	2.0033302	0	
4.4	1.997159	1.9971338	2.0030936	0	
4.5	1.9969718	1.9969466	2.0029043	0	
4.8	1.9967379	1.9967127	2.0026678	0	
5	1.9964106	1.9963854	2.002337	0	
5.5	1.9959434	1.9959183	2.0018647	0	
6	1.9954907	1.9954655	2.001407	0	
6.47	1.9945586	1.9945335	2.0004648	0	
8	1.9933818	1.9933567	1.9992751	0	
9	1.9924535	1.9924285	1.9983367	0	
10	1.9915269	1.991502	1.9974001	0	
11	1.9906021	1.9905772	1.9964652	0	
12	1.989679	1.9896542	1.9955321	0	
13	1.9887576	1.9887328	1.9946007	0	
14	1.987838	1.9878132	1.9936711	0	
15	1.98692	1.9868953	1.9927432	0	
16	1.9860037	1.985979	1.991817	0	
17	1.9850892	1.9850645	1.9908926	0	
18	1.9841763	1.9841517	1.9899699	0	
19	1.9832651	1.9832405	1.9890489	0	
20	1.9823556	1.982331	1.9881296	0	
21	1.9814477	1.9814233	1.987212	0	
22	1.9805416	1.9805171	1.9862961	0	
23	1.9796371	1.9796127	1.9853819	0	
24	1.9787342	1.9787099	1.9844693	0	
25	1.9778331	1.9778087	1.9835585	0	
26	1.9769335	1.9769093	1.9826494	0	
27	1.9760356	1.9760114	1.9817419	0	
28	1.9751394	1.9751152	1.9808361	0	
29	1.9742448	1.9742207	1.9799319	0	
30	1.9733518	1.9733277	1.9790294	0	
31	1.9724605	1.9724364	1.9781286	0	
32	1.9715708	1.9715467	1.9772294	0	
33	1.9706827	1.9706587	1.9763319	0	
34	1.9697962	1.9697722	1.975436	0	
35	1.9689113	1.9688874	1.9745418	0	
36	1.9680281	1.9680042	1.9736491	0	
37	1.9671464	1.9671225	1.9727581	0	
38	1.9662663	1.9662425	1.9718688	0	
39	1.9653878	1.9653641	1.970981	0	
40	1.9645109	1.9644872	1.9700948	0	
41	1.9636356	1.9636119	1.9692103	0	
42	1.9627619	1.9627382	1.9683274	0	
43	1.9618897	1.9618661	1.967446	0	
44	1.9610191	1.9609956	1.9665663	0	
45	1.9584183	1.9583948	1.9639381	0	
50	1.9541118	1.9540886	1.9595867	0	
55	1.9498436	1.9498206	1.9552742	0	
60	1.9456131	1.9455903	1.9509999	0	
65	1.9414198	1.9413971	1.9467634	0	
70	1.9372632	1.9372407	1.9425641	0	
75	1.9331427	1.9331203	1.9384016	0	
80	1.9290578	1.9290357	1.9342753	0	
85	1.9250082	1.9249862	1.9301847	0	


precision, %
wave=450 nm
height, km	60	
0	0.065259852	
0.05	0.11212059	
0.1	0.078281298	
0.15	0.065542617	
0.2	0.066010163	
0.25	0.06603936	
0.3	0.066061138	
0.35	0.066082287	
0.4	0.06608369	
0.45	0.066083958	
0.5	0.066084037	
0.55	0.066084062	
0.6	0.066084072	
0.65	0.066084076	
0.7	0.066084079	
0.75	0.066084081	
0.8	0.066084082	
0.85	0.066084084	
0.9	0.066084085	
0.95	0.066084087	
1	0.066084089	
1.1	0.066084092	
1.2	0.066084095	
1.3	0.066084098	
1.4	0.066084101	
1.5	0.066084103	
1.6	0.066084106	
1.7	0.066084109	
1.8	0.066084112	
1.9	0.066084115	
2	0.066084119	
2.2	0.066084125	
2.4	0.066084131	
2.6	0.066084137	
2.8	0.066084143	
3	0.066084148	
3.2	0.066084153	
3.3	0.066084156	
3.4	0.06608416	
3.6	0.066084166	
3.8	0.066084171	
4	0.06608418	
4.4	0.066084187	
4.5	0.066084193	
4.8	0.0660842	
5	0.06608421	
5.5	0.066084225	
6	0.066084238	
6.47	0.066084267	
8	0.066084303	
9	0.066084332	
10	0.06608436	
11	0.066084388	
12	0.066084417	
13	0.066084445	
14	0.066084473	
15	0.066084501	
16	0.066084529	
17	0.066084557	
18	0.066084585	
19	0.066084613	
20	0.066084641	
21	0.066084668	
22	0.066084696	
23	0.066084723	
24	0.066084751	
25	0.066084778	
26	0.066084806	
27	0.066084833	
28	0.06608486	
29	0.066084888	
30	0.066084915	
31	0.066084942	
32	0.066084969	
33	0.066084996	
34	0.066085023	
35	0.066085049	
36	0.066085076	
37	0.066085103	
38	0.066085129	
39	0.066085156	
40	0.066085183	
41	0.066085209	
42	0.066085235	
43	0.066085262	
44	0.066085288	
45	0.066085366	
50	0.066085496	
55	0.066085624	
60	0.066085751	
65	0.066085877	
70	0.066086001	
75	0.066086123	
80	0.066086245	
85	0.066086365	


