RT Model MCC++	 O.Postylyakov	ver.72
MixedSimC<atmos::StoksC,MCSimC<atmos::StoksC,MCWMethodC<atmos::StoksC,SphericalGeomT>>,SSSimC<atmos::StoksC,MCSimC<atmos::StoksC,MSSMethodC<atmos::StoksC,SphericalGeomT,1000>>>>	ps::cLCG2C	Density: double	AMFs: Yes	ORDERS_ACCOUNT: ATM_COLLGS_ORDERS
photons passed	base/max expendeture	EPS-breakes	MaxCollgs-Breaks	MinPhWgt-Breaks	average colligions
20000	0.0247672/0.0330968	0	0	0	3.219	
SpecialSamplingCollgs	ForceCollgSimul	EPS	ssEPS	MaxCollgs	MinPhWgt	BaseMod	
1	0	0.001	1e-12	500	1e-300	0	
Albedo	time	IY
0.05	0.03935	{ 1296848147 907879440 ; 40014 40692 2147483563 2147483399 }	
 -6370.99	 -6370.99	 -5791.81	 -5212.63	 -4633.45	 -4054.27	 -3475.09	  -2895.9	 -2316.72	 -1737.54	 -1158.36	 -579.181	-9.09495e-13	  12.8571	  25.7143	  38.5714	  51.4286	  64.2857	  77.1429	       90	
        0	        0	0.0080361	 0.024108	 0.040179	 0.056251	 0.072322	 0.088394	  0.10447	  0.12054	  0.13661	  0.15268	  0.16875	0.0039284	0.0039364	0.0039443	0.0039522	0.0039601	 0.003968	 0.003976	
        0	        0	        0	        0	        0	        0	        0	        0	        0	        0	        0	        0	        0	        0	        0	        0	        0	        0	        0	        0	
        0	        0	        0	        0	        0	        0	        0	        0	        0	        0	        0	        0	        0	        0	        0	        0	        0	        0	        0	        0	

-------------------------------------------------
tet=82  fi=0
	60	
450	0.077926	

	60	
450	-0.23737	

	60	
450	0.45451	



ord=1
	60	
450	59.169	

	60	
450	1.8411	

	60	
450	0.0072137	

enhancement factor
ord=0
wave=450 nm
zenith, km	60	
Stoks:	     4.8962393	   0.011622198	-4.5146685e-06	-8.9098301e-05	
enhancement factor
0	7.1058533	14.515712	-368.11673	6.4215407	
0.05	6.976647	18.021638	3327.5546	2.7958677	
0.1	6.5219031	22.703198	6512.1439	7.870624	
0.15	6.1149752	26.337369	5630.4742	3.242554	
0.2	5.778058	25.980069	9114.9676	-10.237848	
0.25	5.4512087	25.460961	5914.4602	-11.042249	
0.3	5.1412325	29.273645	1366.034	-13.304293	
0.35	4.8694669	28.806084	2535.2363	-2.5846861	
0.4	4.6223851	27.753505	1866.0708	-10.192079	
0.45	4.4412165	30.667802	3742.6213	5.1347958	
0.5	4.24744	33.27396	1328.748	-3.7800579	
0.55	4.0919844	31.140721	-6329.4911	-9.0943708	
0.6	3.9443708	30.421877	-10116.115	-14.036119	
0.65	3.7808115	30.20536	-5162.361	-6.4013341	
0.7	3.6568602	28.638186	-102.84831	-9.3511678	
0.75	3.5570553	29.375859	286.31663	-6.8155809	
0.8	3.4534167	28.358869	-1608.3602	-5.8969128	
0.85	3.3588658	28.03525	-3802.8257	-15.511686	
0.9	3.300231	27.926436	-2614.3456	-30.087222	
0.95	3.2248374	26.403785	4024.5208	3.9035964	
1	3.1119741	26.665336	-580.6897	-12.627028	
1.1	2.9901071	28.568125	-577.83304	-27.617601	
1.2	2.904075	29.215142	1322.9714	-37.929017	
1.3	2.827398	28.02261	3817.0166	-39.691889	
1.4	2.7452477	27.116393	4023.0103	-41.99008	
1.5	2.674457	25.678128	-581.1217	-41.537142	
1.6	2.6310944	24.640348	2209.01	-39.574655	
1.7	2.5787475	23.965917	-1818.8	-31.968737	
1.8	2.5314374	25.806124	-1348.1723	5.4605265	
1.9	2.4975674	23.583739	-1613.3368	-14.65075	
2	2.4624332	22.419301	-4637.1332	-3.5275031	
2.2	2.4049025	21.429023	-1193.0045	-7.8662389	
2.4	2.368994	21.41026	804.44483	-9.2582701	
2.6	2.3363946	21.211221	-6113.367	-2.3812654	
2.8	2.3102629	20.520251	-2074.1266	-16.585197	
3	2.290389	21.227262	-6211.0561	-1.2490918	
3.2	2.2815822	21.489058	-6191.7214	5.7917158	
3.3	2.2735028	21.019605	-2821.6124	13.40327	
3.4	2.2594832	19.75374	-4514.8162	2.497596	
3.6	2.244828	17.996309	-8173.2149	-10.302272	
3.8	2.2256572	19.814436	1457.3615	-6.8535401	
4	2.2259566	22.460741	487.92909	2.0869254	
4.4	2.2190741	22.388057	-3638.8066	-17.280825	
4.5	2.2129672	21.388721	4781.4663	-17.984457	
4.8	2.1936876	20.114773	8721.9969	-32.791844	
5	2.1830808	20.284107	4748.2267	-50.263785	
5.5	2.1736469	21.764671	-801.53891	-24.068768	
6	2.1541112	17.910098	-808.36462	-17.353501	
6.47	2.1300538	16.70163	5124.7697	-6.833749	
8	2.1045442	14.251876	6673.6009	1.2790945	
9	2.0880352	12.085043	3821.4181	-10.512926	
10	2.0846642	12.230759	4178.5289	-11.747248	
11	2.0800998	15.498047	1755.8933	-18.01766	
12	2.0607953	9.9846071	1912.4275	-18.382584	
13	2.0478805	8.5531295	-192.49223	-16.779199	
14	2.0421363	7.9878336	-1152.7276	-11.638614	
15	2.0331766	7.055634	-1808.0557	-2.4739925	
16	2.0260991	6.4659419	-2643.5572	-6.4683139	
17	2.023192	6.5337939	-1772.8073	-21.647451	
18	2.0130705	5.690443	-851.87093	-11.881581	
19	2.0060268	4.759825	-162.67343	-8.9605807	
20	2.0001731	4.3555411	141.75282	-8.1143279	
21	1.9949167	3.8068989	361.90752	-7.8217416	
22	1.9915114	3.4897786	485.64532	-4.6632738	
23	1.9875885	3.3125941	1178.6555	-1.0122599	
24	1.9840578	2.9170266	793.06526	-1.1981902	
25	1.9813437	2.7561193	766.01242	-1.411748	
26	1.9797926	2.7103733	587.84891	-1.417682	
27	1.9784114	2.6204457	512.7121	-0.80143282	
28	1.9764441	2.2529381	294.32584	1.8174258	
29	1.9749594	2.2050596	201.69945	2.4701127	
30	1.9735136	2.1879987	118.91654	2.6253533	
31	1.9716531	2.0836152	-11.962192	3.3487805	
32	1.970365	1.993228	130.71261	3.404839	
33	1.9692258	1.9627208	144.58734	3.3015062	
34	1.9674396	1.9405841	14.242129	2.8124313	
35	1.9663669	1.9711046	21.703415	2.404703	
36	1.965437	1.9688509	17.198144	2.3719289	
37	1.9645061	1.9685442	1.5568479	2.3371788	
38	1.963596	1.9598514	-2.3873457	2.4022839	
39	1.9626972	1.958613	-1.0348638	2.4048958	
40	1.9618048	1.9576648	-0.678166	2.4036788	
41	1.9608364	1.9452806	-5.9142697	2.3051222	
42	1.9599177	1.9431522	-17.704429	2.1683346	
43	1.9590399	1.9421076	-15.122091	2.1664091	
44	1.958167	1.9412921	-14.072144	2.1645389	
45	1.9555647	1.9391388	-13.139381	2.1592343	
50	1.951252	1.9387504	-12.294566	2.1203156	
55	1.947006	1.9338434	-21.49425	2.1300435	
60	1.9427871	1.9272334	-16.401371	2.0436438	
65	1.9386134	1.9227398	-15.347972	2.0236858	
70	1.9344782	1.918744	-15.218219	2.0188838	
75	1.9303792	1.9147732	-15.090171	2.0141263	
80	1.9263158	1.9108314	-14.963798	2.0094129	
85	1.9222874	1.9069207	-14.839068	2.0047428	


precision, %
wave=450 nm
height, km	60	
0	0.47863375	
0.05	0.50561365	
0.1	0.52816701	
0.15	0.52260469	
0.2	0.53936656	
0.25	0.56689826	
0.3	0.52023096	
0.35	0.50315092	
0.4	0.48818754	
0.45	0.52691331	
0.5	0.56155966	
0.55	0.60017398	
0.6	0.60681754	
0.65	0.56431667	
0.7	0.56876723	
0.75	0.60231778	
0.8	0.58580899	
0.85	0.57590067	
0.9	0.63819207	
0.95	0.65897962	
1	0.57054063	
1.1	0.59155676	
1.2	0.61368991	
1.3	0.60395553	
1.4	0.59018534	
1.5	0.59971974	
1.6	0.76134254	
1.7	0.59099194	
1.8	0.61745944	
1.9	0.56496968	
2	0.57311627	
2.2	0.5581758	
2.4	0.56139074	
2.6	0.65104888	
2.8	0.59923949	
3	0.61455183	
3.2	0.64865621	
3.3	0.64696469	
3.4	0.6271513	
3.6	0.64999853	
3.8	0.60993413	
4	0.68644985	
4.4	0.67373771	
4.5	0.70531846	
4.8	0.70871233	
5	0.74177363	
5.5	0.77247606	
6	0.69219931	
6.47	0.63620951	
8	0.6310732	
9	0.64114351	
10	0.62497429	
11	0.87456691	
12	0.60021741	
13	0.57441328	
14	0.55304046	
15	0.52274749	
16	0.54027375	
17	0.5513739	
18	0.51100863	
19	0.48803165	
20	0.47971796	
21	0.47604299	
22	0.47348328	
23	0.47179147	
24	0.46187042	
25	0.45538981	
26	0.45489076	
27	0.45352132	
28	0.45287966	
29	0.45394785	
30	0.45359733	
31	0.45305277	
32	0.45365978	
33	0.45363202	
34	0.45504457	
35	0.45515562	
36	0.45501622	
37	0.45471281	
38	0.45469598	
39	0.45471085	
40	0.45474756	
41	0.45469993	
42	0.45460129	
43	0.45459985	
44	0.45460151	
45	0.45461201	
50	0.45471634	
55	0.45473604	
60	0.45474738	
65	0.45474854	
70	0.45474724	
75	0.45474587	
80	0.45474448	
85	0.45474309	


ord=1
wave=450 nm
zenith, km	60	
Stoks:	     2.8970561	  -0.053338044	-5.0124142e-05	             0	
enhancement factor
0	7.0663811	7.0023714	16.03104	0	
0.05	6.9253085	6.9102401	15.712017	0	
0.1	6.4089993	6.4436326	15.819058	0	
0.15	5.9595739	6.0246204	15.836177	0	
0.2	5.5670894	5.6627071	17.556699	0	
0.25	5.2231623	5.341493	16.055411	0	
0.3	4.9206492	5.0579855	14.682575	0	
0.35	4.6534083	4.8063737	11.360062	0	
0.4	4.4168017	4.5785503	10.110585	0	
0.45	4.2067264	4.3772392	10.29579	0	
0.5	4.019604	4.1955429	11.69748	0	
0.55	3.8525566	4.033246	12.068238	0	
0.6	3.7032688	3.889277	10.069005	0	
0.65	3.5691278	3.7560484	9.8796998	0	
0.7	3.4485018	3.6348943	9.6837747	0	
0.75	3.3398298	3.5276471	10.074455	0	
0.8	3.2416278	3.4316543	9.2822963	0	
0.85	3.1528609	3.344098	9.5767344	0	
0.9	3.0723816	3.2636641	10.304604	0	
0.95	2.9992901	3.19024	10.24129	0	
1	2.9037239	3.0937672	9.9829679	0	
1.1	2.7920763	2.9798816	9.1393221	0	
1.2	2.6982168	2.8841054	10.001492	0	
1.3	2.6187525	2.8018816	10.130143	0	
1.4	2.5510632	2.7302862	9.5109394	0	
1.5	2.4930946	2.6681769	9.5835276	0	
1.6	2.4431899	2.614453	8.9766501	0	
1.7	2.399982	2.5669244	8.2634677	0	
1.8	2.3624192	2.5256089	7.8945329	0	
1.9	2.3296165	2.488916	7.7188659	0	
2	2.2885653	2.4424399	7.2779149	0	
2.2	2.243313	2.3902771	7.2109284	0	
2.4	2.20752	2.3473104	7.3060644	0	
2.6	2.1788305	2.311845	7.1802341	0	
2.8	2.155417	2.2844211	5.6853767	0	
3	2.1360725	2.2634605	2.9284415	0	
3.2	2.1237354	2.2468342	2.919589	0	
3.3	2.1165371	2.2368222	2.8979956	0	
3.4	2.1070114	2.2233207	2.8239994	0	
3.6	2.095837	2.2068152	2.6096398	0	
3.8	2.0863352	2.1922404	2.5880969	0	
4	2.0748419	2.173569	2.6128052	0	
4.4	2.0664314	2.1594827	2.4944454	0	
4.5	2.0610759	2.1499807	2.3445171	0	
4.8	2.055052	2.1390205	2.376904	0	
5	2.0483221	2.1256748	2.412811	0	
5.5	2.0404158	2.1090568	2.6367676	0	
6	2.0343727	2.0955674	2.4869856	0	
6.47	2.0251084	2.0732202	2.0525229	0	
8	2.0159681	2.0505442	2.1682193	0	
9	2.01073	2.0370566	2.1924348	0	
10	2.0062495	2.0266365	2.1615111	0	
11	2.0023932	2.0185812	2.1096338	0	
12	1.9992002	2.0118934	2.0527119	0	
13	1.9964	2.0062866	2.0950816	0	
14	1.9938632	2.0016196	2.1355902	0	
15	1.991543	1.997694	2.135926	0	
16	1.9893959	1.9943703	2.1061291	0	
17	1.9873911	1.9915171	2.0786361	0	
18	1.9855234	1.9890228	2.0766081	0	
19	1.9838038	1.9867778	2.0468116	0	
20	1.9822282	1.9847396	1.9867058	0	
21	1.9807761	1.9828847	1.9857431	0	
22	1.9794233	1.9811842	1.9847833	0	
23	1.9781518	1.9796132	1.9838264	0	
24	1.9769468	1.9781321	1.9840443	0	
25	1.9757942	1.9766527	2.0014114	0	
26	1.9746909	1.9753611	2.0003735	0	
27	1.9736257	1.9741373	2.0002996	0	
28	1.9725901	1.9729673	2.0046573	0	
29	1.9715819	1.97184	2.0036064	0	
30	1.9705956	1.9707514	2.00256	0	
31	1.9696282	1.969698	2.001518	0	
32	1.9686763	1.968673	2.0004801	0	
33	1.9677369	1.9676691	1.9994465	0	
34	1.9668079	1.9666829	1.998417	0	
35	1.9658876	1.9657048	1.9837388	0	
36	1.9649748	1.9647339	1.9564294	0	
37	1.9640705	1.9637931	1.9555664	0	
38	1.9631723	1.9628636	1.954705	0	
39	1.9622795	1.9619439	1.9538451	0	
40	1.9613914	1.9610326	1.9529867	0	
41	1.9605074	1.9601281	1.9524835	0	
42	1.959627	1.9592275	1.9544178	0	
43	1.9587501	1.9583355	1.9535522	0	
44	1.9578764	1.9574486	1.9526883	0	
45	1.9552742	1.9548191	1.9498713	0	
50	1.9509745	1.9504882	1.9424382	0	
55	1.9467228	1.9462213	1.9382632	0	
60	1.942513	1.9420052	1.9341247	0	
65	1.9383422	1.9378329	1.9300221	0	
70	1.9342089	1.9337007	1.925955	0	
75	1.930112	1.9296064	1.9219228	0	
80	1.9260506	1.9255484	1.9179252	0	
85	1.9220243	1.9215257	1.9139616	0	


precision, %
wave=450 nm
height, km	60	
0	0.012714625	
0.05	0.010828188	
0.1	0.010424609	
0.15	0.0099073352	
0.2	0.00914296	
0.25	0.0085151473	
0.3	0.0082642888	
0.35	0.0079425541	
0.4	0.0076032601	
0.45	0.0073238793	
0.5	0.0070420234	
0.55	0.0067874779	
0.6	0.0067241476	
0.65	0.0065028012	
0.7	0.0064109006	
0.75	0.0063309042	
0.8	0.0062568693	
0.85	0.0062468728	
0.9	0.006259796	
0.95	0.0063034074	
1	0.0061966089	
1.1	0.0061582448	
1.2	0.0062143164	
1.3	0.0060999093	
1.4	0.0060811904	
1.5	0.0060667978	
1.6	0.0061033286	
1.7	0.0061171931	
1.8	0.0062295173	
1.9	0.0063115718	
2	0.0064198858	
2.2	0.0065615262	
2.4	0.0066415429	
2.6	0.0067214543	
2.8	0.0067846448	
3	0.0068191337	
3.2	0.0068531166	
3.3	0.0069138199	
3.4	0.0069250547	
3.6	0.0069239142	
3.8	0.006932159	
4	0.0069375392	
4.4	0.0069556594	
4.5	0.0069655922	
4.8	0.0069877759	
5	0.0070289403	
5.5	0.0070411314	
6	0.0070610417	
6.47	0.0070919454	
8	0.0071213815	
9	0.0071496067	
10	0.0071657783	
11	0.0071613752	
12	0.0071610713	
13	0.0071686758	
14	0.0071822034	
15	0.0071948722	
16	0.0071992883	
17	0.007203205	
18	0.0072066387	
19	0.0072116188	
20	0.0072187882	
21	0.007220721	
22	0.007222302	
23	0.0072235953	
24	0.0072239528	
25	0.0072200661	
26	0.0072207953	
27	0.0072213922	
28	0.0072218882	
29	0.0072222905	
30	0.0072226196	
31	0.0072228862	
32	0.0072231023	
33	0.0072232794	
34	0.0072234248	
35	0.007221278	
36	0.0072174917	
37	0.0072175889	
38	0.0072176695	
39	0.0072177362	
40	0.0072177915	
41	0.0072178375	
42	0.0072178759	
43	0.0072179072	
44	0.007217933	
45	0.0072179796	
50	0.0072180236	
55	0.007218031	
60	0.007218022	
65	0.0072180051	
70	0.0072179843	
75	0.0072179616	
80	0.0072179382	
85	0.0072179146	


-------------------------------------------------
tet=82  fi=90
	60	
450	0.024428648	

	60	
450	-25.730442	

	60	
450	0.91710775	



ord=1
	60	
450	29.829299	

	60	
450	-33.241812	

	60	
450	0.04559638	

enhancement factor
ord=0
wave=450 nm
zenith, km	60	
Stoks:	     1.5348972	    0.39493584	  -0.063346453	 -0.0022341416	
enhancement factor
0	7.2048333	7.1460527	7.7126844	7.7101198	
0.05	6.9958664	7.0519449	8.5940929	8.5272961	
0.1	6.6271588	6.8189862	8.6427249	8.6911572	
0.15	6.2948383	6.5249556	8.3302764	7.700896	
0.2	6.0251145	6.2372229	8.7088828	7.9696193	
0.25	5.7380866	5.9222328	8.4026521	8.3303383	
0.3	5.4328279	5.7382414	7.5037229	7.6584718	
0.35	5.1543203	5.4921171	7.2300642	7.3869801	
0.4	4.9111397	5.2520339	6.7720461	7.5416579	
0.45	4.7486484	5.1023924	6.795962	8.1538952	
0.5	4.5663377	4.9485331	6.4781286	8.7845957	
0.55	4.4047486	4.7741126	5.8901344	8.4455571	
0.6	4.2871547	4.6344968	5.7255613	8.1465338	
0.65	4.1088126	4.4807849	5.393015	7.2888885	
0.7	3.9999883	4.3444622	5.4615248	6.822706	
0.75	3.9319048	4.3292081	5.4181871	6.5143764	
0.8	3.8281851	4.1965026	5.2916645	6.2208014	
0.85	3.7345928	4.0979548	5.1947419	6.1196098	
0.9	3.6672814	4.0099705	5.4745642	5.7546296	
0.95	3.5819283	3.8981592	5.3842058	6.3562566	
1	3.4795179	3.8193283	4.8219163	5.1305902	
1.1	3.3596355	3.750474	4.6728139	4.6398089	
1.2	3.2890675	3.6560112	4.9574628	4.0932486	
1.3	3.2178883	3.5650925	4.4273954	3.3231492	
1.4	3.1137769	3.4144128	4.1956977	3.4076587	
1.5	3.0227957	3.317387	3.7200808	3.5726826	
1.6	2.9568069	3.2381532	3.677716	2.8166554	
1.7	2.8980548	3.1687027	3.502066	3.0534418	
1.8	2.8609268	3.144418	3.375009	4.0452251	
1.9	2.8316906	3.0874153	3.1653855	3.3902768	
2	2.7900592	3.0157891	3.2976625	4.0701755	
2.2	2.7167226	2.9605079	3.4877854	3.6952865	
2.4	2.6898781	2.9254047	3.5341816	3.7365161	
2.6	2.6370117	2.8495231	3.2994192	3.6183196	
2.8	2.6104653	2.7906537	3.296158	3.1438986	
3	2.5958745	2.7692936	3.1546493	3.6785946	
3.2	2.593342	2.7606918	3.1387976	4.0535278	
3.3	2.5799935	2.7362412	3.2413803	3.9932046	
3.4	2.5503305	2.6889903	3.1441796	3.5201271	
3.6	2.5384481	2.6542531	2.9959979	2.8300495	
3.8	2.529585	2.683563	3.1664201	2.2367857	
4	2.5404307	2.7288434	3.1451714	2.4954145	
4.4	2.5306979	2.6923833	3.0191056	2.4718989	
4.5	2.5326793	2.6826995	3.6969016	2.7243979	
4.8	2.4995785	2.653912	3.8487311	2.2732191	
5	2.4767119	2.6846965	3.2906619	0.72094309	
5.5	2.4580199	2.6328921	3.2706375	2.3512924	
6	2.42354	2.5358897	3.1204317	1.9134326	
6.47	2.3689273	2.4829085	3.293764	2.3403696	
8	2.2998217	2.383792	3.3814981	2.1333599	
9	2.2514464	2.3180776	3.0595066	2.0376593	
10	2.2461059	2.3382523	3.1699256	1.8181293	
11	2.214779	2.3004807	2.5966246	1.8718877	
12	2.192955	2.2455605	2.6166662	1.6058549	
13	2.1588138	2.2012001	2.470426	1.6011778	
14	2.1395636	2.1981458	2.4010274	1.5630763	
15	2.1245667	2.1845665	2.3166911	1.5965705	
16	2.1036968	2.1606552	2.2827672	1.5397237	
17	2.1076437	2.1949058	2.3362536	1.057121	
18	2.0799504	2.1405926	2.2150328	1.3024929	
19	2.0617515	2.1043357	2.1357895	1.4746362	
20	2.0470625	2.0833609	2.1097547	1.4741796	
21	2.0338399	2.0655869	2.1112381	1.591094	
22	2.0251081	2.0528551	2.1083435	1.6867687	
23	2.0143937	2.0399052	2.1079554	1.790675	
24	2.0052359	2.0212325	2.0623712	1.7310708	
25	1.9993393	2.0134634	2.0464722	1.7136799	
26	1.9964227	2.0106858	2.0370406	1.7191532	
27	1.9948528	2.0084446	2.0394315	1.7331361	
28	1.9900429	1.9960754	2.0449851	1.8733918	
29	1.9863264	1.9898853	2.0385332	1.9465358	
30	1.9835891	1.9880697	2.0284031	1.9552451	
31	1.9798745	1.9826156	2.0141705	1.9833474	
32	1.9780227	1.9794738	2.017225	1.9867862	
33	1.976368	1.9769334	2.0125295	1.9796083	
34	1.972264	1.9713949	1.985456	1.9650418	
35	1.9705277	1.9700818	1.9798138	1.9604678	
36	1.9696616	1.969013	1.9789234	1.9623209	
37	1.9687812	1.968024	1.9778264	1.9634502	
38	1.9677798	1.9670865	1.9768372	1.9615723	
39	1.9668293	1.9661737	1.9762137	1.960524	
40	1.9659216	1.9652793	1.975554	1.9596624	
41	1.9648373	1.9639502	1.9723961	1.9557452	
42	1.9638005	1.9627238	1.969697	1.9538889	
43	1.9629016	1.9618231	1.9691708	1.9529991	
44	1.9620158	1.9609356	1.9684817	1.9521122	
45	1.9593784	1.9583134	1.9661332	1.94947	
50	1.9550043	1.9541022	1.9622887	1.9440034	
55	1.9506809	1.9498275	1.9573026	1.9392352	
60	1.9462382	1.945904	1.9543392	1.9497411	
65	1.9420002	1.9417626	1.9503461	1.9482366	
70	1.9378377	1.9376009	1.9461366	1.9440274	
75	1.9337118	1.9334763	1.941954	1.9398551	
80	1.929622	1.9293879	1.937803	1.9357191	
85	1.9255675	1.925335	1.9336857	1.931619	


precision, %
wave=450 nm
height, km	60	
0	1.0090616	
0.05	1.0282691	
0.1	1.0669051	
0.15	1.0737841	
0.2	1.1354866	
0.25	1.3006052	
0.3	1.0754264	
0.35	1.055377	
0.4	1.0270927	
0.45	1.0817276	
0.5	1.1697774	
0.55	1.1308032	
0.6	1.1871843	
0.65	1.1329984	
0.7	1.1542847	
0.75	1.2267094	
0.8	1.2230773	
0.85	1.2302906	
0.9	1.1989721	
0.95	1.2113095	
1	1.1862411	
1.1	1.1614437	
1.2	1.231719	
1.3	1.2118599	
1.4	1.1718905	
1.5	1.1721753	
1.6	1.301188	
1.7	1.1770721	
1.8	1.2484238	
1.9	1.2809903	
2	1.1943571	
2.2	1.1441842	
2.4	1.2023906	
2.6	1.2413009	
2.8	1.2594509	
3	1.2826795	
3.2	1.3663295	
3.3	1.3513713	
3.4	1.2917573	
3.6	1.3312725	
3.8	1.3764353	
4	1.5587218	
4.4	1.4755239	
4.5	1.6547185	
4.8	1.815031	
5	2.074381	
5.5	1.6931799	
6	1.5523064	
6.47	1.3930423	
8	1.4051293	
9	1.3798959	
10	1.4335313	
11	1.347278	
12	1.3367869	
13	1.2796334	
14	1.2412174	
15	1.2746707	
16	1.2314902	
17	1.3641102	
18	1.1804066	
19	1.0883981	
20	1.0544063	
21	1.0336578	
22	1.0116432	
23	0.99727853	
24	0.97043504	
25	0.95610098	
26	0.94824839	
27	0.94160246	
28	0.91614917	
29	0.9190345	
30	0.91558581	
31	0.91371771	
32	0.91546858	
33	0.91444823	
34	0.91238018	
35	0.91488388	
36	0.91555002	
37	0.9159494	
38	0.91604349	
39	0.91612334	
40	0.91617274	
41	0.91639416	
42	0.91618482	
43	0.91611182	
44	0.91609142	
45	0.91608991	
50	0.91640882	
55	0.91661164	
60	0.91721109	
65	0.91733501	
70	0.91733418	
75	0.91733313	
80	0.91733197	
85	0.91733077	


ord=1
wave=450 nm
zenith, km	60	
Stoks:	    0.45784909	    0.15219733	    0.25966625	             0	
enhancement factor
0	6.9592969	6.8064262	6.7943913	0	
0.05	6.5484668	6.462465	6.4589699	0	
0.1	6.0752545	6.0405158	6.0410041	0	
0.15	5.6676257	5.6755054	5.6755268	0	
0.2	5.3154575	5.3533529	5.3545329	0	
0.25	5.0099219	5.0704844	5.0723162	0	
0.3	4.7429562	4.8198582	4.8224316	0	
0.35	4.5067526	4.5970478	4.6006656	0	
0.4	4.2980495	4.3997257	4.4025761	0	
0.45	4.1130028	4.222549	4.225167	0	
0.5	3.9477901	4.0641861	4.0658194	0	
0.55	3.8002521	3.9215089	3.9226893	0	
0.6	3.669471	3.7921446	3.7940801	0	
0.65	3.5507147	3.676379	3.6775045	0	
0.7	3.4437996	3.5717051	3.57186	0	
0.75	3.3475415	3.4758701	3.4758944	0	
0.8	3.2600382	3.3885384	3.3890671	0	
0.85	3.1813145	3.3094296	3.3100477	0	
0.9	3.1098959	3.2377545	3.2380671	0	
0.95	3.0451231	3.1724647	3.1725805	0	
1	2.9601929	3.0863863	3.0863024	0	
1.1	2.8603134	2.9847939	2.9844666	0	
1.2	2.7756304	2.8975129	2.8970619	0	
1.3	2.7030995	2.8223667	2.8218712	0	
1.4	2.640607	2.7573997	2.7567754	0	
1.5	2.5865799	2.7007044	2.6998564	0	
1.6	2.5396328	2.6508733	2.650103	0	
1.7	2.4984555	2.6071565	2.6063265	0	
1.8	2.4623501	2.5682609	2.5675181	0	
1.9	2.4305594	2.5336881	2.5329516	0	
2	2.3900561	2.4890921	2.4885267	0	
2.2	2.3445262	2.4384707	2.4380574	0	
2.4	2.3075079	2.39692	2.3964394	0	
2.6	2.2769868	2.3621309	2.3616576	0	
2.8	2.2514543	2.3326163	2.3321204	0	
3	2.2298292	2.3072479	2.3067409	0	
3.2	2.2154828	2.2902316	2.2897642	0	
3.3	2.2068869	2.2799482	2.2794944	0	
3.4	2.1952531	2.2657973	2.2654126	0	
3.6	2.181204	2.2486874	2.2483286	0	
3.8	2.1688169	2.2333997	2.2330355	0	
4	2.1530304	2.2135644	2.2131732	0	
4.4	2.141138	2.1985024	2.1981126	0	
4.5	2.133053	2.1880178	2.1876796	0	
4.8	2.1237421	2.1757889	2.1754853	0	
5	2.112547	2.1609697	2.1606383	0	
5.5	2.0986392	2.1423004	2.1419012	0	
6	2.0872182	2.1266653	2.1263351	0	
6.47	2.0688005	2.1010436	2.100772	0	
8	2.0497009	2.0743766	2.0741303	0	
9	2.0382521	2.0582386	2.0580462	0	
10	2.0289551	2.0452811	2.0451068	0	
11	2.0213714	2.034845	2.0346648	0	
12	2.0150696	2.026123	2.0259838	0	
13	2.0097596	2.0188473	2.0187241	0	
14	2.0052436	2.0127493	2.0126417	0	
15	2.001376	2.0076149	2.0075227	0	
16	1.9980315	2.0032487	2.0031714	0	
17	1.9950943	1.9994883	1.9994233	0	
18	1.9924798	1.9961986	1.9961439	0	
19	1.9901261	1.9932773	1.9932369	0	
20	1.9880023	1.990676	1.9906546	0	
21	1.9860939	1.9883634	1.988348	0	
22	1.9843548	1.9862853	1.9862749	0	
23	1.9827563	1.9844023	1.984396	0	
24	1.9812741	1.9826844	1.9826792	0	
25	1.9798793	1.9811114	1.9810911	0	
26	1.9785777	1.9796417	1.9796238	0	
27	1.9773464	1.9782702	1.9782544	0	
28	1.976171	1.9769765	1.9769625	0	
29	1.9750407	1.9757457	1.9757331	0	
30	1.9739501	1.9745702	1.9745588	0	
31	1.9728949	1.9734442	1.9734338	0	
32	1.9718683	1.9723582	1.9723486	0	
33	1.9708623	1.9713018	1.9712923	0	
34	1.9698749	1.9702705	1.9702613	0	
35	1.9689015	1.9692652	1.9692561	0	
36	1.9679399	1.9682831	1.9682737	0	
37	1.966998	1.9673137	1.9673048	0	
38	1.9660671	1.9663594	1.9663508	0	
39	1.9651456	1.9654181	1.9654097	0	
40	1.9642323	1.9644877	1.9644796	0	
41	1.963326	1.9635666	1.9635588	0	
42	1.9624258	1.9626537	1.962646	0	
43	1.9615311	1.9617481	1.9617405	0	
44	1.9606413	1.9608488	1.9608414	0	
45	1.9580016	1.9581891	1.958182	0	
50	1.9536521	1.953816	1.9538093	0	
55	1.9493641	1.9495154	1.9495088	0	
60	1.9451254	1.9452695	1.9452631	0	
65	1.9409297	1.9410696	1.9410633	0	
70	1.9367738	1.936911	1.9369048	0	
75	1.9326557	1.9327911	1.9327849	0	
80	1.928574	1.928708	1.9287019	0	
85	1.9245279	1.9246607	1.9246546	0	


precision, %
wave=450 nm
height, km	60	
0	0.081580856	
0.05	0.072324093	
0.1	0.069427954	
0.15	0.065751752	
0.2	0.060424785	
0.25	0.055999798	
0.3	0.054075364	
0.35	0.051713906	
0.4	0.049259607	
0.45	0.047217126	
0.5	0.045184332	
0.55	0.043351985	
0.6	0.042750388	
0.65	0.04117219	
0.7	0.040437324	
0.75	0.039789756	
0.8	0.039199595	
0.85	0.039006271	
0.9	0.038966621	
0.95	0.039123902	
1	0.038309785	
1.1	0.037898209	
1.2	0.038094808	
1.3	0.037279742	
1.4	0.03707334	
1.5	0.036907162	
1.6	0.037069153	
1.7	0.037106978	
1.8	0.037742382	
1.9	0.038205092	
2	0.038825047	
2.2	0.039652734	
2.4	0.040134742	
2.6	0.04063448	
2.8	0.041038134	
3	0.04127712	
3.2	0.041511128	
3.3	0.041896353	
3.4	0.041999186	
3.6	0.042043432	
3.8	0.042144957	
4	0.042257276	
4.4	0.042431561	
4.5	0.042543351	
4.8	0.042740427	
5	0.043075511	
5.5	0.043271212	
6	0.043503607	
6.47	0.043882406	
8	0.044275152	
9	0.044582056	
10	0.044789235	
11	0.044849785	
12	0.044920179	
13	0.045023632	
14	0.045150365	
15	0.045262229	
16	0.045316946	
17	0.045362629	
18	0.045401135	
19	0.045445866	
20	0.045500841	
21	0.045523428	
22	0.045542217	
23	0.045557853	
24	0.045566988	
25	0.045551345	
26	0.045560475	
27	0.04556804	
28	0.045574365	
29	0.045579696	
30	0.045584156	
31	0.045587845	
32	0.045590915	
33	0.045593552	
34	0.045595799	
35	0.045586535	
36	0.045568669	
37	0.045570101	
38	0.045571317	
39	0.045572351	
40	0.045573233	
41	0.045573992	
42	0.045574645	
43	0.045575207	
44	0.045575692	
45	0.045576713	
50	0.045577915	
55	0.045578574	
60	0.045578962	
65	0.04557921	
70	0.045579384	
75	0.045579517	
80	0.04557963	
85	0.045579733	


-------------------------------------------------
tet=82  fi=180
	60	
450	0.024186201	

	60	
450	11.630611	

	60	
450	0.91682	



ord=1
	60	
450	30.789892	

	60	
450	16.026762	

	60	
450	0.04456653	

enhancement factor
ord=0
wave=450 nm
zenith, km	60	
Stoks:	     1.5196638	   -0.17674619	  0.0039059561	 0.00023625007	
enhancement factor
0	7.2276426	6.1961389	13.157601	11.00339	
0.05	7.0408251	5.4603137	13.382247	14.080854	
0.1	6.6751856	4.5387693	10.182944	10.891798	
0.15	6.3471561	3.9242809	9.4817934	17.266499	
0.2	6.0678072	3.7129213	0.50982012	5.0862674	
0.25	5.8308534	3.5195049	3.6815198	11.744245	
0.3	5.5054764	2.9899916	11.777765	19.632217	
0.35	5.2276718	2.7398724	4.1800971	9.7624087	
0.4	4.9980197	2.5959725	4.2239832	2.7157168	
0.45	4.8302092	2.3932873	4.1866819	3.1023817	
0.5	4.6431501	2.1685648	3.2869975	-0.16402287	
0.55	4.5045556	2.1433941	8.2965289	0.78963019	
0.6	4.3788723	2.054198	10.260311	-2.5582627	
0.65	4.1929292	1.9292332	11.394195	4.8798387	
0.7	4.0879807	1.8394573	5.8014167	0.072332536	
0.75	4.0095636	1.5493803	2.884183	1.5068886	
0.8	3.9186789	1.6400032	6.518557	-3.0968771	
0.85	3.8136797	1.6233514	5.2529505	0.83921401	
0.9	3.7632271	1.5954455	3.9554358	10.063357	
0.95	3.6729402	1.6732599	0.79849323	-2.3677808	
1	3.5532975	1.5693686	2.4059943	6.8834502	
1.1	3.411312	1.3971594	1.7469764	8.8184402	
1.2	3.3392646	1.3260516	1.0942377	8.5940879	
1.3	3.2686424	1.3195457	2.1744284	6.942961	
1.4	3.1702821	1.3698319	1.4921287	10.862691	
1.5	3.0749302	1.3903955	4.2806957	9.1146983	
1.6	3.0253102	1.4454934	8.6022848	16.177976	
1.7	2.9621555	1.3819869	8.1045607	11.944117	
1.8	2.9098565	1.3061653	7.5025396	0.36527191	
1.9	2.8790065	1.3145526	7.3520729	2.616211	
2	2.8567283	1.3883926	7.5626561	-5.9960556	
2.2	2.7818084	1.4090996	4.0046445	-3.3836341	
2.4	2.7369587	1.4142024	2.3601908	-0.099667668	
2.6	2.6998625	1.354853	7.1575229	5.3512046	
2.8	2.6684571	1.3176875	5.6688711	9.586914	
3	2.6411073	1.3719456	6.7632328	3.285016	
3.2	2.6337733	1.3973973	7.7357385	1.2683047	
3.3	2.6249743	1.4061048	5.5724574	0.91639967	
3.4	2.6071838	1.4526205	8.5093187	5.2610375	
3.6	2.5882533	1.4481433	12.018539	9.8814531	
3.8	2.5564324	1.2959798	4.377955	12.8022	
4	2.5818483	1.0727992	7.6911447	10.74743	
4.4	2.5552896	1.2094011	2.6037515	12.742413	
4.5	2.5466072	1.2941998	-8.0676223	4.812836	
4.8	2.5029089	1.3472234	-13.409341	4.8965517	
5	2.4838667	1.3013406	-6.5363405	19.364631	
5.5	2.477085	1.2047265	-8.0277016	5.688413	
6	2.4374749	1.3943586	-1.7442577	14.096859	
6.47	2.3800772	1.4201696	-5.9189846	3.1243057	
8	2.3111521	1.5518805	-7.4086268	2.2955618	
9	2.2618515	1.6283184	-3.6019724	1.02331	
10	2.2432019	1.7277442	-3.3543169	0.62583908	
11	2.2384266	1.4663401	4.0425451	2.8068261	
12	2.1944923	1.7013947	4.2608662	2.8957685	
13	2.1627902	1.7767566	4.0269204	2.8275375	
14	2.1441364	1.7905559	7.2878914	3.9809061	
15	2.1228722	1.847155	6.3163723	2.2370698	
16	2.1096394	1.8558707	8.8218622	5.2314082	
17	2.1072799	1.7827347	3.8832397	8.1913696	
18	2.0774934	1.8416318	3.3769364	5.0767106	
19	2.06025	1.8842984	3.3763458	4.9154076	
20	2.0441841	1.894663	2.6112407	4.8040225	
21	2.0304716	1.9083886	1.7985975	3.4865681	
22	2.0225252	1.9243997	1.6901973	2.8244642	
23	2.0128194	1.940172	1.6120148	1.3129141	
24	2.0038474	1.964412	1.6868445	1.8690151	
25	1.9965744	1.9705902	1.3969431	1.9638575	
26	1.9939476	1.9701485	1.5781643	1.9511787	
27	1.9926445	1.9712568	1.4082734	1.7147632	
28	1.9911663	1.9729328	1.0356787	1.549096	
29	1.9891144	1.9719769	1.068465	1.5626693	
30	1.9867359	1.9700213	1.2315152	1.760343	
31	1.9837796	1.9694209	1.4512471	1.7036916	
32	1.9820449	1.9717761	1.438137	1.6787034	
33	1.9803882	1.9737758	1.4358115	1.6370482	
34	1.9762641	1.977471	1.7374633	1.7442367	
35	1.9744868	1.9754727	1.9052252	1.9262481	
36	1.9735992	1.9751289	1.8837302	1.9629188	
37	1.972674	1.9747551	1.8676195	1.9916299	
38	1.9717217	1.9741302	1.8928012	2.0391864	
39	1.9707717	1.9732006	1.8933631	2.0417862	
40	1.9698458	1.9722754	1.8942317	2.0424031	
41	1.9687552	1.9713	1.874894	2.0429958	
42	1.9676937	1.970687	1.8905966	2.0675916	
43	1.9667793	1.9698212	1.8851418	2.0670238	
44	1.9658814	1.9689326	1.8826587	2.066431	
45	1.963223	1.9662491	1.8801221	2.0645222	
50	1.9587711	1.9616755	1.8734638	2.0784799	
55	1.9544213	1.9577622	1.8890384	2.073949	
60	1.9500682	1.9532812	1.9071378	1.9559153	
65	1.9458209	1.948988	1.9073094	1.9306942	
70	1.9416271	1.9447679	1.903429	1.926626	
75	1.9374708	1.9405862	1.899581	1.9225928	
80	1.9333509	1.9364417	1.895765	1.918594	
85	1.9292669	1.9323336	1.8919805	1.9146292	


precision, %
wave=450 nm
height, km	60	
0	0.94530543	
0.05	1.0117184	
0.1	1.0800712	
0.15	1.0948602	
0.2	1.1396048	
0.25	1.3220858	
0.3	1.1500152	
0.35	1.0645334	
0.4	1.1004187	
0.45	1.069814	
0.5	1.1532236	
0.55	1.2510379	
0.6	1.3074817	
0.65	1.2333777	
0.7	1.1887694	
0.75	1.285554	
0.8	1.2797877	
0.85	1.2417983	
0.9	1.2948474	
0.95	1.2817824	
1	1.3128883	
1.1	1.3206682	
1.2	1.3889291	
1.3	1.449438	
1.4	1.3968151	
1.5	1.3019089	
1.6	1.4881826	
1.7	1.3577505	
1.8	1.2944503	
1.9	1.2709529	
2	1.3000146	
2.2	1.2541826	
2.4	1.2311229	
2.6	1.3646857	
2.8	1.4436184	
3	1.2924091	
3.2	1.3417441	
3.3	1.3967074	
3.4	1.351502	
3.6	1.4083057	
3.8	1.3934516	
4	1.8456623	
4.4	1.5711007	
4.5	1.56091	
4.8	1.5923561	
5	1.7434625	
5.5	1.7961577	
6	1.5853221	
6.47	1.4418987	
8	1.4267973	
9	1.4476843	
10	1.4276215	
11	1.9093389	
12	1.3086049	
13	1.2174957	
14	1.1795224	
15	1.1359695	
16	1.293394	
17	1.4034458	
18	1.1736912	
19	1.0882036	
20	1.0396222	
21	1.0097921	
22	0.98102976	
23	0.96600378	
24	0.9404718	
25	0.91634948	
26	0.91509946	
27	0.91313748	
28	0.91695523	
29	0.91893923	
30	0.91766907	
31	0.91542796	
32	0.91580168	
33	0.91479694	
34	0.91465088	
35	0.91520533	
36	0.91561654	
37	0.91621339	
38	0.91588523	
39	0.91596175	
40	0.91602197	
41	0.91625606	
42	0.91598725	
43	0.91596021	
44	0.91595659	
45	0.91599685	
50	0.91652166	
55	0.9161686	
60	0.91624468	
65	0.91626422	
70	0.91626795	
75	0.9162713	
80	0.91627445	
85	0.91627748	


ord=1
wave=450 nm
zenith, km	60	
Stoks:	    0.46790284	  -0.074989673	  0.0016665553	             0	
enhancement factor
0	7.0110622	6.7513313	10.852121	0	
0.05	6.6283516	6.458101	11.006672	0	
0.1	6.1789297	6.0694798	11.000412	0	
0.15	5.7915215	5.7209621	10.99685	0	
0.2	5.4565672	5.418452	10.942173	0	
0.25	5.16562	5.14935	10.984095	0	
0.3	4.9108611	4.9105096	11.022227	0	
0.35	4.6848149	4.6971949	11.118778	0	
0.4	4.4845152	4.5033585	11.153169	0	
0.45	4.3063891	4.3306653	11.144591	0	
0.5	4.1468565	4.1739971	11.099591	0	
0.55	4.0039338	4.032993	11.085464	0	
0.6	3.8768295	3.9067085	11.142241	0	
0.65	3.7610158	3.7896166	11.144917	0	
0.7	3.6563864	3.6825143	11.14777	0	
0.75	3.5618939	3.5866799	11.133098	0	
0.8	3.4758217	3.5003287	11.15371	0	
0.85	3.3982606	3.4214254	11.141929	0	
0.9	3.3277856	3.3488887	11.117263	0	
0.95	3.2468989	3.2966986	9.5047485	0	
1	3.0830668	3.2757863	1.906168	0	
1.1	2.9834995	3.1709988	1.9310261	0	
1.2	2.8984006	3.0812454	1.9052259	0	
1.3	2.8249158	3.0029978	1.9011948	0	
1.4	2.7610656	2.9339318	1.9193696	0	
1.5	2.7053957	2.8730671	1.9170301	0	
1.6	2.6566331	2.8195213	1.9347839	0	
1.7	2.6135427	2.771619	1.9556364	0	
1.8	2.5754556	2.7292077	1.9663089	0	
1.9	2.5416413	2.6910363	1.9713001	0	
2	2.498047	2.6415244	1.9840096	0	
2.2	2.4484604	2.5847105	1.9856067	0	
2.4	2.407465	2.5367141	1.9824606	0	
2.6	2.3730847	2.4958956	1.9857696	0	
2.8	2.3438319	2.4606841	1.983331	0	
3	2.3186325	2.4299733	1.9795617	0	
3.2	2.3017022	2.4092131	1.9796599	0	
3.3	2.291429	2.3964719	1.9801928	0	
3.4	2.2773457	2.3788794	1.9821869	0	
3.6	2.2601522	2.3571158	1.9882031	0	
3.8	2.2447534	2.3374113	1.9886361	0	
4	2.224702	2.311339	1.9876143	0	
4.4	2.2094368	2.2913502	1.9907595	0	
4.5	2.1988094	2.2772908	1.9948552	0	
4.8	2.186448	2.260822	1.9936749	0	
5	2.1712824	2.240286	1.9922997	0	
5.5	2.152134	2.2141013	1.9854436	0	
6	2.136112	2.1920797	1.9891734	0	
6.47	2.1098289	2.1555722	1.9866412	0	
8	2.082406	2.1173294	1.9820549	0	
9	2.0658215	2.094152	1.9804837	0	
10	2.0523019	2.0754255	1.980439	0	
11	2.0412498	2.0602754	1.9809292	0	
12	2.0321129	2.0478084	1.9815344	0	
13	2.0244986	2.0374901	1.9795355	0	
14	2.0181159	2.0289546	1.9775837	0	
15	2.0127357	2.0218528	1.9766713	0	
16	2.0081529	2.015897	1.9765703	0	
17	2.0040992	2.0107139	1.984655	0	
18	2.0006494	2.006373	1.9837497	0	
19	1.9975907	2.0025666	1.983558	0	
20	1.9948736	1.9992199	1.9841284	0	
21	1.992471	1.9962822	1.9832171	0	
22	1.990319	1.9936807	1.9823076	0	
23	1.9883752	1.991359	1.9813997	0	
24	1.9866042	1.9892691	1.9803906	0	
25	1.9849682	1.9873525	1.9786904	0	
26	1.9834636	1.9856238	1.9777918	0	
27	1.9820629	1.9840361	1.9768947	0	
28	1.9807446	1.9825597	1.9759992	0	
29	1.9794926	1.981173	1.9751053	0	
30	1.9782989	1.9798653	1.974213	0	
31	1.977157	1.9786283	1.9733222	0	
32	1.9760571	1.9774482	1.9724331	0	
33	1.9749887	1.9763105	1.9715455	0	
34	1.9739464	1.9752079	1.9706595	0	
35	1.9729256	1.9741339	1.9700515	0	
36	1.9719237	1.9730854	1.9697009	0	
37	1.9709458	1.9720698	1.9688164	0	
38	1.9699835	1.9710752	1.9679336	0	
39	1.9690345	1.9700985	1.9670523	0	
40	1.9680968	1.969137	1.9661727	0	
41	1.9671688	1.9681883	1.9652946	0	
42	1.9662492	1.9672505	1.9644181	0	
43	1.9653369	1.9663225	1.9635432	0	
44	1.9644313	1.9654032	1.9626699	0	
45	1.9617531	1.9626949	1.9600609	0	
50	1.9573504	1.9582552	1.9557411	0	
55	1.9530209	1.9539029	1.9514563	0	
60	1.9487466	1.9496132	1.947209	0	
65	1.9445186	1.9453741	1.9430029	0	
70	1.9403324	1.9411789	1.9388337	0	
75	1.936185	1.9370237	1.9347007	0	
80	1.9320749	1.9329063	1.9306036	0	
85	1.9280008	1.9288254	1.9265416	0	


precision, %
wave=450 nm
height, km	60	
0	0.079131675	
0.05	0.069791226	
0.1	0.066646945	
0.15	0.062806051	
0.2	0.057435735	
0.25	0.052977576	
0.3	0.050933909	
0.35	0.048505587	
0.4	0.046023325	
0.45	0.043954073	
0.5	0.041914333	
0.55	0.040084515	
0.6	0.039416839	
0.65	0.037859514	
0.7	0.037095491	
0.75	0.036424825	
0.8	0.035818431	
0.85	0.035573354	
0.9	0.035477944	
0.95	0.035753292	
1	0.035850188	
1.1	0.035423361	
1.2	0.035577742	
1.3	0.034801634	
1.4	0.034601431	
1.5	0.034442517	
1.6	0.034597893	
1.7	0.034642968	
1.8	0.035242374	
1.9	0.035684942	
2	0.036284445	
2.2	0.037089278	
2.4	0.037580962	
2.6	0.038094956	
2.8	0.038519069	
3	0.038791817	
3.2	0.039046396	
3.3	0.039428543	
3.4	0.0395619	
3.6	0.039653585	
3.8	0.039797087	
4	0.039974106	
4.4	0.040194423	
4.5	0.040343512	
4.8	0.04058146	
5	0.040966305	
5.5	0.041248218	
6	0.041554755	
6.47	0.042064373	
8	0.042603495	
9	0.042999825	
10	0.043286462	
11	0.043422071	
12	0.043552177	
13	0.043701177	
14	0.043861489	
15	0.044000227	
16	0.044080195	
17	0.04414891	
18	0.044204597	
19	0.044262854	
20	0.044327586	
21	0.044360474	
22	0.044387894	
23	0.044410767	
24	0.044426588	
25	0.044420048	
26	0.044433429	
27	0.044444542	
28	0.044453862	
29	0.044461741	
30	0.04446836	
31	0.044473858	
32	0.044478457	
33	0.044482389	
34	0.044485776	
35	0.04447997	
36	0.044467016	
37	0.044469162	
38	0.044470994	
39	0.044472563	
40	0.044473912	
41	0.044475081	
42	0.044476098	
43	0.044476983	
44	0.044477755	
45	0.044479446	
50	0.044481534	
55	0.044482837	
60	0.044483746	
65	0.044484447	
70	0.044485038	
75	0.044485569	
80	0.044486066	
85	0.044486546	


