RT Model MCC++	 O.Postylyakov	ver.72
MixedSimC<atmos::StoksC,MCSimC<atmos::StoksC,MCWMethodC<atmos::StoksC,SphericalGeomT>>,SSSimC<atmos::StoksC,MCSimC<atmos::StoksC,MSSMethodC<atmos::StoksC,SphericalGeomT,1000>>>>	ps::cLCG2C	Density: double	AMFs: Yes	ORDERS_ACCOUNT: ATM_COLLGS_ORDERS
photons passed	base/max expendeture	EPS-breakes	MaxCollgs-Breaks	MinPhWgt-Breaks	average colligions
20000	0.0101428/0.013342	0	0	0	2.5587	
SpecialSamplingCollgs	ForceCollgSimul	EPS	ssEPS	MaxCollgs	MinPhWgt	BaseMod	
1	0	0.001	1e-12	500	1e-300	0	
Albedo	time	IY
0.05	0.0281667	{ 616905197 1883930343 ; 40014 40692 2147483563 2147483399 }	
 -6370.99	 -6370.99	 -5791.81	 -5212.63	 -4633.45	 -4054.27	 -3475.09	  -2895.9	 -2316.72	 -1737.54	 -1158.36	 -579.181	-9.09495e-13	  12.8571	  25.7143	  38.5714	  51.4286	  64.2857	  77.1429	       90	
        0	        0	0.0080361	 0.024108	 0.040179	 0.056251	 0.072322	 0.088394	  0.10447	  0.12054	  0.13661	  0.15268	  0.16875	0.0039284	0.0039364	0.0039443	0.0039522	0.0039601	 0.003968	 0.003976	
        0	        0	        0	        0	        0	        0	        0	        0	        0	        0	        0	        0	        0	        0	        0	        0	        0	        0	        0	        0	
        0	        0	        0	        0	        0	        0	        0	        0	        0	        0	        0	        0	        0	        0	        0	        0	        0	        0	        0	        0	

-------------------------------------------------
tet=10  fi=0
	60	
450	0.032801	

	60	
450	21.734	

	60	
450	0.51375	



ord=1
	60	
450	57.958	

	60	
450	25.124	

	60	
450	0.0079505	

enhancement factor
ord=0
wave=450 nm
zenith, km	60	
Stoks:	     2.0609191	   -0.44791725	-0.00052297031	 0.00034249618	
enhancement factor
0	1.0611869	0.99887776	1.8618323	1.6268436	
0.05	1.1307102	1.0521169	-0.31983255	1.7358885	
0.1	1.1758587	1.0920935	16.547433	0.80994369	
0.15	1.2091904	1.102119	-1.8900126	1.161557	
0.2	1.2333784	1.1305484	-1.4791293	1.7983236	
0.25	1.2622633	1.1300324	-3.62781	1.4395926	
0.3	1.2960877	1.1438732	1.2274709	2.6515222	
0.35	1.3282198	1.1434283	24.765117	2.8059584	
0.4	1.3359262	1.1577792	9.7025244	1.7638699	
0.45	1.3605626	1.1753864	4.7645689	1.9218691	
0.5	1.3860272	1.2077348	15.577397	2.5918617	
0.55	1.4002364	1.2182229	4.9005133	2.644963	
0.6	1.4180703	1.2423491	1.4054711	2.9188366	
0.65	1.4501596	1.2688172	21.798953	5.0425183	
0.7	1.4718813	1.2746531	27.469612	2.7534821	
0.75	1.4951885	1.2704888	-5.1169527	4.2955859	
0.8	1.5246077	1.3080397	-19.534352	0.65632496	
0.85	1.5297023	1.2970701	6.8035731	4.2075125	
0.9	1.557143	1.3066924	2.9393039	5.7580355	
0.95	1.5895366	1.3353591	16.134188	7.1281189	
1	1.5972621	1.3482308	19.959534	6.7764497	
1.1	1.6324199	1.3618857	3.2361494	5.6508197	
1.2	1.6665226	1.3485626	-12.35294	6.2948014	
1.3	1.6752409	1.3715221	-5.5977176	3.271717	
1.4	1.6947759	1.4087649	7.7888984	3.4007303	
1.5	1.7158984	1.4419703	10.234227	4.7576643	
1.6	1.7417236	1.4355336	15.780824	4.4736737	
1.7	1.7944579	1.5315547	22.681453	3.8642362	
1.8	1.7997368	1.5135609	10.419592	3.9384746	
1.9	1.8244407	1.5194612	20.751835	4.6993785	
2	1.8467034	1.5317064	14.9803	3.8846685	
2.2	1.8868446	1.5859019	53.122443	3.6619799	
2.4	1.9031282	1.5710973	22.531727	2.6844714	
2.6	1.9456595	1.6139505	-15.242571	4.6136326	
2.8	1.9855426	1.6658192	5.5593934	1.3035613	
3	2.012005	1.6412992	42.02155	7.2719287	
3.2	2.0415754	1.6361658	-3.4836077	6.339668	
3.3	2.0267412	1.6446756	27.188166	3.4871737	
3.4	2.042079	1.7170656	46.674434	0.1484872	
3.6	2.0657195	1.7260916	56.080165	2.7114955	
3.8	2.085476	1.6800607	101.68188	8.2514465	
4	2.085403	1.7032281	11.735626	-0.2557478	
4.4	2.0829407	1.7479177	20.532673	3.130001	
4.5	2.119429	1.7908188	37.774644	2.9778285	
4.8	2.1727277	1.8303924	44.582938	4.2105739	
5	2.1686092	1.8521842	8.2094165	0.91849192	
5.5	2.1673003	1.9038241	-13.034839	1.4035374	
6	2.1752149	1.9437991	-4.483766	-2.2117071	
6.47	2.1757956	1.8697607	9.6016879	3.3091202	
8	2.1841551	1.8422772	-46.977401	4.8162842	
9	2.1791233	1.9370805	0.45650801	6.6594664	
10	2.1752346	2.0317092	39.987393	5.7837802	
11	2.199401	2.0037638	116.83816	2.0804222	
12	2.2269925	1.9899901	184.05686	-5.8654538	
13	2.194113	1.9879876	98.37265	0.53858651	
14	2.1645329	2.0464493	103.65264	6.128919	
15	2.1419601	2.0659772	72.150585	6.1038751	
16	2.1312782	2.0412608	-0.79516881	6.0943491	
17	2.1166817	2.1025529	-11.396103	10.330451	
18	2.0839835	2.0536691	18.049722	7.5521794	
19	2.0717942	2.0537544	40.918758	3.7355584	
20	2.0518057	1.9918156	27.244716	7.9266535	
21	2.0311023	1.9785523	28.770455	4.4398256	
22	2.0213474	1.983308	19.228952	2.5582489	
23	2.0139943	1.9829295	9.0378697	2.6651753	
24	2.0116861	1.9621143	13.357571	2.6330085	
25	2.0044491	1.9715523	10.282955	2.1262005	
26	1.9984171	1.9756638	6.9287247	2.2095329	
27	1.9964112	1.9739857	23.553749	-0.52358156	
28	1.9913146	1.9746476	24.540178	-0.13944843	
29	1.9864082	1.9734936	14.660788	1.422024	
30	1.9844466	1.9716977	12.670056	1.4975737	
31	1.9825778	1.9698469	11.023818	1.5363884	
32	1.9865577	1.9714148	24.925176	2.4775115	
33	1.9845426	1.9705968	21.115088	2.9371887	
34	1.977696	1.9710023	3.7861785	2.1147748	
35	1.9761076	1.9713828	3.9424916	1.9606676	
36	1.9734268	1.9726033	3.1469628	1.6518754	
37	1.9725468	1.972005	3.1517644	1.6309308	
38	1.9714989	1.9717653	3.0371969	1.5983712	
39	1.9706	1.9708113	3.0035058	1.5975775	
40	1.9692406	1.9707245	2.1237398	1.6183621	
41	1.9683272	1.9700694	2.0254937	1.6029507	
42	1.9672667	1.9688881	2.3692997	1.5469399	
43	1.9662987	1.9678999	1.9491122	1.5264447	
44	1.9654743	1.9670663	1.9180586	1.5257158	
45	1.9615909	1.9612403	1.5375051	1.6890366	
50	1.9562011	1.9567989	2.335427	1.8995409	
55	1.9518726	1.952893	1.8317529	1.9318948	
60	1.9476877	1.9486649	1.895159	1.9277139	
65	1.9435035	1.9444907	1.9050942	1.9238455	
70	1.939351	1.9403421	1.8976809	1.9198422	
75	1.9352191	1.9362069	1.893587	1.9158624	
80	1.93112	1.9321021	1.8895326	1.9119163	
85	1.9270548	1.9280299	1.8855171	1.9080035	


precision, %
wave=450 nm
height, km	60	
0	0.54947141	
0.05	0.71510144	
0.1	0.87662564	
0.15	0.92990322	
0.2	0.88976491	
0.25	0.87509201	
0.3	0.92155873	
0.35	1.2025677	
0.4	0.88530629	
0.45	0.95376401	
0.5	0.95788129	
0.55	0.88538574	
0.6	0.86843653	
0.65	0.95908723	
0.7	0.97347095	
0.75	1.0889325	
0.8	1.0462004	
0.85	0.87146358	
0.9	0.91494702	
0.95	1.2015451	
1	0.93449247	
1.1	0.97676581	
1.2	0.99409909	
1.3	0.94858504	
1.4	0.91280682	
1.5	0.86599002	
1.6	0.87469415	
1.7	1.0604377	
1.8	0.94146532	
1.9	0.98116936	
2	0.86973609	
2.2	0.98308807	
2.4	0.85439272	
2.6	1.0295061	
2.8	1.0756534	
3	1.0545346	
3.2	1.1285323	
3.3	0.94540327	
3.4	1.0488987	
3.6	1.021859	
3.8	1.2770827	
4	0.96437802	
4.4	0.88671822	
4.5	1.0492071	
4.8	1.342052	
5	1.0856253	
5.5	1.1503196	
6	1.4928231	
6.47	1.0292977	
8	1.2098727	
9	1.1175911	
10	1.1697577	
11	1.342482	
12	1.9713953	
13	1.4464518	
14	1.2246245	
15	1.1774725	
16	1.2625326	
17	1.1720497	
18	0.96531579	
19	0.9791216	
20	0.81871853	
21	0.6891217	
22	0.62915827	
23	0.60100388	
24	0.62264137	
25	0.59075868	
26	0.56613545	
27	0.6104804	
28	0.59720744	
29	0.54068808	
30	0.53887208	
31	0.53459682	
32	0.59193494	
33	0.58168276	
34	0.5278957	
35	0.52564279	
36	0.52090535	
37	0.5209478	
38	0.52072125	
39	0.52086754	
40	0.52024798	
41	0.52007854	
42	0.5196102	
43	0.51942764	
44	0.51940757	
45	0.5161106	
50	0.51332731	
55	0.51338092	
60	0.51346138	
65	0.51346607	
70	0.51343814	
75	0.51343775	
80	0.51343816	
85	0.51343897	


ord=1
wave=450 nm
zenith, km	60	
Stoks:	     1.1944763	   -0.30009881	-1.7663595e-05	             0	
enhancement factor
0	1.0183278	1.0006029	6.450977	0	
0.05	1.0526935	1.0321097	2.6087749	0	
0.1	1.0667839	1.0435139	4.7164917	0	
0.15	1.080815	1.0548654	6.2431804	0	
0.2	1.0947736	1.0658452	6.5932027	0	
0.25	1.1085546	1.0766233	6.1171817	0	
0.3	1.1222761	1.0873788	6.9808048	0	
0.35	1.1358315	1.0980604	7.1643489	0	
0.4	1.1491431	1.1087171	8.0383088	0	
0.45	1.1623647	1.1193152	8.6264828	0	
0.5	1.1754104	1.1297174	8.6923604	0	
0.55	1.1882533	1.1400233	8.2017487	0	
0.6	1.2009084	1.1501822	7.8725154	0	
0.65	1.2134044	1.1601637	6.2983126	0	
0.7	1.2257721	1.1701133	5.7315252	0	
0.75	1.2379866	1.1799091	4.8616069	0	
0.8	1.249995	1.1895022	4.7991669	0	
0.85	1.2617851	1.1989569	4.4576534	0	
0.9	1.2733654	1.2082807	4.5536378	0	
0.95	1.2847109	1.2174513	3.7565581	0	
1	1.3013127	1.2308246	2.7857688	0	
1.1	1.322839	1.2482603	2.1974238	0	
1.2	1.3436333	1.2652053	1.4721855	0	
1.3	1.3636929	1.2816691	0.89660292	0	
1.4	1.3830511	1.2976954	1.0739752	0	
1.5	1.4017065	1.3132112	1.7898953	0	
1.6	1.4196242	1.3282752	2.0179604	0	
1.7	1.4368248	1.3428668	2.3819017	0	
1.8	1.4533364	1.3569818	3.0035057	0	
1.9	1.4691671	1.3706577	3.1954724	0	
2	1.4914529	1.3901668	3.7641102	0	
2.2	1.5193478	1.4149501	4.5534112	0	
2.4	1.5450037	1.4381558	3.9466174	0	
2.6	1.5685493	1.459865	3.5088388	0	
2.8	1.5901349	1.4802218	3.5987658	0	
3	1.609956	1.4993205	3.7328224	0	
3.2	1.6239164	1.5130136	3.6240452	0	
3.3	1.6326381	1.5217331	3.5276528	0	
3.4	1.6449559	1.5342261	3.7662781	0	
3.6	1.6604075	1.550199	3.9354394	0	
3.8	1.6746639	1.5652939	4.0482693	0	
4	1.6937371	1.58624	3.9877527	0	
4.4	1.7087423	1.6029902	3.960485	0	
4.5	1.7192619	1.6152871	3.6461671	0	
4.8	1.7317472	1.6301142	3.4247842	0	
5	1.7470919	1.6491085	3.4260789	0	
5.5	1.7668297	1.6743627	3.2552577	0	
6	1.7835598	1.6967408	3.1602723	0	
6.47	1.8120969	1.7366635	2.975201	0	
8	1.8440799	1.7825903	2.6364917	0	
9	1.8644307	1.8129859	3.0134521	0	
10	1.8816648	1.8385444	3.2204754	0	
11	1.8960515	1.8597507	3.2634949	0	
12	1.9081578	1.878035	3.2168986	0	
13	1.9185085	1.8936289	3.1292417	0	
14	1.9274025	1.906806	2.9273523	0	
15	1.9350375	1.9178731	2.5757414	0	
16	1.9415919	1.9271371	2.5939374	0	
17	1.9472578	1.9349066	2.5040174	0	
18	1.9521516	1.9414782	2.4606916	0	
19	1.9563149	1.9471061	2.365138	0	
20	1.9597621	1.9518653	2.368518	0	
21	1.962553	1.9558036	2.3823305	0	
22	1.9647948	1.9590335	2.3165371	0	
23	1.9665532	1.9616651	2.2015731	0	
24	1.967913	1.9637788	2.2472979	0	
25	1.9689396	1.9654554	2.2591434	0	
26	1.9696644	1.9667447	2.1279334	0	
27	1.9701318	1.9677031	2.0246099	0	
28	1.9703978	1.9683926	1.9813908	0	
29	1.9705014	1.9688592	1.980487	0	
30	1.9704535	1.9691287	1.9716649	0	
31	1.9702706	1.9692239	1.9315453	0	
32	1.9699798	1.9691683	1.9102894	0	
33	1.9696074	1.9690022	1.9074598	0	
34	1.9691708	1.968747	1.9065805	0	
35	1.9686712	1.9684061	1.9057024	0	
36	1.9681156	1.9679878	1.9048259	0	
37	1.967513	1.9675041	1.9039507	0	
38	1.9668708	1.9669649	1.9030764	0	
39	1.9661954	1.9663788	1.9022039	0	
40	1.9654923	1.9657535	1.9013331	0	
41	1.9647664	1.9650958	1.9004639	0	
42	1.9640213	1.9644106	1.8995963	0	
43	1.9632598	1.9637014	1.8987299	0	
44	1.9624842	1.9629715	1.8978648	0	
45	1.960078	1.9606662	1.9083853	0	
50	1.9559982	1.9567067	1.9113947	0	
55	1.9518419	1.9526144	1.9071485	0	
60	1.9476631	1.9484697	1.9124672	0	
65	1.9434882	1.9443131	1.9398992	0	
70	1.9393344	1.9401646	1.9357544	0	
75	1.9352071	1.9360367	1.9316456	0	
80	1.9311104	1.9319363	1.9275723	0	
85	1.9270466	1.9278672	1.923534	0	


precision, %
wave=450 nm
height, km	60	
0	0.039580465	
0.05	0.03653559	
0.1	0.034241543	
0.15	0.032502748	
0.2	0.031720783	
0.25	0.030636349	
0.3	0.029139042	
0.35	0.027913791	
0.4	0.026945665	
0.45	0.026011136	
0.5	0.025113027	
0.55	0.023784855	
0.6	0.023081949	
0.65	0.022537766	
0.7	0.02189819	
0.75	0.021416467	
0.8	0.020756017	
0.85	0.020359575	
0.9	0.019952096	
0.95	0.019552889	
1	0.018921272	
1.1	0.018311406	
1.2	0.017472847	
1.3	0.016686357	
1.4	0.016217106	
1.5	0.015895507	
1.6	0.015497544	
1.7	0.015088678	
1.8	0.014731266	
1.9	0.01429851	
2	0.013754868	
2.2	0.013093857	
2.4	0.012644032	
2.6	0.012316638	
2.8	0.012084343	
3	0.011810057	
3.2	0.011663958	
3.3	0.011505586	
3.4	0.011349681	
3.6	0.011240111	
3.8	0.011111382	
4	0.010847763	
4.4	0.010722605	
4.5	0.010626922	
4.8	0.010577997	
5	0.010489853	
5.5	0.010391589	
6	0.010226754	
6.47	0.0099161701	
8	0.0095498301	
9	0.0092876231	
10	0.0090786313	
11	0.0088810583	
12	0.0087600627	
13	0.0086446448	
14	0.0084936683	
15	0.0083993099	
16	0.008357583	
17	0.0082712434	
18	0.0081578926	
19	0.0080963758	
20	0.0080703065	
21	0.0080296926	
22	0.008004881	
23	0.0079896712	
24	0.0079869817	
25	0.0079757609	
26	0.0079697169	
27	0.00794992	
28	0.0079509707	
29	0.0079469598	
30	0.0079504899	
31	0.0079589769	
32	0.0079629036	
33	0.0079699703	
34	0.007968168	
35	0.0079666261	
36	0.0079653162	
37	0.0079642024	
38	0.0079632546	
39	0.0079624473	
40	0.007961758	
41	0.0079611668	
42	0.0079606592	
43	0.0079602246	
44	0.0079598527	
45	0.0079542338	
50	0.0079510079	
55	0.0079505987	
60	0.0079470206	
65	0.0079364404	
70	0.0079364433	
75	0.0079364854	
80	0.0079365478	
85	0.0079366201	


-------------------------------------------------
tet=10  fi=90
	60	
450	0.026838678	

	60	
450	-33.091175	

	60	
450	0.5853868	



ord=1
	60	
450	53.590162	

	60	
450	-40.16011	

	60	
450	0.010506531	

enhancement factor
ord=0
wave=450 nm
zenith, km	60	
Stoks:	     1.6863239	    0.55802439	   0.033275972	-1.5824257e-05	
enhancement factor
0	1.0730781	1.0109004	0.91971093	-10.169851	
0.05	1.1446671	1.0561594	0.90976284	-20.356425	
0.1	1.1905147	1.0839191	0.79613192	-29.907489	
0.15	1.2350052	1.1205173	0.96187806	-51.683169	
0.2	1.2703331	1.1268215	0.98533244	-60.444922	
0.25	1.2974	1.1517683	1.0752027	-79.676467	
0.3	1.3216503	1.1561787	0.87166634	-122.90247	
0.35	1.3436378	1.1825447	0.68027316	-131.73714	
0.4	1.3578935	1.2012897	0.80552115	-91.605928	
0.45	1.3835002	1.2257719	0.6404421	-115.90327	
0.5	1.4100408	1.234252	0.60952566	-112.41629	
0.55	1.4332941	1.2509328	0.73268259	-99.941182	
0.6	1.4544201	1.255132	0.62148183	-88.327429	
0.65	1.4800136	1.2557083	0.20925757	-132.18252	
0.7	1.5122507	1.2871107	-0.062368397	-128.55952	
0.75	1.5407925	1.3207702	0.48799791	-142.20509	
0.8	1.5793487	1.2961962	1.4013742	-52.014678	
0.85	1.5595763	1.3407603	0.82280545	-116.57896	
0.9	1.5884366	1.3513368	0.80358512	-108.41424	
0.95	1.6372493	1.3587512	0.24453308	-237.44384	
1	1.640831	1.3973706	0.56482178	-130.84518	
1.1	1.6759653	1.4368624	0.91732617	-117.31979	
1.2	1.7079797	1.4574537	0.88495102	-170.37461	
1.3	1.7245335	1.4646737	0.78303251	-152.08832	
1.4	1.7427487	1.4727372	0.66875437	-152.65019	
1.5	1.7552071	1.4884258	0.60153943	-139.06652	
1.6	1.7982963	1.5380693	0.49849749	-148.97207	
1.7	1.8372989	1.5424472	0.31458051	-144.71531	
1.8	1.8404176	1.5490863	0.4968384	-137.31116	
1.9	1.8716374	1.5706704	0.2180754	-170.11997	
2	1.8880051	1.6066015	0.47882284	-74.607675	
2.2	1.920533	1.6094653	-0.10596341	-105.61561	
2.4	1.9613153	1.6584296	0.039297915	-13.397939	
2.6	1.9843221	1.6627847	0.55505265	-74.441797	
2.8	2.0344776	1.7196706	-0.013844926	-101.79632	
3	2.0594672	1.758618	-0.18320915	-176.44837	
3.2	2.0970621	1.7709056	0.76944613	-176.8339	
3.3	2.081428	1.7708147	0.43622883	-162.27796	
3.4	2.0848435	1.7694105	0.48448051	-131.05039	
3.6	2.1062649	1.7946364	0.38346552	-137.95795	
3.8	2.1150395	1.8205239	-0.6256229	-158.13049	
4	2.1414469	1.850155	-0.15462172	-35.26401	
4.4	2.1441971	1.858794	-0.095902325	-98.550189	
4.5	2.1666106	1.8683443	-0.50922023	-63.505878	
4.8	2.2150241	1.8597128	-1.2262039	-120.12737	
5	2.2081707	1.8799804	0.48159615	-92.06274	
5.5	2.2027875	1.893512	0.45538836	-40.674523	
6	2.2003881	1.9219728	-0.085824246	8.3777507	
6.47	2.2255641	2.0361049	0.17781616	-29.926562	
8	2.2199854	2.0378686	0.92746065	-75.540699	
9	2.2126531	2.0349746	0.69016285	-105.39451	
10	2.2062791	1.9895926	0.20800613	-141.87899	
11	2.2430614	2.0355163	-0.73590922	-63.869076	
12	2.251195	2.0925065	-1.876421	132.19488	
13	2.2110733	2.0775366	-1.0985073	31.029049	
14	2.1789973	2.0670659	-0.45056968	-7.386922	
15	2.1580816	2.0259571	0.31915886	50.058837	
16	2.1525102	2.0508428	2.0784142	56.895223	
17	2.1316014	2.0110591	2.138514	-71.825106	
18	2.1027833	2.0141821	1.8657497	-40.076546	
19	2.0822233	2.0088067	1.9227155	38.872027	
20	2.0722119	2.018661	1.690172	-89.334088	
21	2.0445732	2.0108208	1.6501364	-39.700161	
22	2.0294801	2.0017351	1.7448649	-4.2375649	
23	2.020102	1.9966619	1.688541	-10.842915	
24	2.0270904	2.0315638	1.3068302	-8.9697846	
25	2.0142744	2.0130671	1.4496832	3.8464332	
26	2.0048093	1.9972542	1.5934851	-0.86992942	
27	2.0076665	1.9987305	1.5510078	29.341801	
28	2.0012791	1.9942795	1.590427	28.235363	
29	1.9902491	1.9825428	1.7466425	5.4853503	
30	1.9873531	1.9826751	1.7777403	6.833197	
31	1.9850384	1.9819549	1.7992316	7.830216	
32	1.9889925	1.9831922	1.5730297	-2.8639	
33	1.9859667	1.9809085	1.6171091	-7.6196707	
34	1.9782046	1.9750999	1.8944832	1.7813813	
35	1.976043	1.9717078	1.9217113	1.7108522	
36	1.9734462	1.9682056	1.952474	3.6191645	
37	1.9724438	1.967403	1.9507158	3.5264912	
38	1.9712091	1.9660436	1.9497456	3.4877888	
39	1.9702439	1.9655913	1.947754	3.6670075	
40	1.9684861	1.9645525	1.9688925	3.5255282	
41	1.9676038	1.9638667	1.9707051	3.733411	
42	1.9665487	1.963376	1.9647542	4.5728725	
43	1.9657672	1.9626169	1.9638088	4.7173309	
44	1.964943	1.9618661	1.9633531	4.7011593	
45	1.9615871	1.9604961	1.971768	3.5656796	
50	1.9565871	1.9568906	1.9572857	2.0842062	
55	1.952385	1.9529813	1.9565019	1.608119	
60	1.9482148	1.9488651	1.9513892	1.4847462	
65	1.944029	1.9446975	1.9469031	1.454904	
70	1.9398688	1.9405381	1.9426029	1.4448523	
75	1.9357332	1.9364018	1.9384789	1.4447542	
80	1.9316302	1.9322958	1.9343715	1.4446364	
85	1.9275612	1.9282224	1.9302898	1.4444992	


precision, %
wave=450 nm
height, km	60	
0	0.61001236	
0.05	0.79783585	
0.1	0.92741276	
0.15	1.0191259	
0.2	1.1272356	
0.25	1.0485209	
0.3	1.0502937	
0.35	1.033694	
0.4	0.9599074	
0.45	1.0004991	
0.5	1.0448792	
0.55	1.0180564	
0.6	1.0837958	
0.65	1.1275784	
0.7	1.2825183	
0.75	1.4419557	
0.8	1.6675285	
0.85	1.0097191	
0.9	1.0126429	
0.95	1.7521149	
1	1.1231435	
1.1	1.2253409	
1.2	1.1490099	
1.3	1.0858272	
1.4	1.0774623	
1.5	0.95521687	
1.6	1.1640084	
1.7	1.219672	
1.8	1.1345624	
1.9	1.192144	
2	1.038545	
2.2	1.1236139	
2.4	1.1317946	
2.6	1.0419253	
2.8	1.315123	
3	1.2255659	
3.2	1.3420752	
3.3	1.1280519	
3.4	1.0517163	
3.6	1.1212455	
3.8	1.1868983	
4	1.1864187	
4.4	1.1605829	
4.5	1.240958	
4.8	1.4765506	
5	1.2772655	
5.5	1.2353671	
6	1.3820136	
6.47	1.1557209	
8	1.2909011	
9	1.1492318	
10	1.2630176	
11	1.561778	
12	2.2111864	
13	1.5871272	
14	1.2415301	
15	1.2456632	
16	1.5654948	
17	1.3313011	
18	1.1339912	
19	1.0176529	
20	1.1304889	
21	0.87783934	
22	0.73690531	
23	0.7093042	
24	0.98519037	
25	0.82864411	
26	0.7049936	
27	0.86746033	
28	0.83427917	
29	0.63810696	
30	0.62742875	
31	0.61960873	
32	0.68982908	
33	0.66901675	
34	0.59508315	
35	0.59177045	
36	0.58972796	
37	0.58889977	
38	0.58738477	
39	0.58705962	
40	0.58566453	
41	0.58563897	
42	0.58500584	
43	0.58495121	
44	0.58494749	
45	0.58537325	
50	0.58501377	
55	0.58499649	
60	0.58514997	
65	0.58516043	
70	0.58513672	
75	0.58513606	
80	0.58513638	
85	0.58513717	


ord=1
wave=450 nm
zenith, km	60	
Stoks:	    0.90370371	     0.3629284	   0.073493552	             0	
enhancement factor
0	1.0229902	1.0003749	0.99906836	0	
0.05	1.0560776	1.031702	1.0311779	0	
0.1	1.068968	1.0423549	1.04144	0	
0.15	1.0818514	1.0528438	1.0517315	0	
0.2	1.0947127	1.0634233	1.0621917	0	
0.25	1.1074141	1.0739589	1.0727389	0	
0.3	1.120113	1.0843252	1.0828644	0	
0.35	1.1326688	1.0945734	1.0930605	0	
0.4	1.1449803	1.1046575	1.1029946	0	
0.45	1.1572524	1.1146013	1.1128973	0	
0.5	1.1693725	1.1245142	1.1228252	0	
0.55	1.181306	1.13431	1.1327846	0	
0.6	1.1930735	1.1440279	1.1426001	0	
0.65	1.2047136	1.1536902	1.1526079	0	
0.7	1.2162674	1.1631747	1.1622663	0	
0.75	1.2277035	1.1725614	1.1718795	0	
0.8	1.2389539	1.1818511	1.1811578	0	
0.85	1.2500038	1.19097	1.1903506	0	
0.9	1.2608645	1.1999104	1.199285	0	
0.95	1.2715031	1.20869	1.2082807	0	
1	1.2871028	1.2216037	1.2214165	0	
1.1	1.3073473	1.2384842	1.2384106	0	
1.2	1.3269536	1.2549215	1.2549903	0	
1.3	1.3459128	1.2709195	1.2710925	0	
1.4	1.3642616	1.2864573	1.2865817	0	
1.5	1.381992	1.3015909	1.3015059	0	
1.6	1.3990521	1.3162473	1.3160967	0	
1.7	1.4154612	1.3304412	1.3302026	0	
1.8	1.4312476	1.3441971	1.3438058	0	
1.9	1.4464124	1.3575066	1.3570825	0	
2	1.4678205	1.3765718	1.3760112	0	
2.2	1.4947055	1.400808	1.4000736	0	
2.4	1.5195682	1.4235595	1.4229905	0	
2.6	1.5425016	1.444959	1.4444896	0	
2.8	1.5636292	1.4650833	1.4645881	0	
3	1.5831375	1.484045	1.4835031	0	
3.2	1.5969448	1.4976254	1.4971206	0	
3.3	1.6056064	1.506292	1.5058181	0	
3.4	1.6178982	1.5187849	1.5182423	0	
3.6	1.633385	1.5347685	1.5341823	0	
3.8	1.647764	1.5499307	1.5493094	0	
4	1.6671808	1.5710062	1.57041	0	
4.4	1.6825343	1.5879401	1.5873382	0	
4.5	1.6934223	1.600358	1.5998552	0	
4.8	1.7064102	1.615372	1.614945	0	
5	1.7225808	1.6347119	1.6343061	0	
5.5	1.7436067	1.6605684	1.6602082	0	
6	1.7616664	1.6835847	1.6832468	0	
6.47	1.7929272	1.7248705	1.724555	0	
8	1.8282637	1.7724255	1.7721906	0	
9	1.8510561	1.8040026	1.8036789	0	
10	1.8703913	1.830742	1.8303782	0	
11	1.886568	1.8531003	1.8527375	0	
12	1.900274	1.8723866	1.8720353	0	
13	1.9119917	1.888854	1.8885222	0	
14	1.922013	1.9027885	1.9025037	0	
15	1.930571	1.9144984	1.9143035	0	
16	1.9378715	1.9243118	1.9241226	0	
17	1.9441382	1.9325706	1.932409	0	
18	1.9495264	1.9395851	1.9394316	0	
19	1.9541222	1.9455889	1.9454615	0	
20	1.9579519	1.9506702	1.9505466	0	
21	1.9610742	1.9548708	1.9547531	0	
22	1.9636052	1.9583424	1.9582385	0	
23	1.9656107	1.9611776	1.9610986	0	
24	1.9671849	1.9634632	1.9633733	0	
25	1.9683985	1.9652892	1.9651958	0	
26	1.9692817	1.9667068	1.966645	0	
27	1.9698828	1.9677632	1.9677315	0	
28	1.9702652	1.9685341	1.9685185	0	
29	1.9704721	1.9690773	1.9690621	0	
30	1.9705123	1.9694113	1.9693986	0	
31	1.9704037	1.9695489	1.9695509	0	
32	1.9701764	1.9695342	1.9695434	0	
33	1.9698597	1.9694077	1.9694176	0	
34	1.9694732	1.9691871	1.9691972	0	
35	1.9690173	1.9688759	1.9688862	0	
36	1.9684992	1.9684828	1.9684932	0	
37	1.9679289	1.9680204	1.9680309	0	
38	1.9673146	1.9674994	1.9675099	0	
39	1.9666631	1.9669288	1.9669394	0	
40	1.9659807	1.9663166	1.9663273	0	
41	1.9652729	1.9656701	1.9656809	0	
42	1.9645435	1.9649946	1.9650053	0	
43	1.9637955	1.9642935	1.9643043	0	
44	1.9630317	1.9635706	1.9635814	0	
45	1.9606496	1.9612776	1.9612861	0	
50	1.9565982	1.9573322	1.9573394	0	
55	1.9524555	1.9532455	1.9532528	0	
60	1.948282	1.9491011	1.9491063	0	
65	1.9441074	1.9449413	1.9449394	0	
70	1.9399517	1.9407894	1.9407876	0	
75	1.9358211	1.9366574	1.9366555	0	
80	1.9317203	1.9325525	1.9325507	0	
85	1.927652	1.9284786	1.9284769	0	


precision, %
wave=450 nm
height, km	60	
0	0.052072169	
0.05	0.048134525	
0.1	0.045165344	
0.15	0.042916705	
0.2	0.041924775	
0.25	0.040530303	
0.3	0.038584745	
0.35	0.036994657	
0.4	0.035741831	
0.45	0.034529204	
0.5	0.033359979	
0.55	0.031617553	
0.6	0.030703129	
0.65	0.029997649	
0.7	0.029164424	
0.75	0.028537169	
0.8	0.027670663	
0.85	0.027156338	
0.9	0.026626158	
0.95	0.026106592	
1	0.025280398	
1.1	0.024486811	
1.2	0.023382826	
1.3	0.022346106	
1.4	0.021730216	
1.5	0.021309183	
1.6	0.020783705	
1.7	0.02024331	
1.8	0.01977156	
1.9	0.019196391	
2	0.018471841	
2.2	0.017590086	
2.4	0.016990837	
2.6	0.016553046	
2.8	0.016240347	
3	0.015871934	
3.2	0.015674861	
3.3	0.015460847	
3.4	0.015249572	
3.6	0.015098802	
3.8	0.014922754	
4	0.014562961	
4.4	0.014390046	
4.5	0.014257601	
4.8	0.014185644	
5	0.014059065	
5.5	0.013915256	
6	0.013682472	
6.47	0.013243625	
8	0.012728044	
9	0.01236143	
10	0.012069036	
11	0.011795227	
12	0.011625076	
13	0.011463161	
14	0.011257491	
15	0.011127872	
16	0.011067389	
17	0.010949186	
18	0.01079666	
19	0.010713872	
20	0.010676811	
21	0.010620959	
22	0.010586309	
23	0.010563797	
24	0.01055899	
25	0.010543211	
26	0.010534429	
27	0.010507153	
28	0.010508951	
29	0.010503099	
30	0.010507356	
31	0.010517815	
32	0.010522519	
33	0.010531688	
34	0.010529037	
35	0.010526765	
36	0.010524832	
37	0.010523186	
38	0.010521783	
39	0.010520586	
40	0.010519563	
41	0.010518684	
42	0.010517927	
43	0.010517278	
44	0.010516722	
45	0.010509274	
50	0.010504899	
55	0.010504274	
60	0.010499459	
65	0.010485331	
70	0.010485333	
75	0.010485396	
80	0.010485489	
85	0.010485598	


-------------------------------------------------
tet=10  fi=180
	60	
450	0.023268791	

	60	
450	44.807473	

	60	
450	0.68824478	



ord=1
	60	
450	49.787246	

	60	
450	57.21855	

	60	
450	0.013040154	

enhancement factor
ord=0
wave=450 nm
zenith, km	60	
Stoks:	     1.4620212	   -0.65509478	  0.0040993136	 1.8436037e-06	
enhancement factor
0	1.0835147	1.0027732	0.7443017	48.822859	
0.05	1.160348	1.0590308	0.22564045	204.29472	
0.1	1.2078651	1.0833332	1.3953754	150.24986	
0.15	1.2400447	1.0993843	2.2878382	278.09819	
0.2	1.2688116	1.1236	2.0880561	258.92757	
0.25	1.2976391	1.1354339	2.0124617	216.64899	
0.3	1.3315234	1.1579329	2.5519466	163.08302	
0.35	1.3611426	1.1688918	2.9549049	4.4068077	
0.4	1.3713493	1.1774742	2.7015846	-7.1489539	
0.45	1.3944577	1.1934134	2.6830965	-57.352651	
0.5	1.4336283	1.2283502	1.4300363	-122.39782	
0.55	1.4568855	1.235953	2.5281658	-249.46671	
0.6	1.4808897	1.2539886	2.2922577	-292.29411	
0.65	1.5118756	1.2783493	-0.83853277	-3.7933561	
0.7	1.527824	1.2850444	-1.5279523	216.62465	
0.75	1.5494056	1.2868223	0.22070778	169.47065	
0.8	1.595975	1.3139466	8.0810013	-1034.0555	
0.85	1.5803422	1.2919458	1.7792316	-256.02631	
0.9	1.6191061	1.316725	-0.0094468664	-683.30795	
0.95	1.641159	1.3283532	1.1915085	-380.03032	
1	1.6634317	1.3522927	-1.4726101	-383.66796	
1.1	1.7018779	1.3881574	1.665435	-638.15706	
1.2	1.7453496	1.4040886	3.3211363	179.85354	
1.3	1.7521359	1.4219184	3.7353639	-178.81005	
1.4	1.7781147	1.4578736	2.8389482	-251.71144	
1.5	1.7826246	1.4678609	0.69944817	16.086157	
1.6	1.8135053	1.4708042	0.51507548	340.55201	
1.7	1.8750423	1.5292728	-0.41668507	406.69112	
1.8	1.8734917	1.5321801	-0.11626163	-161.70734	
1.9	1.9215401	1.539298	0.39041482	387.65643	
2	1.9260739	1.5610133	-0.95748704	-661.1793	
2.2	1.9604336	1.6094307	-2.7900449	93.722091	
2.4	1.9962192	1.618222	-2.4222676	-497.38746	
2.6	2.0424208	1.6769319	0.62282253	-255.89328	
2.8	2.0906671	1.7055802	1.4395959	337.06891	
3	2.1232232	1.7074108	-3.305665	687.94587	
3.2	2.1664188	1.7270944	2.1975578	701.50415	
3.3	2.1310012	1.7439874	-1.5757461	582.10326	
3.4	2.1311443	1.7738802	-1.9438828	307.45251	
3.6	2.1493215	1.7815043	-3.5306132	359.06039	
3.8	2.1626576	1.7659926	-7.0391808	868.05936	
4	2.1785121	1.8013625	1.1088163	-87.296078	
4.4	2.1603597	1.8201941	-0.30940702	794.42943	
4.5	2.1900889	1.8446491	-0.63547259	764.29564	
4.8	2.2605954	1.8720488	3.7685663	1450.0674	
5	2.2704516	1.9107568	3.7932772	100.67925	
5.5	2.2593533	1.9345454	5.6430618	173.00718	
6	2.2610041	1.9671218	4.9208932	40.408887	
6.47	2.2453253	1.9494125	1.9382229	299.8115	
8	2.2583633	1.9528758	3.3960215	368.64189	
9	2.2453312	2.0003955	0.24975346	-28.003669	
10	2.2463869	2.075575	-3.2486627	521.6137	
11	2.2669576	2.0730978	-4.5632958	253.57366	
12	2.2938218	2.0570203	-11.287047	-356.06551	
13	2.2543596	2.0636627	-6.3469031	-86.351099	
14	2.2199645	2.0791708	-4.8666136	-170.70695	
15	2.1967364	2.0844595	-0.68414049	-107.17881	
16	2.1838981	2.0611057	4.0951271	-11.052599	
17	2.1590061	2.0773081	3.0306562	800.78415	
18	2.1176903	2.0289989	-0.7966296	560.47796	
19	2.1030309	2.0335429	-3.7568824	-380.29713	
20	2.0721875	2.0101777	-0.034889063	-237.22076	
21	2.0481552	1.9975962	-0.88192902	-169.72451	
22	2.0365971	1.9969504	-0.73180312	-110.97804	
23	2.0256445	1.9944949	0.093563653	-23.158351	
24	2.0199349	1.986733	0.088466623	-10.368266	
25	2.0124493	1.9866638	0.22838657	28.053565	
26	2.0057333	1.9839279	0.59143259	65.87965	
27	2.0027058	1.9839249	1.4034052	324.33641	
28	1.996101	1.9813455	1.5289806	305.96475	
29	1.9907457	1.9795282	1.6721563	247.20239	
30	1.9875652	1.9763999	1.686703	183.98874	
31	1.9854419	1.9741149	1.7216925	173.55798	
32	1.9899594	1.9718142	0.47874629	216.93334	
33	1.9878108	1.9707158	0.43344583	163.36471	
34	1.9800284	1.9731253	1.9446919	111.1343	
35	1.9782003	1.9724711	1.9152674	91.640394	
36	1.9741662	1.9724716	2.0150763	15.189337	
37	1.9731868	1.9717857	2.0253084	19.310418	
38	1.9720745	1.9713013	2.0218117	21.584764	
39	1.971134	1.9705473	2.0083286	17.197851	
40	1.969652	1.9699422	2.055698	8.627366	
41	1.968774	1.9691205	2.0616553	5.4407443	
42	1.967632	1.9679679	2.0245135	-15.355577	
43	1.9667217	1.96712	2.0489395	-16.045326	
44	1.9658917	1.9663224	2.0502472	-15.996685	
45	1.9622988	1.9624685	2.0716166	-6.6303016	
50	1.9572488	1.9580063	1.942716	3.9311854	
55	1.9530295	1.9539949	1.9526183	3.6880904	
60	1.9488244	1.9498124	1.9486522	3.4853108	
65	1.9446348	1.9456454	1.9444786	3.4843848	
70	1.9404758	1.9414967	1.9406366	3.5170401	
75	1.9363354	1.9373529	1.9365117	3.4996138	
80	1.9322277	1.9332394	1.9324222	3.482412	
85	1.9281538	1.9291585	1.9283677	3.4654305	


precision, %
wave=450 nm
height, km	60	
0	0.72964376	
0.05	0.89439228	
0.1	1.0251248	
0.15	1.0293637	
0.2	1.0529374	
0.25	1.0486827	
0.3	1.0964195	
0.35	1.1362968	
0.4	1.0072758	
0.45	1.0280135	
0.5	1.1206338	
0.55	1.0715626	
0.6	1.1609422	
0.65	1.2581968	
0.7	1.2117211	
0.75	1.1824572	
0.8	1.8293964	
0.85	1.0774082	
0.9	1.2454664	
0.95	1.2624395	
1	1.220976	
1.1	1.2526276	
1.2	1.2513401	
1.3	1.1529763	
1.4	1.3997758	
1.5	1.0383421	
1.6	1.0948234	
1.7	1.3123539	
1.8	1.1417863	
1.9	1.8058783	
2	1.1642584	
2.2	1.1533819	
2.4	1.1734261	
2.6	1.2694897	
2.8	1.3289524	
3	1.4650189	
3.2	1.6018217	
3.3	1.3407995	
3.4	1.3047445	
3.6	1.3211889	
3.8	1.37613	
4	1.3388914	
4.4	1.1711444	
4.5	1.2370047	
4.8	1.5994359	
5	1.4939315	
5.5	1.4256978	
6	1.8903633	
6.47	1.2613937	
8	1.5432082	
9	1.3790052	
10	1.5342511	
11	1.647881	
12	2.1615134	
13	1.6487771	
14	1.4442835	
15	1.5708038	
16	1.6674862	
17	1.4685598	
18	1.2549166	
19	1.3140034	
20	1.0555203	
21	0.93963908	
22	0.87409571	
23	0.82602122	
24	0.81595198	
25	0.79016402	
26	0.76787815	
27	0.79208145	
28	0.77374747	
29	0.71869245	
30	0.71548642	
31	0.71126775	
32	0.75522056	
33	0.74620433	
34	0.70593459	
35	0.70225243	
36	0.69348417	
37	0.69323972	
38	0.69273965	
39	0.69254401	
40	0.69149315	
41	0.69168015	
42	0.69105436	
43	0.69140536	
44	0.6913683	
45	0.69137113	
50	0.68841302	
55	0.68800624	
60	0.68802891	
65	0.6880079	
70	0.68798084	
75	0.68797985	
80	0.68798004	
85	0.68798082	


ord=1
wave=450 nm
zenith, km	60	
Stoks:	    0.72790011	   -0.41649389	-1.7589554e-05	             0	
enhancement factor
0	1.0276786	1.000153	6.4816068	0	
0.05	1.0596347	1.0307916	2.6241577	0	
0.1	1.0714697	1.0412524	4.7405451	0	
0.15	1.0833472	1.0516562	6.2737425	0	
0.2	1.0952503	1.0617724	6.6234482	0	
0.25	1.1070093	1.0717251	6.1393992	0	
0.3	1.118819	1.0816483	7.0080905	0	
0.35	1.1305059	1.0915071	7.1871352	0	
0.4	1.1419454	1.1013365	8.0590172	0	
0.45	1.1533924	1.1111115	8.6500152	0	
0.5	1.1647082	1.1207326	8.712373	0	
0.55	1.1758503	1.1302716	8.2187076	0	
0.6	1.1868452	1.1396911	7.8869314	0	
0.65	1.1977413	1.1489691	6.3058224	0	
0.7	1.2085898	1.1582099	5.7363747	0	
0.75	1.2193528	1.1673219	4.8572315	0	
0.8	1.2299481	1.1762625	4.7916954	0	
0.85	1.240358	1.1850739	4.4472157	0	
0.9	1.2505971	1.1937612	4.5410072	0	
0.95	1.260624	1.2023082	3.7406329	0	
1	1.2753584	1.2147995	2.7666182	0	
1.1	1.2944947	1.2311168	2.1737772	0	
1.2	1.3130745	1.2470163	1.4470366	0	
1.3	1.3310829	1.2625056	0.87280337	0	
1.4	1.3485606	1.277617	1.0501908	0	
1.5	1.3654933	1.2922947	1.7669834	0	
1.6	1.3818125	1.3065736	1.9985454	0	
1.7	1.3975375	1.3204358	2.3627539	0	
1.8	1.4126966	1.3338795	2.9850022	0	
1.9	1.4272848	1.3469331	3.1734784	0	
2	1.4479298	1.3656308	3.7455426	0	
2.2	1.4739341	1.3894714	4.5441423	0	
2.4	1.4981035	1.4119136	3.9348136	0	
2.6	1.5204979	1.4330311	3.4972724	0	
2.8	1.5412167	1.4529428	3.5919964	0	
3	1.5604404	1.471732	3.7263372	0	
3.2	1.5741044	1.4852537	3.6165089	0	
3.3	1.5827058	1.4939005	3.5181457	0	
3.4	1.5949627	1.5063473	3.7572722	0	
3.6	1.6104622	1.5223215	3.9258222	0	
3.8	1.6249281	1.5375011	4.0378612	0	
4	1.6446119	1.5587148	3.9760673	0	
4.4	1.6602408	1.5757506	3.9524223	0	
4.5	1.6714255	1.5883507	3.6381685	0	
4.8	1.6848208	1.6035956	3.4158149	0	
5	1.7016681	1.623287	3.4129496	0	
5.5	1.7237546	1.6496423	3.2406541	0	
6	1.7429116	1.6731727	3.1491993	0	
6.47	1.7764279	1.7154779	2.9639923	0	
8	1.8145456	1.7643388	2.6175789	0	
9	1.8393679	1.7968759	2.995003	0	
10	1.8604917	1.8245843	3.2002709	0	
11	1.8782274	1.8478803	3.2416536	0	
12	1.8933164	1.8679624	3.2023337	0	
13	1.9062185	1.8851116	3.1179823	0	
14	1.9172248	1.8996376	2.9241623	0	
15	1.9265981	1.91187	2.5754876	0	
16	1.9345668	1.9221424	2.5905146	0	
17	1.9413809	1.9307938	2.4996201	0	
18	1.9472256	1.9381412	2.4619012	0	
19	1.952221	1.9444459	2.3709002	0	
20	1.9564024	1.949789	2.3779331	0	
21	1.9598287	1.9542226	2.3916624	0	
22	1.9626237	1.9578778	2.3301395	0	
23	1.9648536	1.9608714	2.2232631	0	
24	1.9666225	1.9632931	2.2678986	0	
25	1.9680055	1.9652327	2.2793475	0	
26	1.9690316	1.9667452	2.1408359	0	
27	1.9697535	1.9678906	2.0310619	0	
28	1.9702409	1.9687392	1.9823345	0	
29	1.9705404	1.9693429	1.981423	0	
30	1.9706593	1.969729	1.9725559	0	
31	1.9706166	1.9699203	1.9327016	0	
32	1.9704456	1.9699468	1.9117713	0	
33	1.9701784	1.9698522	1.9091389	0	
34	1.9698363	1.9696592	1.9082554	0	
35	1.9694188	1.9693716	1.9073731	0	
36	1.9689338	1.9689986	1.9064933	0	
37	1.9683919	1.9685532	1.9056157	0	
38	1.9678019	1.9680467	1.9047402	0	
39	1.9671714	1.9674884	1.9038662	0	
40	1.9665071	1.9668867	1.9029939	0	
41	1.9658148	1.9662492	1.9021231	0	
42	1.965099	1.9655812	1.901254	0	
43	1.9643628	1.9648866	1.9003863	0	
44	1.963609	1.9641692	1.8995201	0	
45	1.9612473	1.9618881	1.910342	0	
50	1.9572195	1.9579549	1.9135154	0	
55	1.9530878	1.953872	1.9092635	0	
60	1.9489181	1.9497278	1.9142202	0	
65	1.9447428	1.9455667	1.9404639	0	
70	1.9405847	1.9414112	1.9363145	0	
75	1.9364504	1.9372749	1.9322013	0	
80	1.9323453	1.9331655	1.9281236	0	
85	1.9282723	1.9290869	1.924081	0	


precision, %
wave=450 nm
height, km	60	
0	0.064341481	
0.05	0.059543841	
0.1	0.055924496	
0.15	0.053187345	
0.2	0.052002773	
0.25	0.050315678	
0.3	0.047936155	
0.35	0.045995034	
0.4	0.044472916	
0.45	0.042993508	
0.5	0.041564874	
0.55	0.039415188	
0.6	0.038297627	
0.65	0.037437643	
0.7	0.036416952	
0.75	0.035650224	
0.8	0.034583768	
0.85	0.033957177	
0.9	0.033308555	
0.95	0.032672441	
1	0.031656959	
1.1	0.03068466	
1.2	0.029317872	
1.3	0.028035199	
1.4	0.027276069	
1.5	0.026759079	
1.6	0.026108349	
1.7	0.025438975	
1.8	0.024854169	
1.9	0.024137169	
2	0.023234677	
2.2	0.022133064	
2.4	0.021384298	
2.6	0.020836465	
2.8	0.020444357	
3	0.019980475	
3.2	0.019731518	
3.3	0.019461319	
3.4	0.019192884	
3.6	0.019000967	
3.8	0.018775364	
4	0.018316807	
4.4	0.018094685	
4.5	0.017923299	
4.8	0.017827163	
5	0.01765856	
5.5	0.017464959	
6	0.017160057	
6.47	0.016587353	
8	0.015914777	
9	0.015438129	
10	0.015056828	
11	0.014701741	
12	0.014480053	
13	0.014268231	
14	0.014004635	
15	0.013838084	
16	0.013758831	
17	0.013608164	
18	0.013415446	
19	0.01330922	
20	0.01326086	
21	0.013189847	
22	0.013145506	
23	0.013116839	
24	0.013109096	
25	0.013088522	
26	0.013076603	
27	0.013042159	
28	0.013043527	
29	0.013035648	
30	0.013040418	
31	0.013053336	
32	0.013058968	
33	0.013069777	
34	0.01306619	
35	0.013063112	
36	0.013060492	
37	0.013058258	
38	0.013056353	
39	0.013054726	
40	0.013053333	
41	0.013052134	
42	0.013051102	
43	0.013050215	
44	0.013049454	
45	0.013039738	
50	0.013033988	
55	0.013033119	
60	0.013027441	
65	0.013010897	
70	0.013010899	
75	0.013010985	
80	0.013011114	
85	0.013011264	


