RT Model MCC++	 O.Postylyakov	ver.72
MixedSimC<atmos::StoksC,MCSimC<atmos::StoksC,MCWMethodC<atmos::StoksC,SphericalGeomT>>,SSSimC<atmos::StoksC,MCSimC<atmos::StoksC,MSSMethodC<atmos::StoksC,SphericalGeomT,1000>>>>	ps::cLCG2C	Density: double	AMFs: Yes	ORDERS_ACCOUNT: ATM_COLLGS_ORDERS
photons passed	base/max expendeture	EPS-breakes	MaxCollgs-Breaks	MinPhWgt-Breaks	average colligions
20000	0.00970356/0.0156902	0	0	0	2.7103	
SpecialSamplingCollgs	ForceCollgSimul	EPS	ssEPS	MaxCollgs	MinPhWgt	BaseMod	
1	0	0.001	1e-12	500	1e-300	0	
Albedo	time	IY
0.05	0.0304333	{ 1857426584 602836173 ; 40014 40692 2147483563 2147483399 }	
 -6370.99	 -6370.99	 -5791.81	 -5212.63	 -4633.45	 -4054.27	 -3475.09	  -2895.9	 -2316.72	 -1737.54	 -1158.36	 -579.181	-9.09495e-13	  12.8571	  25.7143	  38.5714	  51.4286	  64.2857	  77.1429	       90	
        0	        0	0.0080361	 0.024108	 0.040179	 0.056251	 0.072322	 0.088394	  0.10447	  0.12054	  0.13661	  0.15268	  0.16875	0.0039284	0.0039364	0.0039443	0.0039522	0.0039601	 0.003968	 0.003976	
        0	        0	        0	        0	        0	        0	        0	        0	        0	        0	        0	        0	        0	        0	        0	        0	        0	        0	        0	        0	
        0	        0	        0	        0	        0	        0	        0	        0	        0	        0	        0	        0	        0	        0	        0	        0	        0	        0	        0	        0	

-------------------------------------------------
tet=40  fi=0
	60	
450	0.078992	

	60	
450	0.75661	

	60	
450	0.31213	



ord=1
	60	
450	71.508	

	60	
450	1.7857	

	60	
450	0.0027225	

enhancement factor
ord=0
wave=450 nm
zenith, km	60	
Stoks:	     4.9632203	  -0.037552083	 0.00051558132	 1.9782323e-05	
enhancement factor
0	1.3245528	1.0005953	-3.1315798	-10.659116	
0.05	1.3797185	0.65912279	-6.5809307	-17.170791	
0.1	1.4046103	0.90722424	-13.528322	-26.632908	
0.15	1.4321367	0.46327178	-22.139348	-45.729102	
0.2	1.4561352	0.33470057	-0.15803043	-79.590697	
0.25	1.4784821	0.2663659	-7.8619394	-40.986294	
0.3	1.5037517	0.035987949	-25.937531	-26.925375	
0.35	1.5296629	-0.44731496	-7.75517	-79.642787	
0.4	1.545025	-0.47089419	-1.3102743	-78.102178	
0.45	1.5577808	-0.070509249	-0.41351725	-43.301189	
0.5	1.5850198	-0.063183388	-14.972392	-38.148228	
0.55	1.6059	-0.25457903	-23.451562	-29.439693	
0.6	1.6209384	-0.30765749	-1.8299376	-46.062048	
0.65	1.6410403	-0.70990441	-22.370617	-43.106239	
0.7	1.6474247	-0.82366765	-16.959437	-34.955328	
0.75	1.6658909	-0.74450255	-1.7964055	-43.359506	
0.8	1.6776376	-0.64641346	29.825817	49.199925	
0.85	1.6891768	-0.82954753	10.199151	28.078427	
0.9	1.7051074	-0.6864616	6.2695919	31.580267	
0.95	1.7280697	-1.0391084	-5.0668148	46.667848	
1	1.7411253	-1.4231614	-9.8210589	60.190526	
1.1	1.75657	-1.7257735	3.7402923	33.365508	
1.2	1.7778719	-1.8317217	-0.7201167	-21.849738	
1.3	1.7989978	-1.6795807	3.3182875	-8.8445148	
1.4	1.8325707	-1.9261545	26.159673	59.846145	
1.5	1.8467137	-2.2342874	17.924387	63.020744	
1.6	1.8578235	-1.9923652	18.098554	16.265251	
1.7	1.8808179	-2.3105002	25.017297	62.737277	
1.8	1.8928517	-2.3607082	33.767558	27.443522	
1.9	1.9134737	-2.2351571	2.1420798	75.582257	
2	1.9240924	-1.9179379	46.307419	44.892579	
2.2	1.9491129	-2.0105772	53.736496	44.252784	
2.4	1.9796242	-1.8614755	37.44818	-19.13815	
2.6	2.0009926	-1.8669982	44.276413	5.8602157	
2.8	2.0124825	-1.659296	35.573978	-10.72888	
3	2.0305747	-2.1281916	41.471464	-10.781278	
3.2	2.0318585	-2.2741774	53.700867	-18.51738	
3.3	2.0411718	-2.7137777	49.208484	-3.2475486	
3.4	2.0585407	-3.4597631	37.682147	19.857695	
3.6	2.0650583	-2.7601954	36.246053	25.494373	
3.8	2.0746948	-2.4307205	36.778598	17.471186	
4	2.0896476	-3.6511607	6.0308007	10.884468	
4.4	2.0968571	-4.8972469	-45.527736	-19.757788	
4.5	2.1081104	-4.6670989	-40.664624	70.797196	
4.8	2.1065821	-3.9878171	-77.249011	50.9292	
5	2.1169704	-3.7412537	-47.281895	-10.794898	
5.5	2.116507	-3.7419146	-16.880281	-2.2206821	
6	2.1241983	-3.3717785	-8.0996381	19.407285	
6.47	2.137852	-3.4811136	-90.796866	66.028356	
8	2.1397338	-3.3705801	7.1285296	-1.2576349	
9	2.1432353	-3.1612456	-44.421077	70.164414	
10	2.1432553	-1.6829122	-53.367545	54.760868	
11	2.1049767	-2.0141461	-36.339782	-40.869199	
12	2.0924119	-1.2583408	-42.670042	-34.624314	
13	2.0777366	-0.95607869	-86.240188	-47.907903	
14	2.0671851	-1.4321023	-10.523033	67.310964	
15	2.067151	-1.583983	-29.719698	31.075373	
16	2.0511222	-0.13562966	-38.421731	27.716033	
17	2.0433136	1.0081396	-53.680847	28.25439	
18	2.0310479	0.99710123	-26.346583	54.390626	
19	2.0232955	0.96800022	-6.8240274	27.644081	
20	2.0250726	0.67223285	29.054106	70.614519	
21	2.0224018	1.0374564	-43.301856	7.0394947	
22	2.0116313	1.0771374	13.948715	22.621243	
23	2.0038284	1.3277555	2.8159994	14.032909	
24	1.9974594	1.3033339	-11.448686	4.9790882	
25	1.9932626	1.4398417	-21.257263	-13.210808	
26	1.9896947	1.5202932	-17.959411	-22.510888	
27	1.9857901	1.5782008	-21.233743	-21.250799	
28	1.9829136	1.5356692	-13.95121	-19.940943	
29	1.9805453	1.6203872	-10.41046	-15.67127	
30	1.9782038	1.7013802	-4.4675517	-5.8173742	
31	1.9762494	1.7615314	-0.45057888	-2.1514046	
32	1.974926	1.7899846	0.021999032	-1.713384	
33	1.9739462	1.8122537	0.076831586	-1.959221	
34	1.97304	1.8222849	-0.051718896	-2.5691584	
35	1.9716671	1.8455142	-1.2327551	-5.682906	
36	1.9707557	1.8622065	-0.8941481	-6.2246422	
37	1.9697567	1.8771937	0.26369658	-6.4822293	
38	1.9685868	1.8966854	1.7707187	-4.7906008	
39	1.9670604	1.9668333	5.8090309	3.1274259	
40	1.9660306	1.9639659	5.2600605	3.2775634	
41	1.9649114	1.9655837	5.542844	2.9251029	
42	1.9640636	1.9658229	5.5662653	2.9228408	
43	1.9631883	1.9703888	5.4996815	2.8409883	
44	1.9620722	1.991571	4.0976963	2.5499589	
45	1.9591044	1.9779823	2.3285434	1.927081	
50	1.9546724	1.9720172	3.0085689	1.8572131	
55	1.950266	1.9592426	2.6412095	1.8488305	
60	1.9459066	1.9482377	2.303117	1.8385071	
65	1.9417257	1.9441238	2.288227	1.8243652	
70	1.9375695	1.9398965	2.2722737	1.8175597	
75	1.9333986	1.9328773	1.943231	1.6882851	
80	1.9293012	1.9281405	1.865494	1.6573059	
85	1.9252498	1.9241008	1.8620368	1.6553781	


precision, %
wave=450 nm
height, km	60	
0	0.37320684	
0.05	0.40140797	
0.1	0.38112582	
0.15	0.39464306	
0.2	0.42571958	
0.25	0.42230259	
0.3	0.46645196	
0.35	0.5885341	
0.4	0.56198456	
0.45	0.46558528	
0.5	0.50738761	
0.55	0.5508654	
0.6	0.55314918	
0.65	0.56250941	
0.7	0.51016425	
0.75	0.56819444	
0.8	0.54703144	
0.85	0.49461037	
0.9	0.53374398	
0.95	0.59098155	
1	0.52228795	
1.1	0.51572222	
1.2	0.48533677	
1.3	0.49624398	
1.4	0.59735627	
1.5	0.71799093	
1.6	0.53256377	
1.7	0.57071186	
1.8	0.55947857	
1.9	0.68312544	
2	0.56835394	
2.2	0.64319697	
2.4	0.65103805	
2.6	0.6290612	
2.8	0.58975045	
3	0.60619982	
3.2	0.57283416	
3.3	0.55862502	
3.4	0.634864	
3.6	0.6301174	
3.8	0.62930996	
4	0.63327599	
4.4	0.63616951	
4.5	0.68539268	
4.8	0.64741714	
5	0.61348774	
5.5	0.58157923	
6	0.64175853	
6.47	0.67641753	
8	0.69441027	
9	0.69557734	
10	0.74829825	
11	0.65351724	
12	0.70531258	
13	0.63807428	
14	0.58487683	
15	0.74097309	
16	0.55086603	
17	0.53841895	
18	0.47963768	
19	0.43768989	
20	0.63280282	
21	0.5246798	
22	0.43250246	
23	0.36871087	
24	0.34692967	
25	0.3389465	
26	0.33616938	
27	0.33033342	
28	0.32210411	
29	0.31615261	
30	0.31447216	
31	0.31220111	
32	0.31252654	
33	0.31297533	
34	0.31291835	
35	0.31235257	
36	0.31157448	
37	0.31142669	
38	0.31089417	
39	0.31020296	
40	0.31017125	
41	0.31036811	
42	0.31036073	
43	0.31012784	
44	0.31196394	
45	0.31139919	
50	0.31221038	
55	0.3122219	
60	0.31243393	
65	0.31241634	
70	0.31240244	
75	0.31201076	
80	0.31192496	
85	0.31192603	


ord=1
wave=450 nm
zenith, km	60	
Stoks:	     3.5490882	  -0.063375597	 2.4930033e-06	             0	
enhancement factor
0	1.2930298	1.2932584	3.8947266	0	
0.05	1.3326027	1.3290813	-25.348078	0	
0.1	1.3460133	1.3380067	-18.323722	0	
0.15	1.3593101	1.3472177	-5.9090242	0	
0.2	1.3723571	1.3568052	1.1286753	0	
0.25	1.3852055	1.3658006	7.0544135	0	
0.3	1.3978536	1.3745344	10.016542	0	
0.35	1.4102968	1.3834299	7.9198698	0	
0.4	1.4225196	1.3914858	-4.6757683	0	
0.45	1.4344895	1.3997753	-0.078443335	0	
0.5	1.4462155	1.4080787	-4.5218092	0	
0.55	1.4577431	1.4158434	-4.9971864	0	
0.6	1.4690072	1.4232793	0.82493371	0	
0.65	1.4800599	1.430839	2.7849876	0	
0.7	1.4908924	1.4387985	7.1779437	0	
0.75	1.5015186	1.4464933	18.150718	0	
0.8	1.5118877	1.4538793	16.384932	0	
0.85	1.5220273	1.4608375	5.6597221	0	
0.9	1.5319387	1.4672986	-2.3106403	0	
0.95	1.5416404	1.4740832	-9.2043022	0	
1	1.5556709	1.4839267	-10.187331	0	
1.1	1.5737454	1.4968308	-10.783097	0	
1.2	1.5909977	1.5091104	-8.461716	0	
1.3	1.6074609	1.5209708	-4.3558067	0	
1.4	1.6231517	1.5321625	-5.888144	0	
1.5	1.6380963	1.5431414	-7.8579082	0	
1.6	1.652308	1.5537646	-10.460778	0	
1.7	1.6658309	1.5641819	-15.615542	0	
1.8	1.6786804	1.5745708	-17.995614	0	
1.9	1.690892	1.5843664	-22.275277	0	
2	1.7078594	1.5980896	-22.618309	0	
2.2	1.7288108	1.6154547	-21.479502	0	
2.4	1.7476608	1.6318671	-19.546511	0	
2.6	1.764623	1.6470919	-17.206253	0	
2.8	1.7798741	1.6611916	-21.917278	0	
3	1.7936043	1.6742993	-24.000765	0	
3.2	1.8031043	1.6836126	-22.235305	0	
3.3	1.8089498	1.6895082	-21.75966	0	
3.4	1.8170541	1.6979542	-23.100442	0	
3.6	1.827063	1.7089422	-29.495372	0	
3.8	1.8360967	1.7194073	-28.045587	0	
4	1.847762	1.7335991	-25.500482	0	
4.4	1.8567678	1.7450927	-26.198656	0	
4.5	1.8628011	1.7535007	-26.934311	0	
4.8	1.8698177	1.7634789	-22.557105	0	
5	1.8780002	1.7763419	-22.975006	0	
5.5	1.8880293	1.7932286	-23.286049	0	
6	1.8960191	1.8083291	-22.230394	0	
6.47	1.9086445	1.8350043	-14.457064	0	
8	1.9221129	1.8656318	-8.5188642	0	
9	1.9299952	1.8859539	-8.5477355	0	
10	1.9370047	1.9021623	-8.3211483	0	
11	1.9431226	1.9145379	-5.6394223	0	
12	1.9479492	1.9253616	-4.4307227	0	
13	1.9520556	1.9344108	-6.0263552	0	
14	1.9556932	1.9418932	-3.6793904	0	
15	1.9589212	1.9480136	-4.0819909	0	
16	1.9618064	1.9528875	-2.8576164	0	
17	1.9644082	1.9566945	-1.0221757	0	
18	1.9667043	1.9598074	-0.079733007	0	
19	1.9685954	1.9624278	1.1434646	0	
20	1.9700517	1.9646149	4.8746165	0	
21	1.9711334	1.9662785	4.1899331	0	
22	1.9718981	1.9676149	3.106237	0	
23	1.9723988	1.9686785	2.0970272	0	
24	1.9726753	1.9694382	2.0685228	0	
25	1.972767	1.9699532	1.5233914	0	
26	1.9727008	1.9702744	2.2331624	0	
27	1.972499	1.9704216	2.131263	0	
28	1.9721877	1.9704504	2.5807708	0	
29	1.9717891	1.9703283	2.570763	0	
30	1.9713127	1.9701085	2.7701454	0	
31	1.9707684	1.9697739	2.4571901	0	
32	1.9701697	1.9693404	1.9120758	0	
33	1.9695297	1.968846	1.8700606	0	
34	1.9688553	1.9683252	1.8664614	0	
35	1.9681481	1.9677179	1.6346327	0	
36	1.9674158	1.9670946	1.5908884	0	
37	1.9666613	1.9664563	1.8850409	0	
38	1.9658896	1.9657783	1.8840364	0	
39	1.9651028	1.965074	1.8830338	0	
40	1.9643036	1.9643478	1.882033	0	
41	1.9634945	1.9636036	1.8810343	0	
42	1.9626772	1.9628441	1.8800375	0	
43	1.9618531	1.9620713	1.8790427	0	
44	1.9610235	1.961287	1.8780497	0	
45	1.9585041	1.9588753	1.9544938	0	
50	1.9542923	1.9547895	2.0067074	0	
55	1.9500702	1.9506385	2.002021	0	
60	1.9458622	1.9464696	1.9973779	0	
65	1.9416795	1.9423068	1.9927775	0	
70	1.9375272	1.9381629	1.9882191	0	
75	1.9334077	1.9340453	1.9837022	0	
80	1.9293222	1.929958	1.9792261	0	
85	1.9252711	1.9259033	1.9747903	0	


precision, %
wave=450 nm
height, km	60	
0	0.01366114	
0.05	0.010973666	
0.1	0.010255055	
0.15	0.0096337685	
0.2	0.0091164062	
0.25	0.0087463717	
0.3	0.0083995879	
0.35	0.0081762707	
0.4	0.0080345731	
0.45	0.0077851372	
0.5	0.00767869	
0.55	0.0074880967	
0.6	0.0072687289	
0.65	0.0069871223	
0.7	0.00684098	
0.75	0.0066854822	
0.8	0.0066143519	
0.85	0.0064786072	
0.9	0.0063386012	
0.95	0.0062202321	
1	0.005981285	
1.1	0.0057312726	
1.2	0.0055569813	
1.3	0.0053840653	
1.4	0.0051837425	
1.5	0.0049720891	
1.6	0.0047868859	
1.7	0.0046956848	
1.8	0.0046169109	
1.9	0.0045212824	
2	0.0043970616	
2.2	0.0042948924	
2.4	0.0041500869	
2.6	0.0039975416	
2.8	0.0038453574	
3	0.0037569077	
3.2	0.003714055	
3.3	0.0036894523	
3.4	0.0036099219	
3.6	0.0035255817	
3.8	0.0035136979	
4	0.0034723351	
4.4	0.0034368248	
4.5	0.0034290209	
4.8	0.0033903733	
5	0.003352626	
5.5	0.0032804981	
6	0.0032322093	
6.47	0.0031312389	
8	0.003037929	
9	0.0029583903	
10	0.0029065806	
11	0.0028650368	
12	0.0028348424	
13	0.002824788	
14	0.0028254266	
15	0.0028176749	
16	0.002797636	
17	0.0027749716	
18	0.0027718325	
19	0.0027673117	
20	0.0027588606	
21	0.0027474547	
22	0.0027407836	
23	0.0027330731	
24	0.0027308169	
25	0.002721905	
26	0.0027224114	
27	0.0027173182	
28	0.0027171943	
29	0.0027163274	
30	0.002716861	
31	0.0027194404	
32	0.0027190636	
33	0.002719154	
34	0.0027195991	
35	0.0027210149	
36	0.0027213128	
37	0.0027225528	
38	0.0027224076	
39	0.0027222853	
40	0.0027221822	
41	0.002722095	
42	0.0027220213	
43	0.0027219591	
44	0.0027219067	
45	0.0027205629	
50	0.0027198579	
55	0.0027198071	
60	0.0027197889	
65	0.002719787	
70	0.0027197937	
75	0.0027198049	
80	0.0027198183	
85	0.0027198327	


-------------------------------------------------
tet=40  fi=90
	60	
450	0.028347298	

	60	
450	-32.714876	

	60	
450	0.58613189	



ord=1
	60	
450	47.772594	

	60	
450	-39.542481	

	60	
450	0.011349144	

enhancement factor
ord=0
wave=450 nm
zenith, km	60	
Stoks:	     1.7811133	    0.58268899	   0.095971841	-0.00078570908	
enhancement factor
0	1.379716	1.3058741	1.1915617	0.83073029	
0.05	1.4514307	1.37488	1.138869	0.19919883	
0.1	1.4966991	1.4051963	1.0586125	0.17987872	
0.15	1.5465567	1.4663886	0.99519402	-0.03475055	
0.2	1.5620684	1.4497682	1.0191936	0.47381537	
0.25	1.5953786	1.4678296	0.87887521	-0.10169454	
0.3	1.6275396	1.5027948	0.73727586	-1.1325021	
0.35	1.6692893	1.538087	0.69401548	-1.0025033	
0.4	1.6952311	1.5585138	0.66072738	-0.62746892	
0.45	1.695014	1.5453642	0.71011178	-0.8774912	
0.5	1.7314955	1.5597048	0.6935346	-3.0167599	
0.55	1.7520947	1.5927223	0.54947894	-2.4708582	
0.6	1.7756746	1.6117933	0.61225405	-1.6019403	
0.65	1.8126118	1.6296267	0.51192491	-2.0500645	
0.7	1.8111793	1.6429401	0.50713857	-1.0664733	
0.75	1.8336161	1.661567	0.43796063	-0.2645741	
0.8	1.8635193	1.6895261	0.54541393	-1.3261151	
0.85	1.874497	1.6982313	0.47383084	-2.6296069	
0.9	1.8955922	1.6941441	0.40063869	-3.1290624	
0.95	1.9239909	1.7248276	0.40904945	-3.5281144	
1	1.95321	1.7566552	0.38380225	-3.6564286	
1.1	1.9592472	1.7746906	0.34189255	-2.3817419	
1.2	1.9937629	1.8106951	0.38468748	-2.8515128	
1.3	2.0146719	1.8262137	0.37417537	-2.7339988	
1.4	2.0663432	1.8678885	0.2275461	-4.9862147	
1.5	2.0760666	1.8939604	0.20782539	-3.5809901	
1.6	2.0836451	1.8857544	0.1341075	-3.6296341	
1.7	2.1209783	1.9354507	0.029332694	-3.8562382	
1.8	2.1432889	1.9634926	0.233333	-3.6771475	
1.9	2.1555049	1.9799078	0.19834664	-4.5159141	
2	2.1538356	1.9861349	0.085661283	-5.0686393	
2.2	2.182279	2.0088647	0.041807744	-5.3135307	
2.4	2.2227638	2.0141396	-0.016717197	-4.5727012	
2.6	2.2493784	2.0481168	-0.016704538	-4.5335736	
2.8	2.2551223	2.0515513	-0.03068174	-4.7220621	
3	2.2985622	2.1030261	0.065318069	-5.028145	
3.2	2.2905721	2.1021434	0.028074799	-3.7598146	
3.3	2.3117686	2.1565531	-0.023094738	-3.8941468	
3.4	2.3444517	2.1930377	-0.1432989	-3.2460241	
3.6	2.3398738	2.1755476	-0.060021065	-0.68234717	
3.8	2.3371368	2.1841765	-0.054848144	0.2041183	
4	2.3750862	2.2659607	-0.25987556	-0.86747099	
4.4	2.393736	2.3224973	-0.40411595	-0.34923658	
4.5	2.4031	2.3308457	-0.31420373	-2.7136829	
4.8	2.3872072	2.3080063	-0.48078574	-1.2767345	
5	2.4013504	2.3220224	-0.35713995	-0.33974414	
5.5	2.3900933	2.308645	-0.29880973	0.8137196	
6	2.3973838	2.2993683	-0.37175441	1.5505006	
6.47	2.4229211	2.3194145	-0.63639388	-0.33809835	
8	2.4041954	2.3052218	-0.047946498	0.45610591	
9	2.3986624	2.3167275	-0.2069289	0.97860092	
10	2.3869218	2.2710825	-0.31461578	2.4181885	
11	2.3051607	2.2582818	0.30806776	2.8254656	
12	2.2650882	2.2243128	0.37338146	2.6197973	
13	2.2333868	2.2040675	0.43007589	2.9973846	
14	2.2033681	2.1731321	0.93310487	0.5202155	
15	2.2045303	2.1940182	1.0555453	1.0833518	
16	2.1581483	2.1295257	1.0693153	1.5945712	
17	2.1304198	2.0870496	1.0559472	1.5663348	
18	2.1129102	2.0804239	1.409415	0.21750888	
19	2.081603	2.0603048	1.4333738	1.692192	
20	2.07332	2.0549805	1.4559449	1.6863706	
21	2.0880248	2.067259	1.2127137	0.77479336	
22	2.0574012	2.0464974	1.5440215	1.2984814	
23	2.0407451	2.0304459	1.6273608	1.3345595	
24	2.0272822	2.0268857	1.6560244	1.6791455	
25	2.0200391	2.0212833	1.6804629	2.1517804	
26	2.0129371	2.0128165	1.7250344	2.5416299	
27	2.0049082	2.0036912	1.7510335	2.5039948	
28	1.9994567	2.0019807	1.7951436	2.5158068	
29	1.9948281	1.9960647	1.8304762	2.4060396	
30	1.9894414	1.9899795	1.8684623	2.2162504	
31	1.9851789	1.9857772	1.8947537	2.1122099	
32	1.9829094	1.9830428	1.9032834	2.0831315	
33	1.9812912	1.9813937	1.9063413	2.0687693	
34	1.9799554	1.9803862	1.9091579	2.0732977	
35	1.9778044	1.9778646	1.9105355	2.1496647	
36	1.9765837	1.9764632	1.9083948	2.1675482	
37	1.9753835	1.9755416	1.9131599	2.1633162	
38	1.9737661	1.973982	1.9229792	2.1108135	
39	1.970772	1.9696594	1.9443806	1.9330959	
40	1.969571	1.9686175	1.9464004	1.9289401	
41	1.9678624	1.9675051	1.9521009	1.9445932	
42	1.967002	1.9666739	1.9518267	1.9441264	
43	1.9660678	1.9655666	1.9519331	1.9433237	
44	1.9646438	1.9637909	1.9471513	1.9444243	
45	1.9616205	1.9614817	1.9479148	1.9678392	
50	1.9570432	1.9571754	1.9497611	1.9666972	
55	1.9526061	1.9529866	1.948992	1.9629867	
60	1.9482101	1.9487501	1.947704	1.9587061	
65	1.9440213	1.9445593	1.943543	1.9535604	
70	1.9398486	1.9403929	1.9394419	1.9492122	
75	1.935629	1.936369	1.9355306	1.9414879	
80	1.9315071	1.9322876	1.9314872	1.936538	
85	1.9274385	1.9282132	1.9274257	1.9324333	


precision, %
wave=450 nm
height, km	60	
0	0.65846206	
0.05	0.77387208	
0.1	0.82652196	
0.15	1.2116177	
0.2	0.8833252	
0.25	0.9247158	
0.3	1.0063478	
0.35	1.0947654	
0.4	1.2381319	
0.45	0.95810611	
0.5	1.052597	
0.55	0.98890241	
0.6	0.99294616	
0.65	1.0360568	
0.7	0.94746652	
0.75	0.99867594	
0.8	1.0884321	
0.85	0.98907678	
0.9	1.0717144	
0.95	1.0967387	
1	1.1272072	
1.1	0.97428027	
1.2	0.92810747	
1.3	0.96489412	
1.4	1.1164195	
1.5	1.2497073	
1.6	0.95474871	
1.7	1.0162059	
1.8	1.1127457	
1.9	1.1371145	
2	0.96721578	
2.2	0.99694993	
2.4	1.0862812	
2.6	1.1105441	
2.8	1.007042	
3	1.1984637	
3.2	1.1349425	
3.3	1.1694568	
3.4	1.2687355	
3.6	1.2984923	
3.8	1.2154999	
4	1.3711721	
4.4	1.4237995	
4.5	1.4004677	
4.8	1.4173946	
5	1.3467554	
5.5	1.323323	
6	1.3991026	
6.47	1.4367687	
8	1.3463095	
9	1.3785832	
10	1.4224744	
11	1.3955856	
12	1.3720045	
13	1.4613575	
14	1.2198505	
15	1.7233248	
16	1.1574079	
17	1.0550466	
18	1.0198845	
19	0.7778362	
20	0.83504739	
21	1.2198641	
22	0.79889931	
23	0.70892429	
24	0.66855831	
25	0.65816068	
26	0.64850684	
27	0.64007761	
28	0.62659154	
29	0.6135399	
30	0.60331846	
31	0.59399533	
32	0.59399241	
33	0.59499808	
34	0.59330661	
35	0.59064829	
36	0.59021097	
37	0.58935307	
38	0.58823681	
39	0.5829625	
40	0.58335072	
41	0.58451578	
42	0.58450288	
43	0.5843771	
44	0.58628073	
45	0.58561968	
50	0.58601366	
55	0.58583313	
60	0.58589752	
65	0.58595303	
70	0.58594703	
75	0.58579919	
80	0.58577103	
85	0.58577287	


ord=1
wave=450 nm
zenith, km	60	
Stoks:	      0.850884	    0.33646064	    0.28989939	             0	
enhancement factor
0	1.3132633	1.2817533	1.2835608	0	
0.05	1.3474987	1.3165013	1.3181224	0	
0.1	1.3562571	1.3251287	1.3267546	0	
0.15	1.3654089	1.3335383	1.3352969	0	
0.2	1.3743904	1.3417122	1.343656	0	
0.25	1.3834145	1.3498388	1.3518748	0	
0.3	1.3924681	1.3578723	1.3599499	0	
0.35	1.4015281	1.3657405	1.3678702	0	
0.4	1.4105275	1.3736317	1.3755891	0	
0.45	1.4193281	1.3813446	1.3833447	0	
0.5	1.4279629	1.3889203	1.3909116	0	
0.55	1.4366157	1.3964638	1.3984024	0	
0.6	1.4450105	1.4039363	1.4058372	0	
0.65	1.4533565	1.4112533	1.4131298	0	
0.7	1.4616097	1.4183639	1.4203352	0	
0.75	1.4698241	1.4253846	1.4274815	0	
0.8	1.4777861	1.4323049	1.4343868	0	
0.85	1.4856062	1.4391386	1.4410765	0	
0.9	1.4932804	1.4459003	1.4476526	0	
0.95	1.5008755	1.452437	1.4541015	0	
1	1.5118253	1.4619792	1.4635855	0	
1.1	1.5260335	1.4743668	1.4759254	0	
1.2	1.539735	1.4863965	1.4878976	0	
1.3	1.5529703	1.4980453	1.4995052	0	
1.4	1.5657081	1.5093759	1.5106976	0	
1.5	1.5779603	1.5203079	1.5215237	0	
1.6	1.5896872	1.5308628	1.5319768	0	
1.7	1.6009754	1.5410177	1.5420445	0	
1.8	1.6117881	1.5507549	1.5517857	0	
1.9	1.6221718	1.5601965	1.5611734	0	
2	1.6367925	1.5736832	1.574596	0	
2.2	1.6551369	1.5907635	1.5916138	0	
2.4	1.6719453	1.6066742	1.6075202	0	
2.6	1.6874142	1.6215729	1.6224059	0	
2.8	1.7016349	1.6355545	1.6362951	0	
3	1.7148024	1.6486944	1.6493536	0	
3.2	1.724094	1.6581076	1.6587286	0	
3.3	1.7299345	1.6641079	1.6646952	0	
3.4	1.7381727	1.6727284	1.6732501	0	
3.6	1.7485905	1.6837083	1.6841473	0	
3.8	1.7583178	1.6940834	1.6945271	0	
4	1.7714408	1.7085395	1.7089448	0	
4.4	1.7818384	1.7201018	1.7204803	0	
4.5	1.7892221	1.7285824	1.7289433	0	
4.8	1.7980253	1.7388529	1.7392089	0	
5	1.8090384	1.7520342	1.7523528	0	
5.5	1.8233187	1.7696552	1.7698892	0	
6	1.8356231	1.7852745	1.785478	0	
6.47	1.8569303	1.8131834	1.8133579	0	
8	1.8810025	1.8451713	1.8453119	0	
9	1.8965135	1.8662689	1.8663888	0	
10	1.9095752	1.8840836	1.8842053	0	
11	1.9204345	1.8989912	1.8990913	0	
12	1.9296188	1.9117629	1.9118422	0	
13	1.9374445	1.9226126	1.9226402	0	
14	1.9440611	1.9317236	1.9317505	0	
15	1.9496208	1.9393162	1.9393338	0	
16	1.9543047	1.945632	1.9456519	0	
17	1.9582613	1.9509062	1.9509234	0	
18	1.9616098	1.9553241	1.955344	0	
19	1.9644196	1.959058	1.959088	0	
20	1.9666995	1.9621681	1.9622296	0	
21	1.9685123	1.9647047	1.9647457	0	
22	1.9699152	1.9667372	1.9667619	0	
23	1.9709781	1.9683344	1.9683521	0	
24	1.9717435	1.9695684	1.9695828	0	
25	1.9722665	1.9704957	1.9705003	0	
26	1.9725766	1.9711462	1.9711537	0	
27	1.972694	1.9715566	1.9715631	0	
28	1.9726591	1.9717714	1.9717868	0	
29	1.9725109	1.9718374	1.9718522	0	
30	1.9722496	1.9717622	1.97178	0	
31	1.9718847	1.971562	1.9715761	0	
32	1.97144	1.9712615	1.9712668	0	
33	1.9709397	1.9708857	1.970886	0	
34	1.9703918	1.9704434	1.970443	0	
35	1.9697888	1.9699481	1.9699379	0	
36	1.9691506	1.9693935	1.9693803	0	
37	1.9684767	1.9687891	1.9687796	0	
38	1.9677771	1.9681476	1.9681378	0	
39	1.9670527	1.9674734	1.9674634	0	
40	1.9663077	1.9667719	1.9667618	0	
41	1.9655459	1.966048	1.9660378	0	
42	1.9647699	1.9653051	1.9652948	0	
43	1.9639817	1.9645457	1.9645353	0	
44	1.9631832	1.9637723	1.9637617	0	
45	1.9607235	1.9613718	1.9613627	0	
50	1.9565857	1.9572986	1.9572899	0	
55	1.9523982	1.9531435	1.9531348	0	
60	1.9482017	1.9489625	1.9489538	0	
65	1.9440173	1.9447839	1.9447752	0	
70	1.9398555	1.9406223	1.9406137	0	
75	1.9357222	1.9364862	1.9364776	0	
80	1.9316206	1.9323801	1.9323716	0	
85	1.9275524	1.9283065	1.928298	0	


precision, %
wave=450 nm
height, km	60	
0	0.056072387	
0.05	0.045233954	
0.1	0.042414423	
0.15	0.039972471	
0.2	0.037941085	
0.25	0.036500924	
0.3	0.035142101	
0.35	0.034288014	
0.4	0.033769791	
0.45	0.032791921	
0.5	0.032410127	
0.55	0.031665654	
0.6	0.030793651	
0.65	0.029649629	
0.7	0.029076291	
0.75	0.028457131	
0.8	0.028198602	
0.85	0.027658052	
0.9	0.027096729	
0.95	0.02662362	
1	0.025647084	
1.1	0.024630254	
1.2	0.023929417	
1.3	0.023226326	
1.4	0.022396471	
1.5	0.02151125	
1.6	0.020734406	
1.7	0.020360504	
1.8	0.020038159	
1.9	0.019637828	
2	0.019116342	
2.2	0.018691942	
2.4	0.018073178	
2.6	0.017415092	
2.8	0.016754178	
3	0.016367372	
3.2	0.016177774	
3.3	0.01606768	
3.4	0.015717737	
3.6	0.015343483	
3.8	0.015282185	
4	0.015085317	
4.4	0.014916129	
4.5	0.014869681	
4.8	0.014686467	
5	0.014497273	
5.5	0.014148363	
6	0.013904424	
6.47	0.013404995	
8	0.012930502	
9	0.012540392	
10	0.012280254	
11	0.01207534	
12	0.011922804	
13	0.011857181	
14	0.011840289	
15	0.011795055	
16	0.011701381	
17	0.011599723	
18	0.011579935	
19	0.011556824	
20	0.011519073	
21	0.01146855	
22	0.011437901	
23	0.01140291	
24	0.01139017	
25	0.011350664	
26	0.011349447	
27	0.011326742	
28	0.011324885	
29	0.011319853	
30	0.011320819	
31	0.011331078	
32	0.01132864	
33	0.011328219	
34	0.011329379	
35	0.011335197	
36	0.01133591	
37	0.01134052	
38	0.011339492	
39	0.011338615	
40	0.011337866	
41	0.011337222	
42	0.011336668	
43	0.011336194	
44	0.011335788	
45	0.011330387	
50	0.011327144	
55	0.011326689	
60	0.011326504	
65	0.011326464	
70	0.011326505	
75	0.01132659	
80	0.011326699	
85	0.011326819	


-------------------------------------------------
tet=40  fi=180
	60	
450	0.021795661	

	60	
450	52.71194	

	60	
450	0.71802585	



ord=1
	60	
450	41.222223	

	60	
450	80.605779	

	60	
450	0.017092081	

enhancement factor
ord=0
wave=450 nm
zenith, km	60	
Stoks:	     1.3694618	   -0.72186987	  0.0030878546	-9.2311917e-06	
enhancement factor
0	1.4044713	1.2879489	0.67769268	10.871671	
0.05	1.4733972	1.325768	-0.40203298	33.062279	
0.1	1.5214434	1.3487362	-0.032570048	49.409283	
0.15	1.5682417	1.3586548	0.45814568	154.01959	
0.2	1.6107077	1.3748573	3.4456536	238.56708	
0.25	1.6416578	1.3882203	1.9704601	144.71963	
0.3	1.6805823	1.3973323	-0.079589334	106.13737	
0.35	1.7198762	1.4011342	-3.8324091	40.565334	
0.4	1.7418518	1.4015781	-1.0333808	151.86451	
0.45	1.7621826	1.4302488	0.61370424	106.79968	
0.5	1.7996277	1.4463274	0.43689615	79.057123	
0.55	1.832614	1.4502147	2.00116	33.793874	
0.6	1.8506915	1.4683111	4.5428992	43.72006	
0.65	1.8850883	1.4824945	3.136871	70.44659	
0.7	1.8933691	1.4831251	4.4324789	58.521331	
0.75	1.9076907	1.489974	2.8686171	20.354155	
0.8	1.9307284	1.5142467	7.0628757	-156.05448	
0.85	1.9434353	1.5052492	4.472343	-48.198628	
0.9	1.983545	1.5210967	3.7697459	-66.283236	
0.95	2.0190975	1.5223431	3.8264157	-176.70985	
1	2.0337349	1.526078	4.8075589	-185.17318	
1.1	2.0461436	1.5398186	3.1944778	34.637137	
1.2	2.0632833	1.5450692	3.9688875	-18.403668	
1.3	2.0820823	1.555803	3.7766263	12.787368	
1.4	2.1469507	1.5639103	3.1748347	-172.68487	
1.5	2.1417953	1.5813609	3.2903052	-46.184367	
1.6	2.172063	1.5901547	5.6328004	-56.999012	
1.7	2.2156383	1.6058982	6.5923474	-165.74753	
1.8	2.2400728	1.6111161	8.8831506	-130.60068	
1.9	2.2550556	1.6317418	8.3024153	-70.769387	
2	2.277329	1.6440632	11.981249	-145.86077	
2.2	2.3128316	1.665241	9.6682077	-289.31804	
2.4	2.3532078	1.6762689	7.0374905	-69.476929	
2.6	2.4070562	1.6936337	5.0612029	-66.841041	
2.8	2.3999698	1.7414666	4.6405061	-13.405908	
3	2.417684	1.7565442	5.5585913	-7.0460897	
3.2	2.3920256	1.7735151	4.246831	74.554601	
3.3	2.4119985	1.7738066	3.3487691	36.914116	
3.4	2.4290384	1.7872577	4.8707345	77.357376	
3.6	2.431066	1.7956377	4.0533625	-10.852959	
3.8	2.4278815	1.8080696	7.0188043	-50.121256	
4	2.4496264	1.7963576	5.6849785	-65.198986	
4.4	2.465324	1.7646747	0.6080792	-72.486173	
4.5	2.4975757	1.7831002	2.3170622	-178.63883	
4.8	2.4872285	1.8151271	-0.82306379	-17.49027	
5	2.4849462	1.8411516	-4.6070779	138.34763	
5.5	2.4782693	1.8576433	-0.94040691	76.403753	
6	2.4944719	1.8840264	1.2946386	105.44039	
6.47	2.5246376	1.9230601	-5.1248857	30.374651	
8	2.5001658	1.9420213	12.000651	-2.560504	
9	2.5028076	1.961461	2.2770343	-86.909741	
10	2.481771	2.0109288	-2.684337	-118.37414	
11	2.350224	1.9737018	-2.6379998	3.0523438	
12	2.330053	1.9735655	-3.3383301	-22.524361	
13	2.2848053	1.9794038	-6.0435425	3.9250221	
14	2.260646	1.9373761	5.1117118	14.810744	
15	2.2533148	1.9578669	5.0609391	-10.554215	
16	2.2098756	1.9804166	6.0139208	11.568003	
17	2.1849137	2.0109927	4.8822183	9.2792918	
18	2.1379323	2.0041852	4.5732153	-89.566775	
19	2.10855	1.9889703	4.110219	9.2892563	
20	2.1118465	1.9689053	5.9739042	14.809993	
21	2.1103518	1.9695204	-3.030036	-23.033466	
22	2.0738336	1.9753486	3.4003527	-16.4616	
23	2.0542606	1.9805069	3.0163778	-7.1829161	
24	2.0365648	1.9799872	2.2170884	13.093822	
25	2.025781	1.9816433	1.077682	29.243207	
26	2.0188206	1.9797409	1.3455049	35.094149	
27	2.0111653	1.9758436	1.2723317	34.535704	
28	2.0042404	1.972819	1.9813175	29.532826	
29	1.9998445	1.9733273	2.2456219	22.978357	
30	1.9950644	1.9738565	2.5689444	8.9815484	
31	1.990897	1.9735304	2.6258082	2.2880869	
32	1.9887333	1.9727184	2.4870195	3.9235933	
33	1.9870526	1.9720451	2.3668262	6.7587575	
34	1.9855551	1.9715911	2.3905002	8.2211898	
35	1.9829211	1.9715551	2.3568716	12.841584	
36	1.9822855	1.9714302	2.3443279	12.854991	
37	1.981122	1.9712444	2.331733	11.728083	
38	1.979334	1.970839	2.4326433	9.4464541	
39	1.9771367	1.9708088	2.789895	0.20209655	
40	1.9755112	1.9696157	2.7036471	0.91610957	
41	1.9733055	1.9683966	2.5892368	0.49154298	
42	1.9724255	1.9676452	2.5810738	0.43781968	
43	1.9715367	1.9668953	2.5638993	0.49357915	
44	1.969142	1.9683788	2.1600645	-1.351824	
45	1.9655328	1.9657837	1.9991513	0.80108563	
50	1.9609441	1.9616363	2.0310006	1.7814575	
55	1.9559835	1.956856	1.9943524	1.878278	
60	1.9511343	1.9521455	1.961027	1.9338925	
65	1.9469265	1.9479561	1.9572893	1.9644919	
70	1.9427298	1.9437596	1.95267	1.9557135	
75	1.9384005	1.9394617	1.9350227	1.7739956	
80	1.9342368	1.9352998	1.9278574	1.7305919	
85	1.9301465	1.9312024	1.9238208	1.7281591	


precision, %
wave=450 nm
height, km	60	
0	0.75628553	
0.05	0.83378965	
0.1	0.96608745	
0.15	1.007475	
0.2	1.1652891	
0.25	1.0419989	
0.3	1.1354749	
0.35	1.3892164	
0.4	1.2724033	
0.45	1.1466055	
0.5	1.1606407	
0.55	1.2047998	
0.6	1.1187193	
0.65	1.1606624	
0.7	1.2378259	
0.75	1.3350792	
0.8	1.3785945	
0.85	1.1085569	
0.9	1.3682837	
0.95	1.5613547	
1	1.2647096	
1.1	1.2362269	
1.2	1.0652834	
1.3	1.0836868	
1.4	1.3221524	
1.5	1.2103987	
1.6	1.242896	
1.7	1.3244209	
1.8	1.3558874	
1.9	1.3839175	
2	1.328475	
2.2	1.4792676	
2.4	1.4075185	
2.6	1.6977041	
2.8	1.4428611	
3	1.5144163	
3.2	1.3929716	
3.3	1.4041982	
3.4	1.4450508	
3.6	1.53396	
3.8	1.4895138	
4	1.4936189	
4.4	1.5982799	
4.5	1.7083128	
4.8	1.6967299	
5	1.490263	
5.5	1.477766	
6	1.6619733	
6.47	1.6470001	
8	1.7095482	
9	1.7197443	
10	1.7959656	
11	1.4936694	
12	1.7399039	
13	1.4730215	
14	1.6708654	
15	2.1250565	
16	1.5869457	
17	1.5394783	
18	1.2347407	
19	1.0589287	
20	1.4907645	
21	1.3819586	
22	1.0112775	
23	0.89191637	
24	0.82296324	
25	0.80484297	
26	0.79693577	
27	0.7831169	
28	0.76136491	
29	0.75312561	
30	0.75069183	
31	0.73873613	
32	0.73579203	
33	0.73388136	
34	0.73189848	
35	0.72827778	
36	0.72708846	
37	0.72666358	
38	0.72564894	
39	0.72707096	
40	0.72481893	
41	0.72580924	
42	0.72551206	
43	0.72498439	
44	0.72635388	
45	0.72284311	
50	0.72249793	
55	0.71980693	
60	0.71901847	
65	0.71902918	
70	0.71900216	
75	0.71838202	
80	0.71825312	
85	0.71825104	


ord=1
wave=450 nm
zenith, km	60	
Stoks:	    0.56452259	   -0.45503783	 2.8910717e-06	             0	
enhancement factor
0	1.3267786	1.2843467	4.2527265	0	
0.05	1.3575449	1.3182738	-20.992084	0	
0.1	1.3632899	1.3258894	-14.895542	0	
0.15	1.3697643	1.3334495	-4.2207045	0	
0.2	1.3761191	1.3409657	1.8542865	0	
0.25	1.3826749	1.3483094	6.9704814	0	
0.3	1.3894101	1.3555386	9.5253123	0	
0.35	1.3962888	1.3627189	7.7048337	0	
0.4	1.4032104	1.3697114	-3.1583028	0	
0.45	1.4099655	1.376665	0.81201039	0	
0.5	1.4166041	1.3835494	-3.0186648	0	
0.55	1.4234014	1.3902878	-3.4250714	0	
0.6	1.4299411	1.3969097	1.5674621	0	
0.65	1.4365372	1.4034786	3.2427091	0	
0.7	1.443122	1.4100333	7.017414	0	
0.75	1.449777	1.4164737	16.46429	0	
0.8	1.4561805	1.4227781	14.92831	0	
0.85	1.4624989	1.4289224	5.6940457	0	
0.9	1.4687243	1.4348976	-1.1560793	0	
0.95	1.4749559	1.4408185	-7.0873792	0	
1	1.4839085	1.4494649	-7.923068	0	
1.1	1.4956062	1.4607559	-8.4403554	0	
1.2	1.506997	1.4717033	-6.4346168	0	
1.3	1.5181262	1.482344	-2.9014415	0	
1.4	1.5289313	1.4926519	-4.2171983	0	
1.5	1.539415	1.50269	-5.9140973	0	
1.6	1.5495039	1.5124293	-8.1594878	0	
1.7	1.5593132	1.5218897	-12.590461	0	
1.8	1.5687717	1.5311046	-14.623242	0	
1.9	1.5779341	1.5400039	-18.305554	0	
2	1.5909721	1.5527247	-18.596022	0	
2.2	1.6075371	1.5689348	-17.61781	0	
2.4	1.6229224	1.5842314	-15.949645	0	
2.6	1.6373159	1.5986434	-13.957881	0	
2.8	1.6507541	1.6122376	-17.988642	0	
3	1.6634375	1.6250873	-19.770216	0	
3.2	1.6725013	1.6343332	-18.275973	0	
3.3	1.6782755	1.6402546	-17.866848	0	
3.4	1.6865035	1.6488091	-19.006322	0	
3.6	1.6970552	1.6598356	-24.479621	0	
3.8	1.7070988	1.6703625	-23.260588	0	
4	1.7209643	1.6850876	-21.0775	0	
4.4	1.7320948	1.696971	-21.665608	0	
4.5	1.7402182	1.7057894	-22.295184	0	
4.8	1.7500105	1.7164631	-18.582268	0	
5	1.7626258	1.730339	-18.95605	0	
5.5	1.7793343	1.7489687	-19.214015	0	
6	1.7941283	1.7656969	-18.325526	0	
6.47	1.8204912	1.7958255	-11.682619	0	
8	1.850774	1.8305908	-6.6232118	0	
9	1.8707841	1.8537692	-6.6535727	0	
10	1.8878699	1.8736078	-6.4762317	0	
11	1.9022931	1.8903312	-4.2463258	0	
12	1.9146273	1.9046935	-3.2415595	0	
13	1.9251743	1.9168981	-4.5879797	0	
14	1.9340742	1.9271949	-2.6290418	0	
15	1.9415333	1.9358249	-3.0097292	0	
16	1.9478008	1.9430231	-2.0045187	0	
17	1.9530778	1.9490376	-0.47443679	0	
18	1.9575456	1.9541176	0.31633067	0	
19	1.9613349	1.9584396	1.3389044	0	
20	1.9644656	1.9620635	4.3268275	0	
21	1.9670153	1.9650128	3.756953	0	
22	1.9690494	1.9674088	2.8762373	0	
23	1.9706568	1.9693305	2.0515921	0	
24	1.9718877	1.9708345	2.0306277	0	
25	1.9728129	1.9719884	1.5837443	0	
26	1.9734683	1.9728358	2.0626347	0	
27	1.9738763	1.9734159	1.9753693	0	
28	1.9740893	1.9737847	2.3529912	0	
29	1.97416	1.9739742	2.344371	0	
30	1.9740847	1.9740076	2.5139698	0	
31	1.9738744	1.9738949	2.2741752	0	
32	1.9735612	1.9736627	1.8374243	0	
33	1.9731772	1.9733441	1.8032206	0	
34	1.9727319	1.9729575	1.7999966	0	
35	1.9722133	1.9724973	1.6101766	0	
36	1.9716495	1.9719792	1.5754278	0	
37	1.9710386	1.9714118	1.8221216	0	
38	1.9703943	1.9707992	1.8212858	0	
39	1.9697172	1.9701494	1.820452	0	
40	1.9690125	1.9694684	1.8196188	0	
41	1.9682853	1.9687617	1.818787	0	
42	1.967539	1.9680333	1.8179568	0	
43	1.966776	1.9672859	1.8171284	0	
44	1.9659989	1.9665223	1.8163012	0	
45	1.9635775	1.9641407	1.8676761	0	
50	1.9594832	1.9600825	1.9085623	0	
55	1.9553098	1.9559254	1.9046676	0	
60	1.9511108	1.9517333	1.9008054	0	
65	1.9469146	1.9475387	1.8969752	0	
70	1.9427358	1.9433585	1.8931767	0	
75	1.9385827	1.9392022	1.8894095	0	
80	1.9344599	1.9350753	1.8856732	0	
85	1.9303698	1.9309808	1.8819675	0	


precision, %
wave=450 nm
height, km	60	
0	0.083660133	
0.05	0.067636133	
0.1	0.063558707	
0.15	0.060015367	
0.2	0.057069002	
0.25	0.055000978	
0.3	0.053037929	
0.35	0.051827438	
0.4	0.051115924	
0.45	0.049703099	
0.5	0.049188467	
0.55	0.048120186	
0.6	0.046851832	
0.65	0.045160788	
0.7	0.044332358	
0.75	0.043429836	
0.8	0.043075509	
0.85	0.042289659	
0.9	0.041468355	
0.95	0.040777972	
1	0.039333489	
1.1	0.037830629	
1.2	0.036802775	
1.3	0.03576503	
1.4	0.034525389	
1.5	0.0331932	
1.6	0.032023446	
1.7	0.031469509	
1.8	0.030990187	
1.9	0.030389115	
2	0.029601827	
2.2	0.028967735	
2.4	0.028024315	
2.6	0.027011913	
2.8	0.025990301	
3	0.025390726	
3.2	0.025093786	
3.3	0.024920038	
3.4	0.024372311	
3.6	0.023784586	
3.8	0.023680834	
4	0.02336167	
4.4	0.023086764	
4.5	0.023002409	
4.8	0.022703335	
5	0.02238771	
5.5	0.021813924	
6	0.021404451	
6.47	0.020576174	
8	0.019776301	
9	0.019135234	
10	0.018698294	
11	0.01835124	
12	0.018088546	
13	0.017963966	
14	0.017917309	
15	0.017833315	
16	0.017677103	
17	0.017511751	
18	0.017471747	
19	0.017427689	
20	0.017362899	
21	0.017282605	
22	0.017232348	
23	0.017176482	
24	0.017153395	
25	0.017090723	
26	0.017086077	
27	0.017050301	
28	0.017044879	
29	0.017035362	
30	0.017035178	
31	0.017050158	
32	0.017046046	
33	0.01704441	
34	0.017045327	
35	0.017054275	
36	0.017054734	
37	0.017061147	
38	0.017059108	
39	0.017057366	
40	0.017055874	
41	0.017054591	
42	0.017053486	
43	0.017052538	
44	0.017051725	
45	0.017043743	
50	0.017038567	
55	0.017037678	
60	0.017037338	
65	0.017037299	
70	0.017037427	
75	0.017037649	
80	0.01703792	
85	0.017038213	


