RT Model MCC++	 O.Postylyakov	ver.72
MixedSimC<atmos::StoksC,MCSimC<atmos::StoksC,MCWMethodC<atmos::StoksC,SphericalGeomT>>,SSSimC<atmos::StoksC,MCSimC<atmos::StoksC,MSSMethodC<atmos::StoksC,SphericalGeomT,1000>>>>	ps::cLCG2C	Density: double	AMFs: Yes	ORDERS_ACCOUNT: ATM_COLLGS_ORDERS
photons passed	base/max expendeture	EPS-breakes	MaxCollgs-Breaks	MinPhWgt-Breaks	average colligions
20000	0.0274619/0.036785	0	0	0	3.22935	
SpecialSamplingCollgs	ForceCollgSimul	EPS	ssEPS	MaxCollgs	MinPhWgt	BaseMod	
1	0	0.001	1e-12	500	1e-300	0	
Albedo	time	IY
0.05	0.0407833	{ 1632494296 1413763576 ; 40014 40692 2147483563 2147483399 }	
 -6370.99	 -6370.99	 -5791.81	 -5212.63	 -4633.45	 -4054.27	 -3475.09	  -2895.9	 -2316.72	 -1737.54	 -1158.36	 -579.181	-9.09495e-13	  12.8571	  25.7143	  38.5714	  51.4286	  64.2857	  77.1429	       90	
        0	        0	0.0080361	 0.024108	 0.040179	 0.056251	 0.072322	 0.088394	  0.10447	  0.12054	  0.13661	  0.15268	  0.16875	0.0039284	0.0039364	0.0039443	0.0039522	0.0039601	 0.003968	 0.003976	
        0	        0	        0	        0	        0	        0	        0	        0	        0	        0	        0	        0	        0	        0	        0	        0	        0	        0	        0	        0	
        0	        0	        0	        0	        0	        0	        0	        0	        0	        0	        0	        0	        0	        0	        0	        0	        0	        0	        0	        0	

-------------------------------------------------
tet=85  fi=0
	60	
450	0.061912	

	60	
450	0.15139	

	60	
450	0.51954	



ord=1
	60	
450	54.385	

	60	
450	2.6365	

	60	
450	0.010502	

enhancement factor
ord=0
wave=450 nm
zenith, km	60	
Stoks:	     3.8900688	 -0.0058892962	 -0.0099922856	-3.0572575e-05	
enhancement factor
0	11.123381	-2.8486396	12.883998	1.6727992	
0.05	10.332148	-8.0005879	11.034579	38.823408	
0.1	9.0186823	-24.146888	3.589409	-1.4583895	
0.15	7.8942728	-25.88611	4.6111121	-72.65024	
0.2	7.0286744	-31.527441	5.1914656	-56.6677	
0.25	6.3257416	-38.252085	3.4767042	-50.582729	
0.3	5.6939299	-41.171327	2.920888	-39.932356	
0.35	5.1944148	-43.716	-0.256057	-36.167051	
0.4	4.7465066	-37.161961	-1.8918656	-70.203934	
0.45	4.3909217	-37.342381	1.7986199	-87.358559	
0.5	4.1006004	-40.88974	3.6661711	-42.563109	
0.55	3.8396054	-41.231767	3.845712	-15.249485	
0.6	3.6275073	-45.67684	2.9868484	-1.1428986	
0.65	3.4517245	-44.168705	2.8227195	0.33737169	
0.7	3.3117935	-47.146123	1.9860201	-39.791927	
0.75	3.1817347	-45.987773	1.5626149	-30.333274	
0.8	3.0648458	-41.380715	2.262196	6.4985595	
0.85	2.9687453	-40.231711	3.2265735	-47.177837	
0.9	2.8927721	-38.800844	4.0476257	-40.856006	
0.95	2.8058457	-35.008772	3.4223891	-57.497699	
1	2.7272413	-36.941767	2.7678108	-62.083536	
1.1	2.6224656	-35.977134	3.1294478	-35.181474	
1.2	2.548864	-36.617287	3.0199009	38.960149	
1.3	2.4794195	-35.880873	3.1414187	29.901947	
1.4	2.4283879	-36.335478	2.7935032	-22.428863	
1.5	2.3770274	-31.678577	2.5376595	11.179268	
1.6	2.3460759	-30.584869	2.3367323	25.709977	
1.7	2.323884	-32.260616	2.9679759	26.66619	
1.8	2.2997189	-30.401027	3.0487373	0.35208307	
1.9	2.2849332	-29.736041	2.7165821	-3.0279507	
2	2.2635607	-29.133154	3.7930455	-30.108379	
2.2	2.2282223	-26.974114	4.5909963	-9.2168187	
2.4	2.2132817	-24.382723	4.5204301	-8.3985579	
2.6	2.1970757	-24.984326	4.8735091	-22.432764	
2.8	2.1809446	-23.277077	4.1473091	-49.393403	
3	2.1742582	-24.351273	3.9934043	-58.074749	
3.2	2.1685854	-24.671434	4.2284336	-92.396132	
3.3	2.1740458	-25.861564	4.8628363	-101.93988	
3.4	2.1860415	-26.701838	6.6675852	-84.216689	
3.6	2.1705092	-23.35965	5.4707417	-58.545113	
3.8	2.1528642	-22.953737	4.5138637	-16.974149	
4	2.1440641	-24.894293	4.8644835	-26.159399	
4.4	2.1427175	-25.99041	5.3181164	-41.782175	
4.5	2.1387734	-25.472702	4.7557395	-49.024536	
4.8	2.1393338	-24.038702	5.3592437	-77.51012	
5	2.1300132	-22.040477	5.1711492	-56.506899	
5.5	2.1301465	-25.315723	5.5529695	-33.938061	
6	2.1321619	-29.549786	3.9207388	-56.783784	
6.47	2.1151815	-23.794451	5.5853807	-19.958672	
8	2.0992539	-18.948155	4.7421188	-24.050454	
9	2.0938332	-18.095494	4.1821846	-8.7766272	
10	2.092614	-10.167344	-0.53146208	109.7569	
11	2.0826658	-13.154174	-1.1513058	107.1389	
12	2.0777426	-10.759949	-4.1554096	94.961353	
13	2.065907	-8.62993	-1.3029893	79.942843	
14	2.0460581	-6.5680258	0.05289591	68.593042	
15	2.0394058	-5.7552802	0.33478477	61.051212	
16	2.0311879	-5.0297321	0.97488093	44.376568	
17	2.0221623	-4.066031	-0.89736919	46.166632	
18	2.0193649	-4.859394	-0.3134353	0.6335799	
19	2.0095843	-3.1345	0.31302144	22.242307	
20	2.0020681	-2.5976315	2.4805612	-7.0910111	
21	1.9937709	0.68657125	1.5967917	-21.692511	
22	1.9910657	0.39976457	1.3757655	-8.3334263	
23	1.9866522	0.33291745	1.5345996	1.2402677	
24	1.9843543	0.60002826	1.4262586	1.9859681	
25	1.9819407	1.0562999	1.4653286	5.6149919	
26	1.9804508	1.274287	1.5434313	5.8148058	
27	1.9785979	1.5767116	1.5380784	6.7990093	
28	1.9769828	1.6829035	1.4838992	8.3794113	
29	1.9752377	1.7743864	1.5786685	8.5048907	
30	1.9729518	1.8092921	1.7329301	6.8783005	
31	1.9712015	1.729256	1.7882638	5.8859819	
32	1.9701398	1.7185524	1.822843	4.8534848	
33	1.968939	1.6837142	1.9439371	2.8016099	
34	1.9686539	1.9347114	1.7848878	0.32453512	
35	1.967749	1.9356744	1.7873906	0.33699212	
36	1.9668155	1.9555952	1.7893529	0.033523989	
37	1.9657055	2.0015683	1.8032063	-0.085013412	
38	1.9647919	2.0034958	1.806089	-0.029423449	
39	1.9636953	2.0076591	1.8021786	0.049603167	
40	1.9623815	1.9507176	1.8897782	1.4869989	
41	1.9612104	1.8834714	1.9624842	2.7508615	
42	1.9603357	1.8834746	1.9621579	2.7489381	
43	1.9594631	1.8834765	1.9618401	2.7484628	
44	1.9584779	1.9067443	1.979985	2.8209027	
45	1.9558246	1.9293039	1.9797217	2.7187992	
50	1.9515017	1.9821228	1.9669728	2.5934933	
55	1.9472177	1.9929543	1.9477161	2.2825672	
60	1.9429834	1.9855111	1.9366517	1.9986761	
65	1.9388108	1.9810031	1.9325395	1.9939383	
70	1.9346746	1.9765385	1.9284627	1.9892461	
75	1.9305743	1.9721153	1.9244209	1.984599	
80	1.9265095	1.9677324	1.9204135	1.9799961	
85	1.9224795	1.9633887	1.9164401	1.9754368	


precision, %
wave=450 nm
height, km	60	
0	0.51169595	
0.05	0.54830091	
0.1	0.55825845	
0.15	0.56663487	
0.2	0.6039361	
0.25	0.60459395	
0.3	0.64653976	
0.35	0.70611474	
0.4	0.7068203	
0.45	0.70225512	
0.5	0.65003259	
0.55	0.65586784	
0.6	0.67842623	
0.65	0.68346201	
0.7	0.67980287	
0.75	0.67899081	
0.8	0.65964184	
0.85	0.64848468	
0.9	0.66999262	
0.95	0.67255559	
1	0.71602257	
1.1	0.70928658	
1.2	0.75054214	
1.3	0.74039173	
1.4	0.69271996	
1.5	0.66836419	
1.6	0.66948845	
1.7	0.6936316	
1.8	0.69271186	
1.9	0.73331067	
2	0.76064981	
2.2	0.70072238	
2.4	0.69221159	
2.6	0.66966502	
2.8	0.66456242	
3	0.67442654	
3.2	0.66434119	
3.3	0.69529906	
3.4	0.78255198	
3.6	0.71685884	
3.8	0.68139247	
4	0.66178417	
4.4	0.6823312	
4.5	0.66387463	
4.8	0.67495796	
5	0.66575392	
5.5	0.69572423	
6	0.78280505	
6.47	0.691094	
8	0.75289703	
9	0.83633673	
10	0.93642627	
11	0.88033816	
12	1.0269511	
13	0.87706199	
14	0.70909487	
15	0.67626985	
16	0.67833611	
17	0.67411325	
18	0.79437968	
19	0.64269627	
20	0.60337731	
21	0.5465838	
22	0.54460187	
23	0.53876124	
24	0.53736921	
25	0.53807701	
26	0.53827241	
27	0.53606831	
28	0.53688535	
29	0.53406872	
30	0.52639734	
31	0.52205238	
32	0.52100917	
33	0.51902631	
34	0.51986864	
35	0.5198681	
36	0.52000383	
37	0.52135141	
38	0.52139842	
39	0.52163464	
40	0.52160455	
41	0.52148626	
42	0.5214497	
43	0.52141653	
44	0.52045769	
45	0.5201239	
50	0.51971343	
55	0.51965856	
60	0.51973295	
65	0.51973171	
70	0.51973048	
75	0.51972926	
80	0.51972805	
85	0.51972686	


ord=1
wave=450 nm
zenith, km	60	
Stoks:	     2.1156044	  -0.055777492	-4.5405751e-05	             0	
enhancement factor
0	11.274576	11.166027	17.823074	0	
0.05	10.62085	10.602345	18.04062	0	
0.1	9.084951	9.1225344	17.043748	0	
0.15	7.8596424	7.9419268	8.3633352	0	
0.2	6.8762664	6.9817173	7.8675069	0	
0.25	6.0811334	6.1976035	1.6991377	0	
0.3	5.4345279	5.5573845	0.76299608	0	
0.35	4.9054432	5.0293989	1.3514892	0	
0.4	4.4701765	4.5913855	0.50837771	0	
0.45	4.1103906	4.2285776	-0.81425972	0	
0.5	3.8114828	3.9243957	-0.39026386	0	
0.55	3.5620106	3.6689138	0.4871106	0	
0.6	3.3526828	3.4542463	1.4145814	0	
0.65	3.1764123	3.2729142	1.290958	0	
0.7	3.0271864	3.1200305	1.8549412	0	
0.75	2.9003574	2.9898088	1.7663281	0	
0.8	2.7921658	2.8766849	2.2900675	0	
0.85	2.6995643	2.7802332	2.6429056	0	
0.9	2.6199934	2.6972537	2.4474076	0	
0.95	2.5513625	2.6249575	2.6020929	0	
1	2.4674069	2.5367281	3.1310934	0	
1.1	2.3765454	2.4416841	3.5174246	0	
1.2	2.3067534	2.3672545	3.6143863	0	
1.3	2.2524624	2.3087472	2.8476059	0	
1.4	2.209741	2.262439	2.4495497	0	
1.5	2.1757849	2.2252079	2.0691118	0	
1.6	2.1485353	2.194939	2.0289483	0	
1.7	2.1264579	2.1700021	1.9542348	0	
1.8	2.1084118	2.1493197	1.7826886	0	
1.9	2.0935466	2.1321129	1.7327611	0	
2	2.0761747	2.1118189	1.7204045	0	
2.2	2.0585286	2.0908207	1.6361319	0	
2.4	2.0457519	2.0752644	1.4665469	0	
2.6	2.0362678	2.0633487	1.5428477	0	
2.8	2.0290646	2.0539481	1.8796856	0	
3	2.023504	2.0465343	1.8423339	0	
3.2	2.020074	2.0418689	1.901968	0	
3.3	2.0181314	2.0391621	1.8974439	0	
3.4	2.0156208	2.0355902	1.8311751	0	
3.6	2.0126287	2.0307421	1.8471149	0	
3.8	2.010258	2.0270763	1.8141002	0	
4	2.0074879	2.0227324	1.7299457	0	
4.4	2.005516	2.0195923	1.7456376	0	
4.5	2.004272	2.0175162	1.7537119	0	
4.8	2.0028861	2.0151623	1.7544275	0	
5	2.0013319	2.0124222	1.7479971	0	
5.5	1.9994893	2.0089249	1.9057961	0	
6	1.9980457	2.0060868	2.0975939	0	
6.47	1.9957577	2.0018314	2.0948821	0	
8	1.9933436	1.9974278	2.0319812	0	
9	1.9917912	1.9947827	1.9935862	0	
10	1.9903832	1.9926215	1.9929769	0	
11	1.9890848	1.9908193	1.9904641	0	
12	1.987881	1.9891819	1.9897771	0	
13	1.9867366	1.9877036	1.9899579	0	
14	1.9856333	1.9863589	1.9890055	0	
15	1.9845623	1.9851096	1.9880562	0	
16	1.9835172	1.9839342	1.9871099	0	
17	1.9824925	1.9828156	1.9861665	0	
18	1.9814863	1.9817391	1.9852259	0	
19	1.9804984	1.9806932	1.9842596	0	
20	1.9795271	1.9796709	1.9817533	0	
21	1.9785709	1.9786728	1.9808351	0	
22	1.9776264	1.9776929	1.9799189	0	
23	1.9766918	1.9767285	1.9789628	0	
24	1.9757652	1.9757768	1.977347	0	
25	1.9748456	1.974836	1.9764426	0	
26	1.973932	1.9739044	1.9749659	0	
27	1.9730237	1.9729812	1.9740356	0	
28	1.9721197	1.9720647	1.9731416	0	
29	1.9712196	1.9711539	1.9722492	0	
30	1.970323	1.9702483	1.9713585	0	
31	1.9694296	1.9693474	1.9704694	0	
32	1.9685391	1.9684506	1.969582	0	
33	1.9676512	1.9675565	1.968521	0	
34	1.9667656	1.966666	1.967588	0	
35	1.9658824	1.9657787	1.9667071	0	
36	1.9650013	1.9648942	1.9658278	0	
37	1.9641223	1.9640123	1.9649501	0	
38	1.9632452	1.9631328	1.964074	0	
39	1.9623701	1.9622556	1.9632255	0	
40	1.9614968	1.9613806	1.9623533	0	
41	1.9606253	1.9605076	1.9614817	0	
42	1.9597555	1.9596366	1.9606117	0	
43	1.9588875	1.9587675	1.9597432	0	
44	1.9580211	1.9579003	1.9588763	0	
45	1.9554336	1.955311	1.9563145	0	
50	1.9511499	1.9510256	1.9520729	0	
55	1.9469049	1.9467803	1.9477794	0	
60	1.9426976	1.9425732	1.943556	0	
65	1.9385274	1.9384036	1.9393861	0	
70	1.9343936	1.9342706	1.9352457	0	
75	1.9302957	1.9301736	1.9311411	0	
80	1.9262332	1.926112	1.927072	0	
85	1.9222056	1.9220853	1.9230379	0	


precision, %
wave=450 nm
height, km	60	
0	0.01458492	
0.05	0.012715596	
0.1	0.012231092	
0.15	0.011411932	
0.2	0.010603317	
0.25	0.010023117	
0.3	0.0092942124	
0.35	0.0090597066	
0.4	0.00905121	
0.45	0.0086742244	
0.5	0.0085332565	
0.55	0.0084715179	
0.6	0.0082303164	
0.65	0.0083172796	
0.7	0.0085264495	
0.75	0.0084683797	
0.8	0.008531937	
0.85	0.0085438791	
0.9	0.0085631548	
0.95	0.0086541445	
1	0.0088438013	
1.1	0.0091213791	
1.2	0.0093176172	
1.3	0.0096183191	
1.4	0.0097179859	
1.5	0.0097937197	
1.6	0.0098412731	
1.7	0.0099237756	
1.8	0.0099603921	
1.9	0.010013092	
2	0.010098673	
2.2	0.010176397	
2.4	0.010211372	
2.6	0.010254928	
2.8	0.010305179	
3	0.010363455	
3.2	0.01039057	
3.3	0.01039742	
3.4	0.010412699	
3.6	0.010431535	
3.8	0.010445929	
4	0.010454624	
4.4	0.010459353	
4.5	0.010464318	
4.8	0.010470285	
5	0.010473614	
5.5	0.010477326	
6	0.010481406	
6.47	0.010488178	
8	0.01048477	
9	0.010486943	
10	0.010494834	
11	0.01049685	
12	0.010500035	
13	0.010502288	
14	0.010503277	
15	0.010504106	
16	0.010504808	
17	0.01050541	
18	0.010505925	
19	0.010506351	
20	0.010506699	
21	0.010506976	
22	0.0105072	
23	0.01050738	
24	0.010507527	
25	0.010507645	
26	0.01050774	
27	0.010507816	
28	0.010507877	
29	0.010507927	
30	0.010507966	
31	0.010507998	
32	0.010508022	
33	0.010508041	
34	0.010508056	
35	0.010508068	
36	0.010508076	
37	0.010508082	
38	0.010508085	
39	0.010508087	
40	0.010508088	
41	0.010508087	
42	0.010508086	
43	0.010508083	
44	0.01050808	
45	0.010508067	
50	0.010508042	
55	0.010508013	
60	0.010507982	
65	0.010507951	
70	0.010507919	
75	0.010507888	
80	0.010507856	
85	0.010507825	


-------------------------------------------------
tet=85  fi=90
	60	
450	0.02174549	

	60	
450	-24.502953	

	60	
450	0.94971687	



ord=1
	60	
450	28.518027	

	60	
450	-32.259534	

	60	
450	0.056963698	

enhancement factor
ord=0
wave=450 nm
zenith, km	60	
Stoks:	     1.3663095	    0.33478616	  -0.074331713	 -0.0017048029	
enhancement factor
0	11.002255	10.945919	11.814841	12.777665	
0.05	9.824641	9.9844049	11.417057	12.604573	
0.1	8.7040815	8.9844537	10.611236	12.707325	
0.15	7.715203	8.0416493	10.094655	10.874591	
0.2	6.982664	7.350479	9.6429651	10.346403	
0.25	6.4180643	6.8576497	9.1944662	10.005144	
0.3	5.8076124	6.3183408	8.1414202	10.677583	
0.35	5.345559	5.8606187	7.5320334	9.8395967	
0.4	4.8935092	5.2918757	6.6373727	8.572537	
0.45	4.58527	4.9664962	6.5698842	6.9095063	
0.5	4.3324103	4.7487927	6.4501194	6.980957	
0.55	4.0864696	4.547109	6.190442	6.9324277	
0.6	3.8995709	4.3539868	5.7114456	7.3458377	
0.65	3.7341044	4.1992724	5.2959159	7.3211452	
0.7	3.5873109	4.0718383	5.1994458	6.3815927	
0.75	3.4533766	3.8782456	4.9718546	6.3865898	
0.8	3.3333191	3.6972536	4.9084569	7.0678743	
0.85	3.2314098	3.5665937	4.7974758	5.7766374	
0.9	3.1471047	3.4297582	4.8299681	4.9295836	
0.95	3.0523748	3.312489	4.6204231	5.0224338	
1	2.9805311	3.2491043	4.5024888	4.9390784	
1.1	2.8781416	3.1500563	4.298296	4.6889042	
1.2	2.7985638	3.0436805	4.1231919	5.7890225	
1.3	2.7458408	2.9773875	3.933653	5.3538221	
1.4	2.6970429	2.9433401	3.7168842	2.8621733	
1.5	2.5979827	2.814704	3.6808181	4.7946135	
1.6	2.5703833	2.800154	3.6504429	4.7320877	
1.7	2.5572288	2.7940602	3.6391402	4.8817905	
1.8	2.533132	2.7295841	3.508276	4.8558145	
1.9	2.5179086	2.7054705	3.4452626	4.4623513	
2	2.4959171	2.6572993	3.4587869	3.8771668	
2.2	2.4664123	2.6044048	3.6238716	4.2897895	
2.4	2.44709	2.5340396	3.5791658	4.3573621	
2.6	2.4383253	2.5479232	3.5496038	3.238566	
2.8	2.4142027	2.5273348	3.4607368	2.6607617	
3	2.407155	2.5304886	3.4348624	2.1070394	
3.2	2.4105599	2.5380879	3.3977199	1.8275267	
3.3	2.4336769	2.5660416	3.4261536	1.6280005	
3.4	2.4493421	2.5548481	3.4890579	1.6962689	
3.6	2.4078183	2.499281	3.3848558	2.223598	
3.8	2.3789134	2.4668749	3.2338089	3.0658606	
4	2.3654583	2.4853859	3.2241429	3.1473082	
4.4	2.3666839	2.4993321	3.2728984	3.039005	
4.5	2.368598	2.5085884	3.1732157	2.1092361	
4.8	2.3753025	2.4925964	3.2443247	1.8950138	
5	2.3529679	2.4428103	3.2037419	2.4800717	
5.5	2.3585442	2.489233	3.2112579	2.329493	
6	2.3842247	2.5621669	2.9920557	1.1717339	
6.47	2.3260581	2.4426625	3.1243468	2.0366519	
8	2.27814	2.3605313	2.892366	3.0332966	
9	2.2533425	2.3061294	2.7097936	2.8475096	
10	2.2599251	2.2122932	2.5853353	2.4399854	
11	2.2337511	2.2497922	2.3293453	2.889093	
12	2.2303256	2.2541837	1.7637463	3.7712183	
13	2.2072622	2.217438	2.3092679	3.4608649	
14	2.137953	2.1759367	2.2034286	3.1119784	
15	2.1200758	2.16236	2.2070149	2.9978774	
16	2.1054323	2.1539259	2.2197688	3.0237614	
17	2.0790652	2.1272523	2.0316632	2.8670149	
18	2.0735075	2.1579441	1.9394045	2.496669	
19	2.0529605	2.1001825	1.9716755	2.6385525	
20	2.0403947	2.0749943	2.1864553	2.0925805	
21	2.016144	2.0281457	2.0524865	2.0005956	
22	2.0146678	2.014879	2.0327513	1.7456753	
23	2.0027233	2.0147184	2.0286425	2.0759905	
24	1.9978915	2.0075298	2.005131	2.0597161	
25	1.9931443	1.9984035	2.008371	2.1219428	
26	1.9904351	1.9930411	2.0222625	2.131662	
27	1.9875495	1.988905	2.0106857	2.1293949	
28	1.9847636	1.9861271	1.9956503	2.1476835	
29	1.9824495	1.9824537	1.993757	2.1394866	
30	1.9789112	1.9790812	1.9903311	2.1250321	
31	1.9762759	1.9769003	1.9818586	2.1359998	
32	1.9749637	1.9757725	1.9833794	2.1223786	
33	1.9734172	1.9750568	1.9933766	2.0869625	
34	1.9727802	1.973657	1.9900657	2.0813802	
35	1.9718596	1.9727062	1.9890891	2.0790188	
36	1.9707728	1.9717118	1.9876983	2.0620165	
37	1.9694001	1.9697017	1.9818642	2.028804	
38	1.9684585	1.968704	1.9803393	2.0260097	
39	1.9671252	1.9674174	1.9747465	2.021787	
40	1.9657126	1.9662161	1.9755472	2.0162433	
41	1.9645697	1.9653597	1.9764692	2.0154142	
42	1.9636803	1.9644646	1.9755189	2.0137306	
43	1.9627993	1.9635658	1.9745931	2.012242	
44	1.961717	1.9619641	1.9726242	1.9939481	
45	1.9590493	1.9589894	1.9690706	1.9826369	
50	1.9546586	1.9540953	1.9640516	1.9736451	
55	1.9502785	1.949733	1.9587781	1.9603678	
60	1.9459756	1.9455735	1.9536177	1.9507696	
65	1.9417789	1.9413798	1.9493617	1.9465338	
70	1.937619	1.9372229	1.9451423	1.9423352	
75	1.9334953	1.9331022	1.9409593	1.9381734	
80	1.9294074	1.9290173	1.9368126	1.9340479	
85	1.9253547	1.9249675	1.9327018	1.929958	


precision, %
wave=450 nm
height, km	60	
0	0.99616378	
0.05	1.1058023	
0.1	1.097404	
0.15	1.1080572	
0.2	1.2004847	
0.25	1.3736064	
0.3	1.2256768	
0.35	1.2952784	
0.4	1.2153624	
0.45	1.2469436	
0.5	1.2899348	
0.55	1.2251088	
0.6	1.2835191	
0.65	1.3885548	
0.7	1.2862856	
0.75	1.4223341	
0.8	1.2906681	
0.85	1.2940625	
0.9	1.1995729	
0.95	1.2483256	
1	1.2686048	
1.1	1.2792178	
1.2	1.2313079	
1.3	1.3421578	
1.4	1.4145124	
1.5	1.0914353	
1.6	1.1236233	
1.7	1.1874168	
1.8	1.1413938	
1.9	1.269274	
2	1.1844292	
2.2	1.337722	
2.4	1.180584	
2.6	1.198924	
2.8	1.2307633	
3	1.2985559	
3.2	1.3781072	
3.3	1.5439598	
3.4	1.6341716	
3.6	1.397701	
3.8	1.4017451	
4	1.3379131	
4.4	1.3670871	
4.5	1.4255875	
4.8	1.4531309	
5	1.3900103	
5.5	1.4908046	
6	1.8786922	
6.47	1.5603399	
8	1.6240309	
9	1.5072004	
10	1.9040471	
11	1.7742128	
12	2.546399	
13	2.117866	
14	1.4325626	
15	1.3452731	
16	1.3609082	
17	1.2876774	
18	1.4282412	
19	1.2370246	
20	1.2379314	
21	1.031461	
22	1.0595161	
23	1.0006968	
24	0.98456769	
25	0.96791266	
26	0.95807927	
27	0.95493668	
28	0.95800632	
29	0.95642278	
30	0.95245441	
31	0.95067351	
32	0.95006538	
33	0.94886849	
34	0.94906315	
35	0.94898823	
36	0.94940078	
37	0.95165462	
38	0.95170605	
39	0.95217852	
40	0.95217999	
41	0.9521726	
42	0.95212581	
43	0.95206741	
44	0.95035098	
45	0.95009313	
50	0.94993201	
55	0.95011046	
60	0.95021895	
65	0.95021565	
70	0.95021236	
75	0.9502091	
80	0.95020587	
85	0.95020267	


ord=1
wave=450 nm
zenith, km	60	
Stoks:	     0.3896445	     0.1256975	    0.21679285	             0	
enhancement factor
0	10.653315	10.454627	10.423631	0	
0.05	9.2188136	9.1305955	9.1221004	0	
0.1	7.9136714	7.9030273	7.9013666	0	
0.15	6.8835805	6.9171328	6.9245755	0	
0.2	6.066629	6.1259425	6.1354266	0	
0.25	5.4085869	5.4858152	5.4958088	0	
0.3	4.8759058	4.9618844	4.9715424	0	
0.35	4.440389	4.5310864	4.539389	0	
0.4	4.0819976	4.175069	4.1817534	0	
0.45	3.7861543	3.8782302	3.8841365	0	
0.5	3.5404149	3.6304389	3.6347835	0	
0.55	3.3354941	3.4222294	3.4250022	0	
0.6	3.1629416	3.2460405	3.247726	0	
0.65	3.0178063	3.0963252	3.0974506	0	
0.7	2.8943557	2.9681122	2.9691938	0	
0.75	2.7889913	2.8583683	2.859626	0	
0.8	2.6987965	2.7651443	2.7656528	0	
0.85	2.6215596	2.6848232	2.6849684	0	
0.9	2.5551499	2.6155293	2.6155039	0	
0.95	2.4978482	2.5557968	2.5553115	0	
1	2.4277696	2.4818066	2.4809975	0	
1.1	2.3516004	2.4003095	2.3996852	0	
1.2	2.292631	2.3369036	2.3361904	0	
1.3	2.246224	2.2867115	2.2861121	0	
1.4	2.2092284	2.2463968	2.2459526	0	
1.5	2.1795059	2.2137589	2.2134549	0	
1.6	2.1554146	2.1871274	2.1868588	0	
1.7	2.135677	2.1652444	2.1649504	0	
1.8	2.1193639	2.1470683	2.1467471	0	
1.9	2.1058193	2.1317924	2.1314483	0	
2	2.0897495	2.1133623	2.1130609	0	
2.2	2.0730852	2.0941266	2.0938782	0	
2.4	2.0606874	2.0796036	2.0794415	0	
2.6	2.0512073	2.0683932	2.0682519	0	
2.8	2.0437945	2.0595604	2.0594138	0	
3	2.037895	2.052397	2.052267	0	
3.2	2.0341724	2.0478158	2.0476872	0	
3.3	2.0320123	2.0451328	2.0450122	0	
3.4	2.0291469	2.0415542	2.0414577	0	
3.6	2.025816	2.0373569	2.0372775	0	
3.8	2.0229804	2.0337657	2.0336836	0	
4	2.0194697	2.0292743	2.0292121	0	
4.4	2.0169218	2.0259715	2.0259166	0	
4.5	2.0152342	2.0237448	2.0236963	0	
4.8	2.01332	2.0212085	2.0211675	0	
5	2.0110651	2.0181956	2.0181688	0	
5.5	2.0083129	2.0145266	2.0144945	0	
6	2.0060872	2.0115376	2.0115059	0	
6.47	2.0025057	2.0067352	2.0067156	0	
8	1.9987836	2.0018672	2.0018438	0	
9	1.9964727	1.9988857	1.9988764	0	
10	1.9945023	1.9964137	1.996407	0	
11	1.9927896	1.9943148	1.9943119	0	
12	1.9912466	1.9924794	1.9924707	0	
13	1.9898378	1.9908377	1.9908265	0	
14	1.9885334	1.9893456	1.9893363	0	
15	1.9873084	1.987974	1.9879662	0	
16	1.9861456	1.9866961	1.9866895	0	
17	1.9850306	1.9854903	1.9854846	0	
18	1.983953	1.9843395	1.9843346	0	
19	1.9829055	1.9832313	1.9832271	0	
20	1.981884	1.9821594	1.9821556	0	
21	1.9808822	1.9811185	1.981113	0	
22	1.9799017	1.9801038	1.9800986	0	
23	1.9789364	1.9791102	1.9791054	0	
24	1.9779839	1.9781342	1.9781297	0	
25	1.977042	1.9771729	1.9771685	0	
26	1.9761093	1.976224	1.9762198	0	
27	1.9751844	1.9752859	1.9752819	0	
28	1.9742661	1.9743565	1.9743526	0	
29	1.9733533	1.9734343	1.9734306	0	
30	1.9724455	1.9725187	1.972515	0	
31	1.9715422	1.971609	1.9716054	0	
32	1.9706429	1.9707043	1.9707007	0	
33	1.9697469	1.9698037	1.9698002	0	
34	1.968854	1.9689068	1.9689033	0	
35	1.9679639	1.9680134	1.96801	0	
36	1.9670765	1.9671232	1.9671198	0	
37	1.9661917	1.966236	1.9662326	0	
38	1.9653092	1.9653514	1.9653481	0	
39	1.9644289	1.9644695	1.9644661	0	
40	1.9635508	1.9635898	1.9635865	0	
41	1.9626746	1.9627124	1.9627092	0	
42	1.9618004	1.9618371	1.9618339	0	
43	1.9609281	1.9609639	1.9609606	0	
44	1.9600576	1.9600926	1.9600893	0	
45	1.9574584	1.9574917	1.9574885	0	
50	1.9531564	1.9531876	1.9531845	0	
55	1.9488943	1.9489244	1.9489212	0	
60	1.9446706	1.9447	1.9446969	0	
65	1.9404844	1.9405133	1.9405102	0	
70	1.9363349	1.9363635	1.9363605	0	
75	1.9322217	1.93225	1.932247	0	
80	1.928144	1.9281721	1.9281691	0	
85	1.9241015	1.9241294	1.9241264	0	


precision, %
wave=450 nm
height, km	60	
0	0.083700645	
0.05	0.079391451	
0.1	0.076061105	
0.15	0.070558037	
0.2	0.065057084	
0.25	0.060972964	
0.3	0.056021978	
0.35	0.054100692	
0.4	0.053564688	
0.45	0.050893392	
0.5	0.049645302	
0.55	0.048897559	
0.6	0.04717186	
0.65	0.047342712	
0.7	0.048238965	
0.75	0.047660079	
0.8	0.047784423	
0.85	0.047641648	
0.9	0.047556885	
0.95	0.047890125	
1	0.048708232	
1.1	0.049963178	
1.2	0.050824712	
1.3	0.052289374	
1.4	0.052709335	
1.5	0.053025593	
1.6	0.053209195	
1.7	0.053598982	
1.8	0.053756294	
1.9	0.054006984	
2	0.054432361	
2.2	0.054824286	
2.4	0.055005181	
2.6	0.05524	
2.8	0.055513869	
3	0.055831819	
3.2	0.055984098	
3.3	0.056027029	
3.4	0.056118453	
3.6	0.056228333	
3.8	0.05631801	
4	0.056385974	
4.4	0.056428155	
4.5	0.056467272	
4.8	0.056514095	
5	0.056552217	
5.5	0.056598526	
6	0.056642729	
6.47	0.056715786	
8	0.056737937	
9	0.056771494	
10	0.056827766	
11	0.056850387	
12	0.056876651	
13	0.056895904	
14	0.056906943	
15	0.056915769	
16	0.056922877	
17	0.056928667	
18	0.05693344	
19	0.0569374	
20	0.056940669	
21	0.056943421	
22	0.056945611	
23	0.056947413	
24	0.056948896	
25	0.056950124	
26	0.056951136	
27	0.056951969	
28	0.056952661	
29	0.056953242	
30	0.056953726	
31	0.056954126	
32	0.056954459	
33	0.056954743	
34	0.056954986	
35	0.056955193	
36	0.056955367	
37	0.056955515	
38	0.05695564	
39	0.056955747	
40	0.056955839	
41	0.056955918	
42	0.056955987	
43	0.056956047	
44	0.0569561	
45	0.056956215	
50	0.056956358	
55	0.056956451	
60	0.056956518	
65	0.056956572	
70	0.05695662	
75	0.056956664	
80	0.056956705	
85	0.056956746	


-------------------------------------------------
tet=85  fi=180
	60	
450	0.021530876	

	60	
450	9.441229	

	60	
450	0.92097397	



ord=1
	60	
450	29.863292	

	60	
450	11.609165	

	60	
450	0.054885806	

enhancement factor
ord=0
wave=450 nm
zenith, km	60	
Stoks:	     1.3528248	   -0.12772329	 -0.0059814106	 5.6861189e-05	
enhancement factor
0	11.018071	9.4150309	10.337026	3.247995	
0.05	9.9227462	7.4740465	5.1540647	16.380864	
0.1	8.7790821	5.895046	-1.1083623	27.784338	
0.15	7.8023688	4.8967167	1.5940652	35.41336	
0.2	7.0586281	3.9567999	1.1202627	16.842762	
0.25	6.462643	3.1107144	-2.5344218	-4.4415545	
0.3	5.8777968	2.5640896	-4.1559462	-8.9925192	
0.35	5.4294502	2.2158647	-7.8219574	40.595319	
0.4	5.0170381	2.1837005	-9.8896514	42.004307	
0.45	4.7039107	1.8438376	-7.02359	40.987436	
0.5	4.4339955	1.4600852	-4.9258423	75.852796	
0.55	4.1917846	1.3441595	-1.7491851	44.365582	
0.6	3.9689673	1.0363488	-6.2830457	33.256241	
0.65	3.774488	0.93656985	-2.7333583	32.858068	
0.7	3.6300584	0.77524669	-0.39123823	29.11227	
0.75	3.5003905	0.7991173	0.2755804	18.153201	
0.8	3.3828453	0.9205046	-0.45435226	2.5512824	
0.85	3.2603553	0.94657718	2.0138874	13.16945	
0.9	3.1919927	0.96863169	5.4928871	33.974589	
0.95	3.0875194	1.0167614	4.8278508	12.795718	
1	3.0251596	0.86525855	4.2063676	-1.4446163	
1.1	2.9135832	0.84219868	3.6655537	-3.2046087	
1.2	2.8317142	0.83213327	2.8641052	-12.038837	
1.3	2.780011	0.77693964	4.3194518	7.0047643	
1.4	2.7537336	0.58564661	-0.10290756	135.30893	
1.5	2.6339961	0.91436359	2.8056665	5.8276727	
1.6	2.612945	0.98489883	3.4814474	-5.8949987	
1.7	2.5889148	0.883151	5.1542594	9.1347006	
1.8	2.5480072	0.96939849	3.4858123	-1.1411381	
1.9	2.537196	0.98317456	3.1309611	5.5711993	
2	2.5312642	0.93318301	5.5183245	24.521115	
2.2	2.4864018	1.0573362	7.179111	-3.8704233	
2.4	2.4676642	1.1999187	7.2096653	-9.6308634	
2.6	2.4507596	1.1309196	6.4122563	7.479106	
2.8	2.4288186	1.161879	6.233717	7.335245	
3	2.4142642	1.2142622	6.5782334	15.851257	
3.2	2.4096218	1.2425377	5.5762405	7.0801453	
3.3	2.4255265	1.2487356	4.6962334	-5.4116083	
3.4	2.4464668	1.2467858	5.5130682	17.89007	
3.6	2.4196049	1.2503322	2.6453355	16.50058	
3.8	2.3832263	1.2975305	4.2411551	-9.9716648	
4	2.3706766	1.2195187	4.1204582	-8.203869	
4.4	2.3707906	1.1656529	3.0545387	1.9374935	
4.5	2.3625427	1.2006069	4.1160939	16.453012	
4.8	2.3795224	1.3072863	5.9072051	37.798935	
5	2.3506873	1.3179017	4.0949437	3.544618	
5.5	2.3496219	1.1674299	4.1801014	8.676204	
6	2.3508142	1.0240572	4.5179461	31.684022	
6.47	2.3153392	1.1785266	5.072938	15.223659	
8	2.2741344	1.2737237	3.5663378	-0.88933143	
9	2.2641756	1.2920967	2.4983875	-3.2278533	
10	2.260466	1.7602146	-0.40830378	-17.920681	
11	2.2393624	1.4994202	-2.2206322	-11.983887	
12	2.2351586	1.5678376	-6.5134251	-20.750623	
13	2.2028709	1.6912138	0.094917316	-27.964264	
14	2.1432771	1.6869907	0.89087129	-23.378327	
15	2.1279615	1.7077937	0.94911253	-19.334953	
16	2.1153917	1.7098435	0.92301237	-17.108623	
17	2.0929588	1.7596115	-1.3378143	-19.417047	
18	2.0829916	1.7017737	0.061675437	-5.586667	
19	2.0605198	1.7834207	0.27507565	-8.8884109	
20	2.0439224	1.8239709	1.9481297	0.62235634	
21	2.0264855	1.949668	1.4576946	7.4941007	
22	2.0218312	1.9548016	0.53043686	1.0292285	
23	2.0092413	1.9289795	1.4019911	1.214302	
24	2.0035922	1.9496946	1.2696396	1.1550872	
25	1.9980134	1.9744565	1.4392952	-2.165983	
26	1.9953878	1.9833328	1.6285124	-2.3025544	
27	1.9925232	1.9904747	1.4868316	-1.9614763	
28	1.9899957	1.9878604	1.3749966	-1.7689039	
29	1.9873644	1.9859257	1.4287791	-1.9854411	
30	1.9832292	1.9770821	1.7213697	-1.2378636	
31	1.9796717	1.9687158	1.9652899	-0.72540616	
32	1.9783815	1.9676375	1.9918518	-0.62263517	
33	1.9771341	1.9666336	2.0634395	-0.26091566	
34	1.9780671	1.9780551	1.7835781	1.2320217	
35	1.9771087	1.9772785	1.7877246	1.236627	
36	1.9760254	1.9771877	1.7711921	1.6269621	
37	1.9741302	1.9787697	1.7880682	2.3114129	
38	1.9731284	1.9779973	1.7922656	2.323738	
39	1.9717773	1.9766215	1.7576778	2.6132498	
40	1.9698176	1.9712114	1.8857178	1.8188604	
41	1.9681554	1.9662094	1.9936695	1.2165453	
42	1.9672534	1.965364	1.9932637	1.2250068	
43	1.9663594	1.9645327	1.99301	1.2294439	
44	1.9650359	1.9653326	2.018792	1.3301595	
45	1.9622782	1.9640649	2.0315238	1.2976632	
50	1.9579324	1.9613702	2.0247177	1.3498955	
55	1.9534987	1.9573255	1.9856181	1.6890415	
60	1.9491113	1.9529355	1.9583537	1.9358501	
65	1.9448891	1.9486829	1.9540572	1.9318147	
70	1.9407042	1.944468	1.9497988	1.9278129	
75	1.9365558	1.9402902	1.9455779	1.923844	
80	1.9324435	1.9361488	1.941394	1.9199078	
85	1.9283668	1.9320433	1.9372467	1.9160039	


precision, %
wave=450 nm
height, km	60	
0	0.93337447	
0.05	0.98912106	
0.1	1.036096	
0.15	1.0897661	
0.2	1.1422637	
0.25	1.1505856	
0.3	1.1480949	
0.35	1.1907202	
0.4	1.2527374	
0.45	1.270111	
0.5	1.2962941	
0.55	1.3517037	
0.6	1.3439222	
0.65	1.2369731	
0.7	1.2249179	
0.75	1.230064	
0.8	1.1955981	
0.85	1.1837277	
0.9	1.222762	
0.95	1.1901281	
1	1.2600359	
1.1	1.2360089	
1.2	1.2151077	
1.3	1.3075428	
1.4	1.7592968	
1.5	1.161063	
1.6	1.4431012	
1.7	1.3476832	
1.8	1.2051194	
1.9	1.2913194	
2	1.6345633	
2.2	1.3205945	
2.4	1.2890874	
2.6	1.2489924	
2.8	1.2764562	
3	1.2809946	
3.2	1.2900878	
3.3	1.3405252	
3.4	1.466266	
3.6	1.3783779	
3.8	1.3564052	
4	1.2666826	
4.4	1.293271	
4.5	1.273264	
4.8	1.3721866	
5	1.293426	
5.5	1.3513219	
6	1.4842275	
6.47	1.4383426	
8	1.5094748	
9	1.6909109	
10	1.9652954	
11	2.092753	
12	2.4746028	
13	1.9827139	
14	1.4491226	
15	1.3733408	
16	1.4385844	
17	1.3700493	
18	1.5539198	
19	1.2774502	
20	1.1817836	
21	1.0849558	
22	1.0815689	
23	1.0179168	
24	0.99579252	
25	0.98162936	
26	0.97711161	
27	0.97418089	
28	0.97387025	
29	0.96802459	
30	0.94370005	
31	0.9288572	
32	0.92775628	
33	0.92414405	
34	0.93992514	
35	0.93963955	
36	0.93978874	
37	0.93919896	
38	0.9389147	
39	0.93927814	
40	0.93122509	
41	0.92547287	
42	0.92536885	
43	0.9252525	
44	0.92177718	
45	0.9209994	
50	0.92118569	
55	0.92122514	
60	0.92124749	
65	0.92124565	
70	0.92124379	
75	0.92124194	
80	0.92124009	
85	0.92123826	


ord=1
wave=450 nm
zenith, km	60	
Stoks:	    0.40399802	  -0.046900797	  0.0010075127	             0	
enhancement factor
0	10.687952	10.333093	15.043964	0	
0.05	9.2874885	9.1200961	15.261737	0	
0.1	8.0074919	7.9366677	15.294063	0	
0.15	6.9959522	6.9911533	15.672124	0	
0.2	6.1926033	6.2161834	15.6821	0	
0.25	5.5444792	5.5786243	15.946684	0	
0.3	5.018517	5.0547645	15.976552	0	
0.35	4.5872306	4.6187141	15.938126	0	
0.4	4.2312548	4.2534895	15.963844	0	
0.45	3.93647	3.9488887	16.010923	0	
0.5	3.6908147	3.6909755	15.980005	0	
0.55	3.4852683	3.4724577	15.928852	0	
0.6	3.3116212	3.2875151	15.875557	0	
0.65	3.1650299	3.130084	15.869148	0	
0.7	3.0399164	2.9965939	15.832196	0	
0.75	2.9328122	2.8820904	15.824322	0	
0.8	2.8409455	2.7816126	15.789241	0	
0.85	2.6909797	2.7696588	5.0755515	0	
0.9	2.6022348	2.7172664	1.9373614	0	
0.95	2.5436526	2.6522747	1.9304745	0	
1	2.4717155	2.5724447	1.9069765	0	
1.1	2.3931355	2.4856537	1.8898624	0	
1.2	2.3318152	2.4162138	1.8855272	0	
1.3	2.2831763	2.3605598	1.9193292	0	
1.4	2.2440911	2.3156768	1.9368261	0	
1.5	2.2124324	2.2788821	1.9535096	0	
1.6	2.1865727	2.2484129	1.9552556	0	
1.7	2.1652304	2.2228514	1.9584926	0	
1.8	2.1474577	2.2012715	1.9659795	0	
1.9	2.1325791	2.1830064	1.9681352	0	
2	2.1147188	2.1609203	1.9686579	0	
2.2	2.0959937	2.1374737	1.9722701	0	
2.4	2.0818391	2.1194761	1.979571	0	
2.6	2.0708454	2.105205	1.9799176	0	
2.8	2.0621146	2.0935807	1.9836464	0	
3	2.0550547	2.0840828	1.9851479	0	
3.2	2.0505454	2.0779528	1.9825046	0	
3.3	2.0478988	2.0743109	1.9826388	0	
3.4	2.044354	2.0693988	1.9853744	0	
3.6	2.040192	2.0635736	1.9861419	0	
3.8	2.0366023	2.0584311	1.9876156	0	
4	2.0320908	2.0519455	1.9909709	0	
4.4	2.0287874	2.0471705	1.9901595	0	
4.5	2.0265592	2.0438968	1.989692	0	
4.8	2.0240178	2.0401414	1.9894974	0	
5	2.0209866	2.0356352	1.9895385	0	
5.5	2.0172612	2.0300117	1.9896835	0	
6	2.0142273	2.0254244	1.9895045	0	
6.47	2.0093602	2.0181319	1.9887128	0	
8	2.0043751	2.0107198	1.9903395	0	
9	2.0013043	2.0062599	1.9961097	0	
10	1.9987718	2.0027223	1.9951621	0	
11	1.9966166	1.9998134	1.9942296	0	
12	1.9947261	1.9973076	1.9932224	0	
13	1.9930432	1.9951463	1.992252	0	
14	1.9915223	1.9932607	1.9913262	0	
15	1.9901258	1.9915808	1.9904022	0	
16	1.9888261	1.9900604	1.9894798	0	
17	1.9876007	1.988662	1.9885592	0	
18	1.9864327	1.9873555	1.9876403	0	
19	1.9853099	1.9861179	1.9867232	0	
20	1.9842256	1.984938	1.9858077	0	
21	1.9831748	1.9838085	1.9848939	0	
22	1.9821511	1.9827196	1.9839818	0	
23	1.9811497	1.9816643	1.9830714	0	
24	1.9801669	1.9806367	1.9821627	0	
25	1.9791993	1.9796319	1.9812556	0	
26	1.9782449	1.9786466	1.9803503	0	
27	1.9773017	1.9776779	1.9794466	0	
28	1.9763675	1.9767224	1.9785445	0	
29	1.975441	1.9757778	1.9776441	0	
30	1.9745211	1.9748428	1.9767454	0	
31	1.9736074	1.9739165	1.9758483	0	
32	1.9726988	1.9729974	1.9749529	0	
33	1.9717945	1.9720841	1.974059	0	
34	1.970894	1.9711757	1.9731669	0	
35	1.9699968	1.9702711	1.9722675	0	
36	1.9691031	1.9693716	1.9713774	0	
37	1.9682124	1.968476	1.9704901	0	
38	1.9673245	1.967584	1.9696045	0	
39	1.9664392	1.9666951	1.9687205	0	
40	1.9655562	1.965809	1.9678381	0	
41	1.9646755	1.9649256	1.9669573	0	
42	1.963797	1.9640447	1.966078	0	
43	1.9629204	1.9631661	1.9652004	0	
44	1.9620459	1.9622897	1.9643244	0	
45	1.9594354	1.959675	1.9617072	0	
50	1.9551154	1.9553498	1.9573714	0	
55	1.9508365	1.9510673	1.9530765	0	
60	1.9465967	1.9468247	1.9488198	0	
65	1.9423948	1.9426206	1.9446007	0	
70	1.93823	1.9384537	1.9404187	0	
75	1.9341016	1.9343234	1.9362733	0	
80	1.9300091	1.9302291	1.9321638	0	
85	1.9259519	1.9261701	1.9280898	0	


precision, %
wave=450 nm
height, km	60	
0	0.080361484	
0.05	0.07586659	
0.1	0.072337307	
0.15	0.066782276	
0.2	0.061287357	
0.25	0.057169656	
0.3	0.052296456	
0.35	0.050289353	
0.4	0.049611413	
0.45	0.046993178	
0.5	0.045718624	
0.55	0.044932678	
0.6	0.04327876	
0.65	0.043364761	
0.7	0.04413218	
0.75	0.043571144	
0.8	0.043655022	
0.85	0.044648314	
0.9	0.044932622	
0.95	0.04526303	
1	0.046061479	
1.1	0.047277939	
1.2	0.0481308	
1.3	0.04954976	
1.4	0.049990453	
1.5	0.050331117	
1.6	0.050543055	
1.7	0.05094845	
1.8	0.051132355	
1.9	0.051400474	
2	0.051842824	
2.2	0.05226336	
2.4	0.052480665	
2.6	0.052742372	
2.8	0.05303472	
3	0.053363484	
3.2	0.053527554	
3.3	0.053581216	
3.4	0.053685625	
3.6	0.053811343	
3.8	0.053916258	
4	0.054008294	
4.4	0.054069388	
4.5	0.05412116	
4.8	0.054182542	
5	0.054239931	
5.5	0.054310932	
6	0.054375143	
6.47	0.054479807	
8	0.054538339	
9	0.054591324	
10	0.054658435	
11	0.05469218	
12	0.054726294	
13	0.054751841	
14	0.054768336	
15	0.054781479	
16	0.054792021	
17	0.054800572	
18	0.054807598	
19	0.054813431	
20	0.054818252	
21	0.054822199	
22	0.054825448	
23	0.054828129	
24	0.054830344	
25	0.054832184	
26	0.054833707	
27	0.054834968	
28	0.054836023	
29	0.054836914	
30	0.054837664	
31	0.05483829	
32	0.054838819	
33	0.054839275	
34	0.054839671	
35	0.054840018	
36	0.054840314	
37	0.05484057	
38	0.054840794	
39	0.05484099	
40	0.054841165	
41	0.054841321	
42	0.054841462	
43	0.054841589	
44	0.054841706	
45	0.054841993	
50	0.0548424	
55	0.05484273	
60	0.054843021	
65	0.054843291	
70	0.05484355	
75	0.054843801	
80	0.054844047	
85	0.05484429	


