RT Model MCC++	 O.Postylyakov	ver.72
MixedSimC<atmos::StoksC,MCSimC<atmos::StoksC,MCWMethodC<atmos::StoksC,SphericalGeomT>>,SSSimC<atmos::StoksC,MCSimC<atmos::StoksC,MSSMethodC<atmos::StoksC,SphericalGeomT,1000>>>>	ps::cLCG2C	Density: double	AMFs: Yes	ORDERS_ACCOUNT: ATM_COLLGS_ORDERS
photons passed	base/max expendeture	EPS-breakes	MaxCollgs-Breaks	MinPhWgt-Breaks	average colligions
23800	0.0377885/0.0478766	0	0	0	3.175	
SpecialSamplingCollgs	ForceCollgSimul	EPS	ssEPS	MaxCollgs	MinPhWgt	BaseMod	
1	0	0.001	1e-12	500	1e-300	0	
Albedo	time	IY
0.05	0.0492167	{ 1844141506 750226535 ; 40014 40692 2147483563 2147483399 }	
 -6370.99	 -6370.99	 -5791.81	 -5212.63	 -4633.45	 -4054.27	 -3475.09	  -2895.9	 -2316.72	 -1737.54	 -1158.36	 -579.181	-9.09495e-13	  12.8571	  25.7143	  38.5714	  51.4286	  64.2857	  77.1429	       90	
        0	        0	0.0080361	 0.024108	 0.040179	 0.056251	 0.072322	 0.088394	  0.10447	  0.12054	  0.13661	  0.15268	  0.16875	0.0039284	0.0039364	0.0039443	0.0039522	0.0039601	 0.003968	 0.003976	
        0	        0	        0	        0	        0	        0	        0	        0	        0	        0	        0	        0	        0	        0	        0	        0	        0	        0	        0	        0	
        0	        0	        0	        0	        0	        0	        0	        0	        0	        0	        0	        0	        0	        0	        0	        0	        0	        0	        0	        0	

-------------------------------------------------
tet=89.3  fi=0
	60	
450	0.042633	

	60	
450	0.97252	

	60	
450	0.6838	



ord=1
	60	
450	46.146	

	60	
450	4.1271	

	60	
450	0.01751	

enhancement factor
ord=0
wave=450 nm
zenith, km	60	
Stoks:	     2.6787388	  -0.026051272	 0.00015601057	-0.00022897737	
enhancement factor
0	47.829928	58.359845	-716.02321	17.133168	
0.05	12.647563	6.3947823	-533.94467	0.78024697	
0.1	5.0223311	-5.1985205	-316.27271	-3.588264	
0.15	3.2779542	-9.3606057	-83.577143	6.3349661	
0.2	2.8380005	-9.0156851	-14.413893	0.9425723	
0.25	2.6810757	-8.7244924	21.685361	1.1728899	
0.3	2.5975544	-8.1449898	8.6420714	3.9689354	
0.35	2.5541058	-7.922582	27.237389	2.3910439	
0.4	2.5017859	-7.5626207	-13.94932	3.7065505	
0.45	2.4795417	-7.3615698	-83.836247	0.21454772	
0.5	2.444206	-6.965627	-59.177205	1.9452105	
0.55	2.4191329	-6.785066	-41.638226	2.4893555	
0.6	2.3906872	-6.3622757	-43.668926	0.66492419	
0.65	2.3586693	-5.7155783	-8.2776576	-0.18189981	
0.7	2.353965	-5.9661906	-50.925999	2.001609	
0.75	2.34613	-5.7047958	-120.24874	0.43542343	
0.8	2.3318692	-5.7290992	-62.189481	2.3664274	
0.85	2.3191204	-5.6383903	-80.677834	1.4249187	
0.9	2.3132518	-5.6518605	-110.35672	0.72366104	
0.95	2.305031	-5.5250124	18.614347	-1.434724	
1	2.2935721	-5.8815248	-144.52165	-1.7702073	
1.1	2.2663549	-4.5528458	-87.543534	3.138921	
1.2	2.2593266	-4.0678894	-83.776894	4.0528169	
1.3	2.2570897	-4.6936938	-93.78851	1.2493675	
1.4	2.2399714	-4.2767971	-90.86342	-1.3217371	
1.5	2.2304752	-3.9344714	-16.140674	-0.035450425	
1.6	2.2233351	-3.7661115	-67.100316	1.4163632	
1.7	2.2094957	-3.3136387	-90.236219	1.6056122	
1.8	2.2050491	-3.4403145	-142.73507	-0.79590136	
1.9	2.2011791	-2.9635077	-101.27917	0.016608774	
2	2.2029289	-3.3820233	-133.41358	3.233938	
2.2	2.1842911	-3.1236401	-135.30119	-0.75236231	
2.4	2.1718738	-2.6504861	-121.27769	2.1105747	
2.6	2.1649995	-2.4607609	-142.90415	5.629362	
2.8	2.1607099	-2.3554457	-134.77706	7.6246518	
3	2.1637057	-1.8667281	-144.56334	4.7934428	
3.2	2.1607553	-1.6653802	-100.77387	3.9785603	
3.3	2.1539813	-1.3126052	-61.553098	1.3576103	
3.4	2.1476461	-1.4873314	-5.0247895	3.099169	
3.6	2.1454617	-1.9027637	-0.026851976	3.1383392	
3.8	2.1427096	-1.5482734	30.788439	0.089720919	
4	2.1505328	-1.0115777	28.735735	-0.57332258	
4.4	2.1622117	-1.7552793	76.418749	-8.3659469	
4.5	2.1553722	-1.4880183	-71.757418	-3.629629	
4.8	2.1374671	-1.5463511	-79.868468	-3.513323	
5	2.1350877	-1.7551119	-88.699894	1.538219	
5.5	2.1371371	-2.0844129	-75.415707	-6.120395	
6	2.1481704	-1.0572933	75.260942	-6.8473737	
6.47	2.1356081	-2.0106073	-21.856615	-3.9952708	
8	2.1123102	-0.70753589	74.024346	2.9156087	
9	2.0854276	-0.47552994	136.09947	4.1846542	
10	2.0890549	-0.48391136	205.00241	5.0279007	
11	2.072341	-0.091235849	155.7067	11.027236	
12	2.0642353	-0.26191574	175.73985	10.321675	
13	2.0524697	0.12478976	119.97125	14.545218	
14	2.0380173	0.50995372	94.319216	10.63433	
15	2.032813	0.58481111	79.073783	1.8555446	
16	2.0333124	1.2933793	147.88144	1.0075202	
17	2.0171929	1.3940755	-5.6401119	5.6051366	
18	2.0097583	1.3158473	22.069848	1.6050952	
19	2.0036593	1.4797741	21.752116	1.8642916	
20	2.0062314	1.1437054	-25.32082	1.0293658	
21	1.9971852	1.4360643	-33.05698	1.9308076	
22	1.9910607	1.5853061	-12.696615	2.0503793	
23	1.9883289	1.6188271	-7.3451662	1.4625092	
24	1.9853753	1.7018396	-11.405125	1.7124438	
25	1.9828481	1.7591181	-14.328672	1.4436915	
26	1.9810904	1.7786788	-15.731601	1.4585839	
27	1.9792856	1.8106757	-11.538389	1.820575	
28	1.9776234	1.8623155	-9.2705936	1.8730955	
29	1.9755769	1.9125667	-1.192788	2.5549311	
30	1.9737736	1.9417473	2.954612	2.4317846	
31	1.972411	1.9331822	4.6285996	2.2233538	
32	1.9713218	1.9329806	4.4709691	2.1747438	
33	1.9702309	1.9307253	2.7402679	2.0938622	
34	1.9691635	1.9216825	2.2980402	2.1069934	
35	1.9679212	1.9203269	1.3743718	2.1739548	
36	1.9667073	1.9435233	1.3999284	2.223753	
37	1.965839	1.9438234	1.3973609	2.2252198	
38	1.9648793	1.9431355	1.4143269	2.2208864	
39	1.9639223	1.9424513	1.3799353	2.2144686	
40	1.9629514	1.9442665	0.54770018	2.1910653	
41	1.9616953	1.9621952	-1.0549876	2.0531452	
42	1.9605805	1.9780121	-0.22805611	1.9526658	
43	1.9596541	1.9754457	0.24483681	1.9551454	
44	1.9586118	1.9649593	1.6288819	1.9846959	
45	1.9560165	1.9628986	1.6154576	1.9752322	
50	1.9517107	1.9597485	1.6189936	1.9597191	
55	1.947461	1.9554417	1.6144705	1.9556274	
60	1.9432489	1.9511663	1.610808	1.9513741	
65	1.9390729	1.9469268	1.6061874	1.9471312	
70	1.9349347	1.9427272	1.6047046	1.9429258	
75	1.9308324	1.9385643	1.6032222	1.9387571	
80	1.9267656	1.9344376	1.6017403	1.9346249	
85	1.9227337	1.9303466	1.600259	1.9305285	


precision, %
wave=450 nm
height, km	60	
0	0.55692666	
0.05	0.79923249	
0.1	0.8686309	
0.15	0.87849131	
0.2	0.89149819	
0.25	0.89694968	
0.3	0.91663174	
0.35	0.95436681	
0.4	0.93588602	
0.45	0.93818963	
0.5	0.92556358	
0.55	0.9393224	
0.6	0.86179905	
0.65	0.82871994	
0.7	0.89089756	
0.75	1.0213035	
0.8	0.93782469	
0.85	0.88138125	
0.9	0.91135651	
0.95	1.0819646	
1	0.9568106	
1.1	0.8761034	
1.2	0.86788293	
1.3	0.91484483	
1.4	0.89004349	
1.5	0.8819802	
1.6	0.87694287	
1.7	0.83345178	
1.8	0.81733745	
1.9	0.82116077	
2	0.82158247	
2.2	0.8156941	
2.4	0.79140365	
2.6	0.80994095	
2.8	0.79258122	
3	0.81253359	
3.2	0.83646351	
3.3	0.81212987	
3.4	0.81639009	
3.6	0.79584272	
3.8	0.79648773	
4	0.80419598	
4.4	0.87208386	
4.5	0.82154817	
4.8	0.80245636	
5	0.85374466	
5.5	0.91593562	
6	1.1705635	
6.47	0.91649192	
8	0.86794057	
9	0.83408275	
10	0.94608775	
11	0.82656885	
12	0.86475943	
13	0.8107995	
14	0.75473914	
15	0.79949373	
16	0.97441179	
17	0.74162357	
18	0.72136887	
19	0.71142405	
20	0.77701226	
21	0.69659007	
22	0.68531792	
23	0.68628266	
24	0.68534684	
25	0.68607729	
26	0.68474556	
27	0.68313555	
28	0.68270246	
29	0.68480727	
30	0.68562202	
31	0.68488091	
32	0.684753	
33	0.68350485	
34	0.68316796	
35	0.68307638	
36	0.68464075	
37	0.68465146	
38	0.68444529	
39	0.68428278	
40	0.68423356	
41	0.68439531	
42	0.68477796	
43	0.6846378	
44	0.68405558	
45	0.68407249	
50	0.68412194	
55	0.68412631	
60	0.68412705	
65	0.68412916	
70	0.68412722	
75	0.6841253	
80	0.6841234	
85	0.68412153	


ord=1
wave=450 nm
zenith, km	60	
Stoks:	     1.2361199	  -0.051015941	-0.00058173582	             0	
enhancement factor
0	54.678604	55.703105	74.407059	0	
0.05	13.683091	15.612698	72.057596	0	
0.1	4.6551179	5.8182777	41.590181	0	
0.15	2.5829806	2.5815105	1.7974749	0	
0.2	2.154095	2.1568376	1.5775105	0	
0.25	2.0437513	2.0471675	1.5423122	0	
0.3	2.0125312	2.0145955	1.6862184	0	
0.35	2.002581	2.0025207	1.9845504	0	
0.4	1.9994747	1.9994162	1.9899817	0	
0.45	1.9983633	1.9982765	1.995046	0	
0.5	1.9979255	1.9978194	1.9965346	0	
0.55	1.9977265	1.9976165	1.9957507	0	
0.6	1.9976167	1.9975039	1.9945529	0	
0.65	1.9975433	1.9974298	1.9945062	0	
0.7	1.9974847	1.9973708	1.9944596	0	
0.75	1.9974323	1.9973182	1.994413	0	
0.8	1.9973828	1.9972686	1.9943664	0	
0.85	1.9973346	1.9972204	1.9943198	0	
0.9	1.9972871	1.9971729	1.9942732	0	
0.95	1.9972399	1.9971257	1.9942266	0	
1	1.9971694	1.9970552	1.9941567	0	
1.1	1.9970756	1.9969614	1.9940636	0	
1.2	1.9969819	1.9968677	1.9939703	0	
1.3	1.9968883	1.9967741	1.9938769	0	
1.4	1.9967946	1.9966805	1.9937838	0	
1.5	1.996701	1.9965869	1.9936907	0	
1.6	1.9966075	1.9964933	1.9935976	0	
1.7	1.9965139	1.9963998	1.9935046	0	
1.8	1.9964204	1.9963063	1.9934116	0	
1.9	1.9963268	1.9962127	1.9933186	0	
2	1.9961866	1.9960725	1.9931791	0	
2.2	1.9959996	1.9958856	1.9929932	0	
2.4	1.9958128	1.9956988	1.9928073	0	
2.6	1.995626	1.995512	1.9926216	0	
2.8	1.9954392	1.9953253	1.9924359	0	
3	1.9952526	1.9951387	1.9922502	0	
3.2	1.9951126	1.9949988	1.9921111	0	
3.3	1.9950193	1.9949055	1.9920183	0	
3.4	1.9948794	1.9947657	1.9918792	0	
3.6	1.994693	1.9945793	1.9916937	0	
3.8	1.9945066	1.9943929	1.9915084	0	
4	1.9942272	1.9941135	1.9912305	0	
4.4	1.9939944	1.9938808	1.990999	0	
4.5	1.9938083	1.9936947	1.9908139	0	
4.8	1.9935757	1.9934622	1.9905826	0	
5	1.9932504	1.9931369	1.9902591	0	
5.5	1.9927859	1.9926725	1.9897971	0	
6	1.9923358	1.9922225	1.9893495	0	
6.47	1.9914091	1.991296	1.9884279	0	
8	1.990239	1.9901262	1.9872643	0	
9	1.9893161	1.9892035	1.9863464	0	
10	1.9883949	1.9882825	1.9854303	0	
11	1.9874754	1.9873632	1.9845158	0	
12	1.9865577	1.9864456	1.983603	0	
13	1.9856416	1.9855297	1.982692	0	
14	1.9847272	1.9846155	1.9817826	0	
15	1.9838145	1.983703	1.9808748	0	
16	1.9829035	1.9827922	1.9799688	0	
17	1.9819942	1.9818831	1.9790644	0	
18	1.9810865	1.9809756	1.9781617	0	
19	1.9801805	1.9800698	1.9772606	0	
20	1.9792762	1.9791657	1.9763612	0	
21	1.9783736	1.9782632	1.9754635	0	
22	1.9774726	1.9773624	1.9745673	0	
23	1.9765732	1.9764632	1.9736728	0	
24	1.9756755	1.9755657	1.97278	0	
25	1.9747795	1.9746698	1.9718888	0	
26	1.973885	1.9737756	1.9709992	0	
27	1.9729923	1.972883	1.9701112	0	
28	1.9721011	1.971992	1.9692248	0	
29	1.9712116	1.9711027	1.9683401	0	
30	1.9703236	1.9702149	1.9674569	0	
31	1.9694373	1.9693288	1.9665754	0	
32	1.9685526	1.9684443	1.9656954	0	
33	1.9676696	1.9675614	1.9648171	0	
34	1.9667881	1.9666801	1.9639403	0	
35	1.9659082	1.9658004	1.9630651	0	
36	1.9650299	1.9649222	1.9621915	0	
37	1.9641532	1.9640457	1.9613194	0	
38	1.963278	1.9631707	1.960449	0	
39	1.9624045	1.9622974	1.9595801	0	
40	1.9615325	1.9614256	1.9587127	0	
41	1.9606621	1.9605553	1.9578469	0	
42	1.9597932	1.9596866	1.9569827	0	
43	1.9589259	1.9588195	1.95612	0	
44	1.9580602	1.957954	1.9552588	0	
45	1.9554738	1.9553681	1.9526861	0	
50	1.9511913	1.9510864	1.9484261	0	
55	1.9469467	1.9468426	1.9442038	0	
60	1.9427394	1.9426362	1.9400184	0	
65	1.938569	1.9384667	1.9358697	0	
70	1.934435	1.9343334	1.931757	0	
75	1.9303368	1.9302361	1.9276799	0	
80	1.926274	1.926174	1.9236379	0	
85	1.9222461	1.9221469	1.9196305	0	


precision, %
wave=450 nm
height, km	60	
0	0.013311618	
0.05	0.021679727	
0.1	0.023180907	
0.15	0.020697793	
0.2	0.017342161	
0.25	0.016980294	
0.3	0.017399282	
0.35	0.017482835	
0.4	0.017490639	
0.45	0.017499774	
0.5	0.017510211	
0.55	0.017514492	
0.6	0.017519796	
0.65	0.017520028	
0.7	0.017520131	
0.75	0.017520178	
0.8	0.017520201	
0.85	0.017520212	
0.9	0.017520217	
0.95	0.017520219	
1	0.017520221	
1.1	0.017520221	
1.2	0.01752022	
1.3	0.017520219	
1.4	0.017520218	
1.5	0.017520216	
1.6	0.017520215	
1.7	0.017520214	
1.8	0.017520213	
1.9	0.017520212	
2	0.01752021	
2.2	0.017520207	
2.4	0.017520205	
2.6	0.017520202	
2.8	0.0175202	
3	0.017520197	
3.2	0.017520196	
3.3	0.017520194	
3.4	0.017520193	
3.6	0.01752019	
3.8	0.017520188	
4	0.017520184	
4.4	0.017520181	
4.5	0.017520178	
4.8	0.017520175	
5	0.017520171	
5.5	0.017520165	
6	0.017520159	
6.47	0.017520147	
8	0.017520132	
9	0.01752012	
10	0.017520107	
11	0.017520095	
12	0.017520083	
13	0.017520071	
14	0.017520059	
15	0.017520048	
16	0.017520036	
17	0.017520024	
18	0.017520012	
19	0.01752	
20	0.017519988	
21	0.017519977	
22	0.017519965	
23	0.017519953	
24	0.017519941	
25	0.01751993	
26	0.017519918	
27	0.017519907	
28	0.017519895	
29	0.017519883	
30	0.017519872	
31	0.01751986	
32	0.017519849	
33	0.017519837	
34	0.017519826	
35	0.017519815	
36	0.017519803	
37	0.017519792	
38	0.017519781	
39	0.017519769	
40	0.017519758	
41	0.017519747	
42	0.017519736	
43	0.017519724	
44	0.017519713	
45	0.01751968	
50	0.017519625	
55	0.01751957	
60	0.017519516	
65	0.017519463	
70	0.01751941	
75	0.017519358	
80	0.017519307	
85	0.017519256	


-------------------------------------------------
tet=89.3  fi=90
	60	
450	0.017906185	

	60	
450	-23.400285	

	60	
450	0.98629237	



ord=1
	60	
450	28.783771	

	60	
450	-31.430483	

	60	
450	0.066772558	

enhancement factor
ord=0
wave=450 nm
zenith, km	60	
Stoks:	     1.1250788	    0.26327164	  -0.062075229	-0.00021289821	
enhancement factor
0	41.922212	42.189014	45.307205	134.19589	
0.05	11.172639	11.715333	15.897221	105.84796	
0.1	4.924255	5.4275477	9.1768408	72.382343	
0.15	3.5423801	4.0590735	7.248189	54.231089	
0.2	3.1179748	3.5743723	6.2508521	43.977598	
0.25	2.9667985	3.4454506	5.562052	36.637306	
0.3	2.8575966	3.3202692	5.2038783	36.88367	
0.35	2.8027384	3.2524005	4.9924473	31.707327	
0.4	2.7526747	3.2048427	4.7621675	27.827573	
0.45	2.7245683	3.1406935	4.8075368	23.938945	
0.5	2.6799922	3.068485	4.6502091	23.160324	
0.55	2.6744061	3.0697889	4.5902259	28.3475	
0.6	2.6358964	2.9966164	4.47536	24.96906	
0.65	2.5927368	2.89375	4.2036071	20.68433	
0.7	2.5768971	2.8696296	4.1642331	20.003272	
0.75	2.5847649	2.8682793	4.311293	15.887432	
0.8	2.5712981	2.7901666	4.0801434	19.138577	
0.85	2.5434048	2.8435506	4.0427687	17.479929	
0.9	2.5243705	2.813703	4.0579259	16.38155	
0.95	2.5006955	2.7619407	3.8948799	16.424614	
1	2.4911407	2.7583614	3.842201	11.205353	
1.1	2.4665654	2.7019508	3.7417944	15.690885	
1.2	2.4593971	2.6518874	3.6566471	15.003648	
1.3	2.4492859	2.6419148	3.545197	12.719557	
1.4	2.4167255	2.6162535	3.5418234	13.723653	
1.5	2.4032755	2.5785971	3.4825575	15.875223	
1.6	2.3976445	2.5446613	3.4422892	11.952306	
1.7	2.393326	2.5241435	3.3260698	11.943569	
1.8	2.3960265	2.5513354	3.3471451	7.9404903	
1.9	2.3882561	2.5017859	3.1969552	5.0712891	
2	2.3752075	2.5128785	3.3469588	7.5422424	
2.2	2.3667696	2.4935179	3.2470388	1.3889225	
2.4	2.3341577	2.4248755	3.1455637	8.2322679	
2.6	2.3329911	2.4235304	3.1618198	7.8599691	
2.8	2.3349825	2.3985268	3.0518125	8.6684618	
3	2.3467329	2.4014664	3.185294	2.8803903	
3.2	2.3338832	2.3885862	3.1131834	2.630094	
3.3	2.3209304	2.3600607	2.9750321	3.2363019	
3.4	2.3154013	2.3588616	2.8752608	5.9150408	
3.6	2.3150461	2.3819534	2.8625887	5.2373689	
3.8	2.3091823	2.3781465	2.8293925	3.8773232	
4	2.3262921	2.3769442	3.0099035	-0.065931032	
4.4	2.351076	2.4264714	2.9719529	-1.0020111	
4.5	2.3536581	2.4224328	3.1397088	-3.8407414	
4.8	2.3127733	2.3734355	3.0178437	-1.6547038	
5	2.311801	2.3930604	2.9663292	4.5358612	
5.5	2.3203957	2.4091589	3.0559224	-1.6950302	
6	2.3243033	2.3768781	2.9526988	0.34176475	
6.47	2.3055711	2.3797501	3.0201328	-2.1901125	
8	2.2502837	2.2983943	2.7248346	-1.985927	
9	2.1937859	2.2458033	2.4388123	1.8110801	
10	2.1942796	2.2673257	2.3209818	7.496827	
11	2.1609069	2.2021223	2.2631769	7.9923535	
12	2.1499033	2.2131133	2.2066002	6.4323851	
13	2.1212448	2.1644634	2.1736842	9.1925293	
14	2.0970897	2.1254733	2.0762194	7.0128831	
15	2.1097197	2.1371797	1.8908556	-2.9066557	
16	2.0809159	2.0919266	2.1611527	-1.8895554	
17	2.0658478	2.0420005	2.4089181	9.4774147	
18	2.0485315	2.02699	2.1729021	4.6080522	
19	2.0357227	2.0192002	2.1451171	3.7717741	
20	2.0371501	2.0586297	2.2180103	2.0265964	
21	2.0222063	2.0370762	2.2030569	2.5825607	
22	2.0111062	2.0183756	2.1390919	2.8185891	
23	2.00771	2.0056324	2.0940114	3.124168	
24	2.0019148	1.9979053	2.0896616	3.0650253	
25	1.9979559	1.9931006	2.0746228	2.2919361	
26	1.9955115	1.9909367	2.068557	2.1005262	
27	1.9904542	1.9917131	2.0572895	1.6439812	
28	1.9877571	1.9851868	2.0510307	1.7163432	
29	1.98331	1.9809769	2.0166769	2.4325269	
30	1.9790356	1.9771813	1.9895022	2.4253603	
31	1.9769815	1.9762114	1.9813607	2.1898993	
32	1.9754338	1.97557	1.9788173	2.0857448	
33	1.9743748	1.97444	1.9775651	2.0509878	
34	1.9731897	1.9736024	1.975242	2.0844327	
35	1.9715744	1.9728392	1.9761794	2.130805	
36	1.9701391	1.9705048	1.9760902	2.1664596	
37	1.969222	1.9696228	1.9753794	2.1614125	
38	1.9682634	1.9686214	1.9737974	2.1657297	
39	1.9672706	1.9676333	1.9724749	2.1652345	
40	1.9662754	1.9665527	1.9718881	2.1483143	
41	1.9647599	1.9643018	1.9712101	2.0552963	
42	1.9632121	1.9624063	1.971237	1.9843521	
43	1.9622546	1.9615818	1.9703488	1.9874293	
44	1.961269	1.9608634	1.9682532	2.0002554	
45	1.9586562	1.9582358	1.965551	1.9907259	
50	1.9543151	1.9539004	1.9610151	1.9776034	
55	1.9500456	1.9496333	1.9566932	1.9732165	
60	1.9458124	1.9454042	1.9524116	1.968798	
65	1.941614	1.9412125	1.9481706	1.9644096	
70	1.9374556	1.9370571	1.9439598	1.9600607	
75	1.9333333	1.9329379	1.939786	1.9557506	
80	1.9292467	1.9288543	1.9356485	1.9514787	
85	1.9251953	1.9248059	1.9315469	1.9472447	


precision, %
wave=450 nm
height, km	60	
0	1.0091714	
0.05	1.4075887	
0.1	1.463553	
0.15	1.3811649	
0.2	1.3147081	
0.25	1.3847592	
0.3	1.4061154	
0.35	1.4854185	
0.4	1.4806778	
0.45	1.3819287	
0.5	1.3344576	
0.55	1.4429542	
0.6	1.358433	
0.65	1.2320255	
0.7	1.2364638	
0.75	1.6098589	
0.8	1.6994864	
0.85	1.3647423	
0.9	1.2940413	
0.95	1.3275878	
1	1.2426298	
1.1	1.2790129	
1.2	1.2820022	
1.3	1.2691664	
1.4	1.2211592	
1.5	1.26412	
1.6	1.3164939	
1.7	1.3793839	
1.8	1.3928408	
1.9	1.3761316	
2	1.1882823	
2.2	1.4364188	
2.4	1.1978042	
2.6	1.2642917	
2.8	1.2719374	
3	1.2938528	
3.2	1.28836	
3.3	1.2316696	
3.4	1.2306222	
3.6	1.221743	
3.8	1.2310279	
4	1.2974513	
4.4	1.4332066	
4.5	1.501599	
4.8	1.3851177	
5	1.5184409	
5.5	1.564659	
6	1.5715275	
6.47	1.4792628	
8	1.3465766	
9	1.2693475	
10	1.4449228	
11	1.2464631	
12	1.3771392	
13	1.2691181	
14	1.1948386	
15	1.7259263	
16	1.384783	
17	1.2592693	
18	1.204512	
19	1.1294636	
20	1.2409527	
21	1.0945513	
22	1.0591607	
23	1.0868579	
24	1.0811659	
25	1.0767024	
26	1.0689957	
27	1.0332469	
28	1.0193703	
29	1.0025392	
30	0.99241378	
31	0.98930284	
32	0.98843559	
33	0.98827676	
34	0.98853266	
35	0.98852501	
36	0.98804166	
37	0.98786972	
38	0.98769862	
39	0.98740435	
40	0.98747939	
41	0.98681316	
42	0.98625694	
43	0.98620158	
44	0.98579729	
45	0.98580781	
50	0.98589547	
55	0.98590593	
60	0.98591164	
65	0.98591587	
70	0.98591787	
75	0.98591985	
80	0.98592181	
85	0.98592375	


ord=1
wave=450 nm
zenith, km	60	
Stoks:	    0.32384011	    0.10178451	    0.17636548	             0	
enhancement factor
0	40.273131	40.199002	40.213208	0	
0.05	9.4840882	9.5522887	9.5668428	0	
0.1	3.6018596	3.6314294	3.6311416	0	
0.15	2.3820291	2.3931901	2.3931695	0	
0.2	2.1013538	2.1044626	2.1048114	0	
0.25	2.0292003	2.0300696	2.0304274	0	
0.3	2.0090058	2.0093162	2.0094009	0	
0.35	2.0027776	2.00296	2.0030061	0	
0.4	2.0007468	2.0008045	2.0008386	0	
0.45	2.0000053	2.000033	2.0000399	0	
0.5	1.9997068	1.9997202	1.9997154	0	
0.55	1.9995614	1.9995672	1.9995641	0	
0.6	1.999471	1.9994774	1.9994769	0	
0.65	1.9994071	1.9994115	1.999411	0	
0.7	1.9993525	1.999356	1.9993555	0	
0.75	1.999302	1.999305	1.9993045	0	
0.8	1.9992532	1.9992561	1.9992555	0	
0.85	1.9992054	1.9992081	1.9992076	0	
0.9	1.9991579	1.9991606	1.9991601	0	
0.95	1.9991107	1.9991133	1.9991128	0	
1	1.99904	1.9990426	1.9990421	0	
1.1	1.998946	1.9989485	1.998948	0	
1.2	1.998852	1.9988545	1.998854	0	
1.3	1.998758	1.9987606	1.9987601	0	
1.4	1.9986641	1.9986666	1.9986661	0	
1.5	1.9985701	1.9985727	1.9985722	0	
1.6	1.9984762	1.9984788	1.9984783	0	
1.7	1.9983824	1.9983849	1.9983844	0	
1.8	1.9982885	1.9982911	1.9982906	0	
1.9	1.9981946	1.9981972	1.9981967	0	
2	1.9980539	1.9980565	1.998056	0	
2.2	1.9978663	1.9978689	1.9978684	0	
2.4	1.9976788	1.9976814	1.9976809	0	
2.6	1.9974914	1.9974939	1.9974934	0	
2.8	1.997304	1.9973066	1.9973061	0	
3	1.9971167	1.9971193	1.9971187	0	
3.2	1.9969763	1.9969788	1.9969783	0	
3.3	1.9968827	1.9968852	1.9968847	0	
3.4	1.9967423	1.9967449	1.9967443	0	
3.6	1.9965552	1.9965578	1.9965573	0	
3.8	1.9963682	1.9963707	1.9963702	0	
4	1.9960878	1.9960903	1.9960898	0	
4.4	1.9958542	1.9958568	1.9958563	0	
4.5	1.9956675	1.99567	1.9956695	0	
4.8	1.9954341	1.9954367	1.9954362	0	
5	1.9951076	1.9951102	1.9951097	0	
5.5	1.9946416	1.9946441	1.9946436	0	
6	1.9941899	1.9941924	1.9941919	0	
6.47	1.99326	1.9932626	1.9932621	0	
8	1.992086	1.9920885	1.992088	0	
9	1.9911599	1.9911625	1.991162	0	
10	1.9902356	1.9902381	1.9902376	0	
11	1.989313	1.9893155	1.989315	0	
12	1.9883921	1.9883946	1.9883941	0	
13	1.9874729	1.9874754	1.9874749	0	
14	1.9865554	1.9865579	1.9865574	0	
15	1.9856396	1.9856421	1.9856416	0	
16	1.9847255	1.984728	1.9847275	0	
17	1.9838131	1.9838156	1.9838151	0	
18	1.9829024	1.9829049	1.9829044	0	
19	1.9819934	1.9819959	1.9819954	0	
20	1.981086	1.9810885	1.981088	0	
21	1.9801803	1.9801828	1.9801823	0	
22	1.9792763	1.9792787	1.9792783	0	
23	1.9783739	1.9783764	1.9783759	0	
24	1.9774732	1.9774757	1.9774752	0	
25	1.9765741	1.9765766	1.9765761	0	
26	1.9756767	1.9756792	1.9756787	0	
27	1.9747809	1.9747834	1.9747829	0	
28	1.9738868	1.9738892	1.9738887	0	
29	1.9729943	1.9729967	1.9729962	0	
30	1.9721034	1.9721058	1.9721054	0	
31	1.9712141	1.9712166	1.9712161	0	
32	1.9703265	1.9703289	1.9703284	0	
33	1.9694405	1.9694429	1.9694424	0	
34	1.968556	1.9685585	1.968558	0	
35	1.9676732	1.9676756	1.9676752	0	
36	1.966792	1.9667944	1.9667939	0	
37	1.9659124	1.9659148	1.9659143	0	
38	1.9650343	1.9650368	1.9650363	0	
39	1.9641579	1.9641603	1.9641598	0	
40	1.963283	1.9632854	1.963285	0	
41	1.9624097	1.9624121	1.9624117	0	
42	1.961538	1.9615404	1.9615399	0	
43	1.9606679	1.9606703	1.9606698	0	
44	1.9597993	1.9598017	1.9598012	0	
45	1.9572044	1.9572068	1.9572063	0	
50	1.9529078	1.9529102	1.9529097	0	
55	1.9486494	1.9486517	1.9486513	0	
60	1.9444285	1.9444308	1.9444303	0	
65	1.9402446	1.9402469	1.9402465	0	
70	1.9360973	1.9360996	1.9360991	0	
75	1.931986	1.9319883	1.9319878	0	
80	1.9279103	1.9279125	1.9279121	0	
85	1.9238696	1.9238718	1.9238714	0	


precision, %
wave=450 nm
height, km	60	
0	0.068777113	
0.05	0.11868194	
0.1	0.11343948	
0.15	0.085091835	
0.2	0.067691734	
0.25	0.065229574	
0.3	0.066484687	
0.35	0.066684097	
0.4	0.066680314	
0.45	0.06670294	
0.5	0.066737465	
0.55	0.066751688	
0.6	0.066770755	
0.65	0.066771318	
0.7	0.06677157	
0.75	0.066771687	
0.8	0.066771744	
0.85	0.066771772	
0.9	0.066771787	
0.95	0.066771795	
1	0.0667718	
1.1	0.066771803	
1.2	0.066771804	
1.3	0.066771805	
1.4	0.066771805	
1.5	0.066771805	
1.6	0.066771805	
1.7	0.066771806	
1.8	0.066771806	
1.9	0.066771806	
2	0.066771806	
2.2	0.066771806	
2.4	0.066771806	
2.6	0.066771807	
2.8	0.066771807	
3	0.066771807	
3.2	0.066771807	
3.3	0.066771807	
3.4	0.066771807	
3.6	0.066771807	
3.8	0.066771808	
4	0.066771808	
4.4	0.066771808	
4.5	0.066771808	
4.8	0.066771809	
5	0.066771809	
5.5	0.066771809	
6	0.06677181	
6.47	0.066771811	
8	0.066771812	
9	0.066771813	
10	0.066771814	
11	0.066771815	
12	0.066771816	
13	0.066771817	
14	0.066771817	
15	0.066771818	
16	0.066771819	
17	0.06677182	
18	0.066771821	
19	0.066771822	
20	0.066771823	
21	0.066771824	
22	0.066771825	
23	0.066771826	
24	0.066771827	
25	0.066771827	
26	0.066771828	
27	0.066771829	
28	0.06677183	
29	0.066771831	
30	0.066771832	
31	0.066771833	
32	0.066771834	
33	0.066771834	
34	0.066771835	
35	0.066771836	
36	0.066771837	
37	0.066771838	
38	0.066771839	
39	0.06677184	
40	0.066771841	
41	0.066771841	
42	0.066771842	
43	0.066771843	
44	0.066771844	
45	0.066771847	
50	0.066771851	
55	0.066771855	
60	0.066771859	
65	0.066771863	
70	0.066771867	
75	0.066771871	
80	0.066771875	
85	0.066771879	


-------------------------------------------------
tet=89.3  fi=180
	60	
450	0.018436585	

	60	
450	7.5698293	

	60	
450	0.92899961	



ord=1
	60	
450	30.492567	

	60	
450	6.2218138	

	60	
450	0.06115814	

enhancement factor
ord=0
wave=450 nm
zenith, km	60	
Stoks:	     1.1584048	  -0.087689269	 0.00033863579	 0.00019423986	
enhancement factor
0	41.796282	37.418803	168.47257	30.829714	
0.05	11.095118	6.7520453	47.508783	-11.056153	
0.1	4.8173071	0.74977108	-58.996628	-12.576267	
0.15	3.4566531	-0.39230059	-39.688564	-6.1080273	
0.2	3.0185556	-0.21508996	-13.201847	-2.3567217	
0.25	2.8966493	-0.41974737	50.785145	-0.45848719	
0.3	2.8081662	-0.41296776	62.176113	-1.8648123	
0.35	2.7397598	-0.26222289	42.731245	-0.89022019	
0.4	2.6817618	-0.089937446	34.890387	0.33926442	
0.45	2.6551415	0.054318777	3.5618624	2.6121448	
0.5	2.6005465	0.11029892	5.4701295	3.2745521	
0.55	2.5868395	0.13098463	-7.9938767	2.6857383	
0.6	2.5594329	0.21647832	-9.9282357	2.5313303	
0.65	2.5313684	0.30111177	-14.664593	5.3379499	
0.7	2.5197991	0.33149312	-24.66206	3.7679433	
0.75	2.5155258	0.33496108	-38.279865	4.0525509	
0.8	2.5174585	0.27867045	-20.57341	7.9312771	
0.85	2.5011663	0.24798823	-5.7493899	6.3763686	
0.9	2.4955913	0.40426786	6.8413625	1.7085536	
0.95	2.4889571	0.43629695	23.156905	2.4546586	
1	2.4913349	0.37702642	12.968073	11.340562	
1.1	2.4809179	0.42952412	-5.1744237	10.043484	
1.2	2.4715207	0.62012622	13.689282	5.9629765	
1.3	2.4497028	0.70415778	-2.2624561	5.978992	
1.4	2.4208137	0.72042891	4.9619147	9.242716	
1.5	2.4116801	0.81670901	14.328102	11.316321	
1.6	2.397287	0.96468291	-9.2842262	1.8397484	
1.7	2.3784805	0.95681895	-3.9113884	0.20207873	
1.8	2.3686647	0.92215673	-24.649629	1.8336863	
1.9	2.3606733	1.0298376	-5.5719019	3.3810347	
2	2.3739826	0.92392753	-19.364936	2.6367524	
2.2	2.343732	1.0052354	-2.3159546	4.9705129	
2.4	2.3214786	1.1279816	-22.853671	5.1142324	
2.6	2.3166249	1.1872614	-19.158952	3.7499223	
2.8	2.3162178	1.1967492	-4.4934699	3.5757689	
3	2.3353921	1.2528146	20.229327	5.5896911	
3.2	2.3306271	1.3111006	1.8807176	6.0793069	
3.3	2.3274773	1.4036432	12.574465	7.8963121	
3.4	2.31711	1.4755356	27.590718	5.784126	
3.6	2.3143642	1.3225906	43.085958	3.5521628	
3.8	2.3170828	1.3967417	50.611023	8.383069	
4	2.3374753	1.5018589	30.256941	7.0196624	
4.4	2.3541625	1.3415767	14.618665	7.4823881	
4.5	2.3578189	1.3386249	-33.071492	9.5511452	
4.8	2.3090187	1.3202489	-41.595147	12.044505	
5	2.2972435	1.3069297	-25.467935	7.7095349	
5.5	2.2882109	1.2641656	-49.228217	6.7616122	
6	2.3112746	1.5289543	-7.2486465	2.7346459	
6.47	2.3045828	1.1970943	-56.246071	4.5064999	
8	2.264197	1.5102669	12.507348	2.9262146	
9	2.1990653	1.5745544	45.61278	-1.3798457	
10	2.2137469	1.5425244	91.846826	-3.3771083	
11	2.1681546	1.6633594	31.425167	-9.079689	
12	2.1441853	1.6572777	33.96781	-4.8026731	
13	2.1181914	1.7274582	26.812303	-7.955688	
14	2.0925117	1.8049024	20.528295	-4.0155603	
15	2.0877341	1.7039681	16.571159	-1.7526986	
16	2.0899475	1.890562	20.097167	0.51672252	
17	2.0692068	1.9164597	-58.137155	-8.3374674	
18	2.0468373	1.9134282	-35.868264	0.052968361	
19	2.0353746	1.920037	-21.34011	1.3746146	
20	2.0432108	1.7820469	-26.549062	4.037108	
21	2.02548	1.8472056	-22.626227	3.2926759	
22	2.0122694	1.9071514	-14.31448	2.7802356	
23	2.0064168	1.9367458	-9.2305424	2.3483553	
24	2.0013004	1.9483644	-11.135166	2.0925307	
25	1.997107	1.9586021	-11.308515	2.4039349	
26	1.9944102	1.9598216	-11.945447	2.4604309	
27	1.9913468	1.9501789	-8.5845086	2.9626961	
28	1.9887822	1.9594655	-7.4818327	3.1035271	
29	1.9847814	1.9664611	-1.4547462	2.4455928	
30	1.9811453	1.970806	4.8133174	1.9404174	
31	1.9795268	1.9701169	5.6309528	1.9442951	
32	1.9782208	1.971669	5.3321305	1.9815748	
33	1.9770486	1.970673	5.255268	2.0150243	
34	1.9755173	1.9665567	4.7927744	2.0383956	
35	1.9737934	1.965579	4.1860029	2.0439522	
36	1.972224	1.9712816	4.1985562	2.0046375	
37	1.9713366	1.9707382	4.1980412	2.0108116	
38	1.9703711	1.9696119	4.2093574	2.0120105	
39	1.9694092	1.9685238	4.1995583	2.0140091	
40	1.9684153	1.9680757	4.0284565	2.024865	
41	1.9669953	1.9699074	3.0857292	2.036521	
42	1.9656089	1.9720908	2.0830977	1.9950064	
43	1.9646454	1.9713071	2.027851	1.98465	
44	1.9636511	1.9693715	2.1753753	1.9743314	
45	1.9610322	1.966748	2.1402721	1.9683026	
50	1.9566722	1.9624605	2.0351711	1.9492509	
55	1.9523838	1.9581259	2.0293688	1.9448518	
60	1.9481327	1.9538285	2.023724	1.9406386	
65	1.943916	1.9495687	2.0177441	1.9364825	
70	1.939739	1.9453472	2.0129739	1.9323626	
75	1.9355985	1.9411626	2.0082483	1.9282785	
80	1.9314939	1.9370146	2.0035664	1.9242296	
85	1.9274247	1.9329026	1.9989276	1.9202154	


precision, %
wave=450 nm
height, km	60	
0	0.95727974	
0.05	1.4270247	
0.1	1.3794102	
0.15	1.3805536	
0.2	1.2385566	
0.25	1.4237134	
0.3	1.6446097	
0.35	1.4855533	
0.4	1.408492	
0.45	1.3132412	
0.5	1.2997714	
0.55	1.3395985	
0.6	1.3136803	
0.65	1.187348	
0.7	1.2257611	
0.75	1.3761071	
0.8	1.4223041	
0.85	1.3120356	
0.9	1.3149953	
0.95	1.5119034	
1	1.4637638	
1.1	1.4373611	
1.2	1.3784583	
1.3	1.371184	
1.4	1.3124292	
1.5	1.3705559	
1.6	1.3808075	
1.7	1.3639622	
1.8	1.261263	
1.9	1.2612584	
2	1.2631899	
2.2	1.231829	
2.4	1.2297054	
2.6	1.2300846	
2.8	1.2316289	
3	1.2823067	
3.2	1.3185104	
3.3	1.3044583	
3.4	1.3171094	
3.6	1.2938249	
3.8	1.3218782	
4	1.3791551	
4.4	1.460516	
4.5	1.5647188	
4.8	1.4338558	
5	1.4377634	
5.5	1.4452972	
6	1.8156645	
6.47	1.5480512	
8	1.4002202	
9	1.2030062	
10	1.9038828	
11	1.253642	
12	1.2633162	
13	1.2162611	
14	1.1226697	
15	1.2556943	
16	1.5826079	
17	1.2842545	
18	1.0926686	
19	1.042763	
20	1.3360746	
21	1.0670037	
22	0.99398181	
23	0.98198907	
24	0.97573862	
25	0.97377958	
26	0.97255559	
27	0.96632847	
28	0.96301275	
29	0.94981643	
30	0.93808425	
31	0.93705699	
32	0.93595194	
33	0.93531139	
34	0.93385317	
35	0.93286921	
36	0.93068395	
37	0.93062975	
38	0.93056746	
39	0.93056246	
40	0.93055592	
41	0.92922595	
42	0.92822481	
43	0.92834075	
44	0.92859292	
45	0.92854298	
50	0.92841991	
55	0.92841537	
60	0.92841997	
65	0.92843236	
70	0.92843539	
75	0.92843839	
80	0.92844136	
85	0.9284443	


ord=1
wave=450 nm
zenith, km	60	
Stoks:	    0.35322737	  -0.021977149	 0.00033526002	             0	
enhancement factor
0	40.337431	40.047219	94.540912	0	
0.05	9.6716885	9.3730623	92.919166	0	
0.1	3.8024051	3.3409019	90.775074	0	
0.15	2.4942454	2.2324076	50.592978	0	
0.2	2.1025216	2.1108879	1.8897945	0	
0.25	2.030549	2.0345323	1.976678	0	
0.3	2.0103705	2.0116557	1.9904581	0	
0.35	2.0041409	2.0045145	2.0250885	0	
0.4	2.0021019	2.0023042	2.0159283	0	
0.45	2.0013564	2.0014367	2.007397	0	
0.5	2.0010552	2.0010696	2.0048079	0	
0.55	2.0009085	2.0009054	2.005969	0	
0.6	2.0008177	2.000806	2.0078089	0	
0.65	2.0007533	2.0007383	2.0077611	0	
0.7	2.0006984	2.0006818	2.0077133	0	
0.75	2.0006477	2.0006303	2.0076656	0	
0.8	2.0005988	2.000581	2.0076178	0	
0.85	2.0005508	2.0005328	2.0075701	0	
0.9	2.0005032	2.0004851	2.0075224	0	
0.95	2.0004559	2.0004377	2.0074746	0	
1	2.000385	2.0003668	2.0074031	0	
1.1	2.0002907	2.0002725	2.0073076	0	
1.2	2.0001965	2.0001782	2.0072122	0	
1.3	2.0001023	2.000084	2.0071168	0	
1.4	2.0000081	1.9999899	2.0070214	0	
1.5	1.999914	1.9998957	2.0069261	0	
1.6	1.9998198	1.9998016	2.0068307	0	
1.7	1.9997257	1.9997075	2.0067354	0	
1.8	1.9996316	1.9996134	2.0066401	0	
1.9	1.9995375	1.9995193	2.0065448	0	
2	1.9993965	1.9993782	2.0064019	0	
2.2	1.9992084	1.9991902	2.0062114	0	
2.4	1.9990204	1.9990022	2.006021	0	
2.6	1.9988325	1.9988143	2.0058307	0	
2.8	1.9986447	1.9986265	2.0056404	0	
3	1.9984569	1.9984387	2.0054503	0	
3.2	1.9983161	1.998298	2.0053077	0	
3.3	1.9982223	1.9982041	2.0052126	0	
3.4	1.9980816	1.9980634	2.0050701	0	
3.6	1.997894	1.9978759	2.0048801	0	
3.8	1.9977066	1.9976884	2.0046903	0	
4	1.9974255	1.9974073	2.0044056	0	
4.4	1.9971913	1.9971732	2.0041684	0	
4.5	1.9970041	1.996986	2.0039788	0	
4.8	1.9967702	1.9967521	2.0037419	0	
5	1.9964429	1.9964248	2.0034104	0	
5.5	1.9959757	1.9959576	2.0029371	0	
6	1.9955229	1.9955048	2.0024785	0	
6.47	1.9945908	1.9945727	2.0015345	0	
8	1.9934139	1.9933959	2.0003425	0	
9	1.9924855	1.9924676	1.9994023	0	
10	1.9915589	1.991541	1.9984638	0	
11	1.9906341	1.9906161	1.9975271	0	
12	1.9897109	1.989693	1.9965922	0	
13	1.9887895	1.9887716	1.995659	0	
14	1.9878697	1.9878519	1.9947276	0	
15	1.9869517	1.9869339	1.9937979	0	
16	1.9860354	1.9860176	1.9928699	0	
17	1.9851208	1.985103	1.9919437	0	
18	1.9842078	1.9841901	1.9910192	0	
19	1.9832966	1.9832789	1.9900964	0	
20	1.982387	1.9823694	1.9891753	0	
21	1.9814791	1.9814615	1.988256	0	
22	1.9805729	1.9805553	1.9873383	0	
23	1.9796684	1.9796508	1.9864223	0	
24	1.9787655	1.978748	1.9855081	0	
25	1.9778643	1.9778468	1.9845955	0	
26	1.9769647	1.9769472	1.9836846	0	
27	1.9760667	1.9760493	1.9827754	0	
28	1.9751705	1.975153	1.9818678	0	
29	1.9742758	1.9742584	1.980962	0	
30	1.9733828	1.9733654	1.9800578	0	
31	1.9724914	1.9724741	1.9791552	0	
32	1.9716016	1.9715843	1.9782543	0	
33	1.9707135	1.9706962	1.9773551	0	
34	1.9698269	1.9698097	1.9764575	0	
35	1.968942	1.9689248	1.9755615	0	
36	1.9680587	1.9680415	1.9746672	0	
37	1.967177	1.9671598	1.9737745	0	
38	1.9662968	1.9662797	1.9728835	0	
39	1.9654183	1.9654012	1.971994	0	
40	1.9645414	1.9645243	1.9711062	0	
41	1.963666	1.963649	1.97022	0	
42	1.9627922	1.9627752	1.9693354	0	
43	1.96192	1.961903	1.9684524	0	
44	1.9610494	1.9610324	1.967571	0	
45	1.9584483	1.9584315	1.9649379	0	
50	1.9541417	1.9541249	1.9605783	0	
55	1.9498732	1.9498566	1.9562577	0	
60	1.9456425	1.945626	1.9519755	0	
65	1.9414489	1.9414326	1.9477312	0	
70	1.9372921	1.9372759	1.9435242	0	
75	1.9331713	1.9331553	1.9393541	0	
80	1.9290863	1.9290703	1.9352203	0	
85	1.9250364	1.9250206	1.9311223	0	


precision, %
wave=450 nm
height, km	60	
0	0.062764051	
0.05	0.10606542	
0.1	0.097726476	
0.15	0.073999391	
0.2	0.061877571	
0.25	0.059718554	
0.3	0.060870468	
0.35	0.061056312	
0.4	0.061055185	
0.45	0.06107612	
0.5	0.061107262	
0.55	0.061120056	
0.6	0.061137082	
0.65	0.061137609	
0.7	0.061137847	
0.75	0.061137958	
0.8	0.061138013	
0.85	0.061138041	
0.9	0.061138056	
0.95	0.061138064	
1	0.061138071	
1.1	0.061138077	
1.2	0.06113808	
1.3	0.061138083	
1.4	0.061138086	
1.5	0.061138088	
1.6	0.061138091	
1.7	0.061138093	
1.8	0.061138096	
1.9	0.061138098	
2	0.061138102	
2.2	0.061138107	
2.4	0.061138112	
2.6	0.061138117	
2.8	0.061138122	
3	0.061138127	
3.2	0.061138131	
3.3	0.061138134	
3.4	0.061138137	
3.6	0.061138142	
3.8	0.061138147	
4	0.061138155	
4.4	0.061138161	
4.5	0.061138166	
4.8	0.061138172	
5	0.061138181	
5.5	0.061138194	
6	0.061138206	
6.47	0.061138231	
8	0.061138262	
9	0.061138287	
10	0.061138311	
11	0.061138336	
12	0.061138361	
13	0.061138385	
14	0.06113841	
15	0.061138434	
16	0.061138458	
17	0.061138483	
18	0.061138507	
19	0.061138531	
20	0.061138555	
21	0.061138579	
22	0.061138603	
23	0.061138627	
24	0.061138651	
25	0.061138675	
26	0.061138699	
27	0.061138722	
28	0.061138746	
29	0.06113877	
30	0.061138793	
31	0.061138817	
32	0.06113884	
33	0.061138864	
34	0.061138887	
35	0.06113891	
36	0.061138934	
37	0.061138957	
38	0.06113898	
39	0.061139003	
40	0.061139026	
41	0.061139049	
42	0.061139072	
43	0.061139095	
44	0.061139118	
45	0.061139186	
50	0.061139299	
55	0.06113941	
60	0.06113952	
65	0.061139629	
70	0.061139737	
75	0.061139844	
80	0.061139949	
85	0.061140054	


