RT Model MCC++	 O.Postylyakov	ver.72
MixedSimC<atmos::StoksC,MCSimC<atmos::StoksC,MCWMethodC<atmos::StoksC,SphericalGeomT>>,SSSimC<atmos::StoksC,MCSimC<atmos::StoksC,MSSMethodC<atmos::StoksC,SphericalGeomT,1000>>>>	ps::cLCG2C	Density: double	AMFs: Yes	ORDERS_ACCOUNT: ATM_COLLGS_ORDERS
photons passed	base/max expendeture	EPS-breakes	MaxCollgs-Breaks	MinPhWgt-Breaks	average colligions
20000	0.0104114/0.0152368	0	0	0	2.7997	
SpecialSamplingCollgs	ForceCollgSimul	EPS	ssEPS	MaxCollgs	MinPhWgt	BaseMod	
1	0	0.001	1e-12	500	1e-300	0	
Albedo	time	IY
0.05	0.0314833	{ 298174702 1883908040 ; 40014 40692 2147483563 2147483399 }	
 -6370.99	 -6370.99	 -5791.81	 -5212.63	 -4633.45	 -4054.27	 -3475.09	  -2895.9	 -2316.72	 -1737.54	 -1158.36	 -579.181	-9.09495e-13	  12.8571	  25.7143	  38.5714	  51.4286	  64.2857	  77.1429	       90	
        0	        0	0.0080361	 0.024108	 0.040179	 0.056251	 0.072322	 0.088394	  0.10447	  0.12054	  0.13661	  0.15268	  0.16875	0.0039284	0.0039364	0.0039443	0.0039522	0.0039601	 0.003968	 0.003976	
        0	        0	        0	        0	        0	        0	        0	        0	        0	        0	        0	        0	        0	        0	        0	        0	        0	        0	        0	        0	
        0	        0	        0	        0	        0	        0	        0	        0	        0	        0	        0	        0	        0	        0	        0	        0	        0	        0	        0	        0	

-------------------------------------------------
tet=50  fi=0
	60	
450	0.11724	

	60	
450	-1.1676	

	60	
450	0.23585	



ord=1
	60	
450	77.052	

	60	
450	-0.058289	

	60	
450	0.0020939	

enhancement factor
ord=0
wave=450 nm
zenith, km	60	
Stoks:	     7.3664697	   0.086007778	   0.010769316	 5.5191531e-05	
enhancement factor
0	1.5577083	1.676555	1.5106272	1.5656854	
0.05	1.6229072	2.0088482	3.0910059	-18.933744	
0.1	1.6432574	2.4285776	1.3355373	-0.93354322	
0.15	1.6611629	2.3093759	1.1242633	-10.602635	
0.2	1.6817029	2.5678977	0.34522883	-22.060442	
0.25	1.7016855	2.7480819	0.69519629	-4.7652638	
0.3	1.7154765	2.8683742	1.4004226	47.900734	
0.35	1.7242613	2.6274057	3.4982442	9.6111759	
0.4	1.7362805	2.6315376	3.5625856	11.210401	
0.45	1.7522462	2.7275823	2.2031428	0.74317879	
0.5	1.7688089	2.8273317	2.7316713	-13.098495	
0.55	1.7838394	3.0487537	2.5352903	-25.033965	
0.6	1.7917537	3.148069	2.7101446	-22.627084	
0.65	1.8069333	3.2877121	2.2055669	-10.502996	
0.7	1.8135635	3.420156	2.1529804	-0.6299199	
0.75	1.8278574	3.3115398	2.0168176	0.9597035	
0.8	1.8453513	3.2793437	4.2277751	10.234435	
0.85	1.8465903	3.3297511	0.85777037	5.1313298	
0.9	1.8568005	3.2356074	0.98440137	-11.40593	
0.95	1.8614175	3.2952408	1.531811	-13.606976	
1	1.876071	3.6385475	2.871048	-5.9495527	
1.1	1.8895833	3.5079667	0.51810633	-8.9497573	
1.2	1.9132697	3.7869098	-0.42926215	-8.9747458	
1.3	1.9356678	4.0667445	0.82085512	-19.844611	
1.4	1.9461437	3.9674829	0.72562393	-17.684342	
1.5	1.9502037	3.8880214	1.6141492	-19.42838	
1.6	1.9585388	3.9625075	1.4414111	-14.209919	
1.7	1.9741941	4.0111504	0.9876913	-0.4820248	
1.8	1.9810889	3.826605	1.4356763	-11.006804	
1.9	2.0027932	3.6786241	1.9124013	-17.363687	
2	2.0068401	3.8547149	1.6696418	-1.2899317	
2.2	2.0214223	4.2212467	3.5117578	-2.5636305	
2.4	2.0290459	4.3907788	3.7121903	-5.1292571	
2.6	2.0397962	4.7231735	0.23360782	-9.5928567	
2.8	2.0540245	4.505245	2.2477584	-25.914399	
3	2.0592783	4.5275327	2.9057409	-20.229905	
3.2	2.0680203	4.6379126	2.0735009	-26.620464	
3.3	2.0719459	4.5346666	2.2633652	1.0793855	
3.4	2.0682536	4.5033189	2.4791339	6.926512	
3.6	2.0799676	4.7875131	4.0436233	9.9471932	
3.8	2.0950011	5.1039583	1.9451277	-0.43695209	
4	2.0978998	5.0654755	3.2062141	5.4979274	
4.4	2.1088665	5.2949083	0.58807067	14.39929	
4.5	2.1055749	4.9572569	1.5324785	30.243642	
4.8	2.1095095	4.9976279	1.2129578	16.905962	
5	2.1096904	4.8989523	4.7953913	-5.5687659	
5.5	2.1106435	5.3547466	5.6640851	5.0612465	
6	2.1070208	5.5123499	3.7602001	3.7864519	
6.47	2.1151557	5.3225917	2.1239924	2.3184274	
8	2.1067265	4.769279	-1.0153599	11.663597	
9	2.0906551	4.5330604	1.9919247	-5.0031927	
10	2.1062053	4.4249626	8.1922509	-5.3769829	
11	2.071321	3.6803743	-0.24104778	-6.0767194	
12	2.0581925	3.6069989	-2.4450394	-5.4102948	
13	2.0597915	3.7097733	-2.8195405	4.8886899	
14	2.0384307	3.4040377	-0.51600085	-10.745341	
15	2.0453472	4.0365689	-4.1441981	-10.256965	
16	2.0269758	3.3249204	-0.59619826	-8.1201465	
17	2.0190393	3.3358762	1.7376652	18.875913	
18	2.0126968	3.1506914	0.39326692	-25.63555	
19	2.0113294	2.8754119	0.21402894	-23.361092	
20	2.0032751	2.6145953	0.53652776	-9.4137644	
21	1.9968129	2.498989	1.026592	-4.0178923	
22	1.9923302	2.2917723	1.5436015	1.6889051	
23	1.9892228	2.2631473	1.571137	3.0520227	
24	1.9859853	2.2174341	1.5100438	3.1173592	
25	1.9838016	2.1644447	1.7109787	3.195315	
26	1.9813049	2.1287062	1.8860406	3.7547558	
27	1.9792435	2.0876511	1.8990151	3.357622	
28	1.9777484	2.0450813	2.0448542	1.1090995	
29	1.9765365	2.0303013	2.0063234	0.91310431	
30	1.9755582	2.0296283	2.0113614	0.86841464	
31	1.9744112	2.0337127	2.0482331	1.1949798	
32	1.973172	2.0339206	2.0910767	1.7508649	
33	1.9719921	2.0272682	2.1208528	1.9917855	
34	1.9708131	2.0027585	2.1373902	1.9585375	
35	1.9698376	1.9965977	2.1778481	2.0910935	
36	1.9688479	1.9891489	2.1774974	2.0306051	
37	1.9676493	1.9844115	2.1823945	2.5372711	
38	1.9665539	1.9905638	2.1288233	2.6195616	
39	1.9656696	1.988896	2.1238289	2.4709936	
40	1.9647773	1.9833642	2.1220089	2.2534775	
41	1.9638237	1.978597	2.1136357	2.1646614	
42	1.9629764	1.9773856	2.1129356	2.1685199	
43	1.9621219	1.9756899	2.1138684	2.1608922	
44	1.96112	1.9755308	2.1154276	1.9720879	
45	1.9584953	1.9690766	2.1342772	2.0549352	
50	1.9540121	1.9576045	2.1194194	2.1740666	
55	1.9496202	1.9500533	2.0431762	2.3119622	
60	1.9452788	1.9458757	1.9631045	2.0534879	
65	1.9410501	1.9416852	1.9352449	1.9998502	
70	1.9368859	1.9374799	1.9330703	1.9885024	
75	1.9327193	1.9331796	1.9367893	1.9567929	
80	1.9286381	1.9290932	1.9326733	1.9525365	
85	1.9245918	1.9250424	1.9285929	1.9483174	


precision, %
wave=450 nm
height, km	60	
0	0.25503675	
0.05	0.37008605	
0.1	0.36359078	
0.15	0.33690617	
0.2	0.3634941	
0.25	0.37245053	
0.3	0.41835719	
0.35	0.33349937	
0.4	0.31746231	
0.45	0.34557648	
0.5	0.39573994	
0.55	0.39065385	
0.6	0.39089671	
0.65	0.39789306	
0.7	0.39440484	
0.75	0.42043027	
0.8	0.47575606	
0.85	0.39487109	
0.9	0.40553909	
0.95	0.39811557	
1	0.43658021	
1.1	0.36990968	
1.2	0.41830075	
1.3	0.43377003	
1.4	0.41843859	
1.5	0.37693124	
1.6	0.37270288	
1.7	0.43971821	
1.8	0.3915317	
1.9	0.55896976	
2	0.38928883	
2.2	0.39129635	
2.4	0.41084719	
2.6	0.43139545	
2.8	0.43833109	
3	0.43736156	
3.2	0.42959955	
3.3	0.44351018	
3.4	0.40487678	
3.6	0.41629418	
3.8	0.4879381	
4	0.42830313	
4.4	0.49137435	
4.5	0.45657668	
4.8	0.59611949	
5	0.46407863	
5.5	0.49441875	
6	0.48767883	
6.47	0.49915856	
8	0.56805471	
9	0.44372996	
10	0.81013371	
11	0.49576234	
12	0.45028293	
13	0.52319264	
14	0.42679486	
15	0.61048213	
16	0.40886162	
17	0.40864841	
18	0.37444101	
19	0.4083629	
20	0.33165014	
21	0.28470723	
22	0.26929055	
23	0.26238531	
24	0.25251552	
25	0.24905464	
26	0.24465692	
27	0.24281295	
28	0.24130685	
29	0.23982688	
30	0.23903618	
31	0.23841216	
32	0.23903393	
33	0.23875255	
34	0.23681779	
35	0.23697206	
36	0.23674373	
37	0.23674434	
38	0.23659433	
39	0.23663125	
40	0.23656595	
41	0.23643796	
42	0.23643943	
43	0.23644808	
44	0.23657475	
45	0.23666871	
50	0.23666065	
55	0.23664392	
60	0.23626844	
65	0.23616829	
70	0.23611165	
75	0.23590807	
80	0.23590751	
85	0.23590698	


ord=1
wave=450 nm
zenith, km	60	
Stoks:	     5.6759803	  0.0033084601	-2.1833323e-05	             0	
enhancement factor
0	1.5347096	1.244814	6.2615287	0	
0.05	1.5756649	1.2732759	10.247562	0	
0.1	1.5853607	1.2594041	10.048387	0	
0.15	1.5949203	1.275373	9.2694431	0	
0.2	1.6043062	1.3055496	7.0707353	0	
0.25	1.6134564	1.3327587	7.882397	0	
0.3	1.6224161	1.357952	6.4183722	0	
0.35	1.6312055	1.3905464	7.238074	0	
0.4	1.6397992	1.4308751	6.5903821	0	
0.45	1.6481855	1.4723346	8.2041846	0	
0.5	1.6563846	1.5052595	7.3985396	0	
0.55	1.6643794	1.5461705	5.529871	0	
0.6	1.6721913	1.5771621	4.6360597	0	
0.65	1.6798201	1.6077382	4.5008873	0	
0.7	1.6872721	1.6348102	3.9029276	0	
0.75	1.694516	1.6647256	3.6686919	0	
0.8	1.7015811	1.6938313	4.2050432	0	
0.85	1.708461	1.7277655	4.5834805	0	
0.9	1.7151763	1.76121	4.0380793	0	
0.95	1.7217044	1.7942242	4.6482568	0	
1	1.7311282	1.8348254	5.3963026	0	
1.1	1.7432046	1.8816134	4.5164707	0	
1.2	1.7546532	1.9300358	4.1157132	0	
1.3	1.7655095	1.9787908	4.8187794	0	
1.4	1.7758026	2.0190226	5.2175263	0	
1.5	1.7855342	2.0551859	5.3621546	0	
1.6	1.7947459	2.0889237	5.5596968	0	
1.7	1.8034583	2.1189499	6.0917688	0	
1.8	1.8116871	2.1453625	6.3376647	0	
1.9	1.8194595	2.1695026	5.8685801	0	
2	1.8301812	2.2034555	4.3317926	0	
2.2	1.8433375	2.2471763	3.9273342	0	
2.4	1.855074	2.2797381	3.0902561	0	
2.6	1.8655273	2.3069433	3.9111995	0	
2.8	1.8748423	2.3286162	4.1254232	0	
3	1.883142	2.3501572	3.9232258	0	
3.2	1.8888366	2.3637375	3.9976407	0	
3.3	1.8923178	2.3666533	4.2766549	0	
3.4	1.8971145	2.3712455	4.5376702	0	
3.6	1.9029912	2.3776862	4.2850319	0	
3.8	1.9082348	2.3814439	4.0507485	0	
4	1.9149102	2.3775317	4.2929664	0	
4.4	1.9200105	2.3755606	4.4336323	0	
4.5	1.9233581	2.3721729	4.266	0	
4.8	1.9272102	2.368033	4.3593915	0	
5	1.9315829	2.3563209	3.5547848	0	
5.5	1.936809	2.3363758	2.697708	0	
6	1.9408262	2.3133614	2.6331347	0	
6.47	1.9468533	2.2599349	2.4015042	0	
8	1.9530336	2.1938035	2.0724558	0	
9	1.9563734	2.1452051	2.3346911	0	
10	1.9595892	2.1096431	1.9500153	0	
11	1.9625883	2.0868204	2.150302	0	
12	1.9647864	2.0635626	2.0578494	0	
13	1.9666011	2.0468345	2.2645064	0	
14	1.9682241	2.0315193	2.1090838	0	
15	1.9696798	2.0182456	2.0155391	0	
16	1.9709985	2.0131837	2.2184914	0	
17	1.9721998	2.0107048	2.3343217	0	
18	1.9732496	2.0077237	2.3153285	0	
19	1.9740483	2.0042547	2.1995763	0	
20	1.9745753	1.9999342	2.1105826	0	
21	1.9748656	1.9965618	2.4175207	0	
22	1.9749609	1.9931342	2.3037349	0	
23	1.9748952	1.9900535	2.2345943	0	
24	1.9746933	1.986975	2.0742957	0	
25	1.9743767	1.9861559	1.707085	0	
26	1.9739657	1.9841795	1.8399081	0	
27	1.9734737	1.9816123	1.7036014	0	
28	1.972919	1.9806721	1.7001485	0	
29	1.9723118	1.9785952	1.6892086	0	
30	1.9716583	1.9771746	1.7308413	0	
31	1.9709666	1.9756053	1.8826297	0	
32	1.9702441	1.9747318	1.8898739	0	
33	1.9694973	1.9729846	1.9033904	0	
34	1.9687305	1.971369	1.9106208	0	
35	1.9679467	1.9699238	1.9097649	0	
36	1.9671477	1.9683671	1.8720802	0	
37	1.9663369	1.9675378	1.9308579	0	
38	1.9655166	1.9666624	1.9800328	0	
39	1.9646888	1.9654465	1.9791735	0	
40	1.9638548	1.9642711	1.9783158	0	
41	1.9630158	1.9631296	1.9774596	0	
42	1.962173	1.9620184	1.9766049	0	
43	1.961327	1.9609355	1.9757517	0	
44	1.9604786	1.9598514	1.9789646	0	
45	1.9579217	1.9567304	1.9563047	0	
50	1.9536674	1.9519117	1.9487804	0	
55	1.9494255	1.9473493	1.9445553	0	
60	1.9452095	1.9429573	1.9403674	0	
65	1.941025	1.9386822	1.9362161	0	
70	1.9368742	1.9344914	1.9321008	0	
75	1.9327581	1.9303644	1.9280212	0	
80	1.9286769	1.926288	1.9239767	0	
85	1.9246305	1.9222543	1.9199669	0	


precision, %
wave=450 nm
height, km	60	
0	0.0087669763	
0.05	0.0078836826	
0.1	0.0069591328	
0.15	0.0063760364	
0.2	0.0060926852	
0.25	0.0056684588	
0.3	0.0055099319	
0.35	0.0052995103	
0.4	0.0050964312	
0.45	0.0049478402	
0.5	0.0048113452	
0.55	0.0046362414	
0.6	0.0045077098	
0.65	0.0044350244	
0.7	0.0043975288	
0.75	0.0042768686	
0.8	0.004181184	
0.85	0.0041131606	
0.9	0.0040679318	
0.95	0.0040230981	
1	0.0039383605	
1.1	0.0037784659	
1.2	0.0036285061	
1.3	0.0035365326	
1.4	0.003470708	
1.5	0.0033974035	
1.6	0.0033424905	
1.7	0.0032790238	
1.8	0.0031941541	
1.9	0.0031093528	
2	0.0030199484	
2.2	0.0029209776	
2.4	0.0028435586	
2.6	0.0027815162	
2.8	0.0027614235	
3	0.0027258313	
3.2	0.0026820451	
3.3	0.0026517576	
3.4	0.002612772	
3.6	0.0026010405	
3.8	0.0025888747	
4	0.0025582707	
4.4	0.0025423085	
4.5	0.0025157425	
4.8	0.0024827509	
5	0.0024562689	
5.5	0.0024215604	
6	0.0023983756	
6.47	0.0023583132	
8	0.0022924761	
9	0.0022669764	
10	0.0022504748	
11	0.0022261806	
12	0.0022124403	
13	0.0021943667	
14	0.0021905221	
15	0.0021812412	
16	0.0021712846	
17	0.0021666453	
18	0.0021644596	
19	0.0021624784	
20	0.0021549231	
21	0.0021443848	
22	0.0021349204	
23	0.0021257159	
24	0.0021257683	
25	0.0021273382	
26	0.0021206045	
27	0.0021093024	
28	0.0021063617	
29	0.00210499	
30	0.0020958556	
31	0.0020971082	
32	0.0020977751	
33	0.0020959518	
34	0.0020950286	
35	0.0020949234	
36	0.0020970931	
37	0.0020971478	
38	0.0020968929	
39	0.0020968413	
40	0.002096798	
41	0.0020967617	
42	0.0020967312	
43	0.0020967056	
44	0.0020960906	
45	0.0020923917	
50	0.0020923029	
55	0.0020922882	
60	0.0020922858	
65	0.0020922895	
70	0.002092296	
75	0.0020923041	
80	0.0020923128	
85	0.0020923218	


-------------------------------------------------
tet=50  fi=90
	60	
450	0.029519741	

	60	
450	-32.202256	

	60	
450	0.67268019	



ord=1
	60	
450	44.483047	

	60	
450	-38.961641	

	60	
450	0.014390186	

enhancement factor
ord=0
wave=450 nm
zenith, km	60	
Stoks:	       1.85478	      0.597281	    0.10492583	 -0.0019629771	
enhancement factor
0	1.6386142	1.5598544	1.5021266	1.2549684	
0.05	1.7510436	1.6548878	1.4823631	1.2765278	
0.1	1.7943175	1.7217066	1.1288801	0.91103598	
0.15	1.8115816	1.7056819	1.0042523	1.0964361	
0.2	1.8545924	1.7446785	0.87572405	1.8359335	
0.25	1.8914289	1.7720607	0.79230109	1.5353409	
0.3	1.9181214	1.7963192	0.82528778	0.40631247	
0.35	1.9262115	1.8037683	1.0176318	0.38380365	
0.4	1.9413527	1.8056925	0.98503045	0.18524689	
0.45	1.9774226	1.8603475	0.78715202	0.44264384	
0.5	2.0002469	1.8768886	0.77744137	0.8790794	
0.55	2.0279103	1.9060219	0.70634441	0.88839505	
0.6	2.0405764	1.919648	0.74283997	0.83688516	
0.65	2.0564398	1.9372633	0.66086268	0.639675	
0.7	2.0648967	1.9584364	0.65119243	0.74207944	
0.75	2.0857254	1.9503317	0.59294236	0.4427816	
0.8	2.1196001	1.9721277	0.67051934	0.19643928	
0.85	2.104682	1.9684467	0.40938358	0.86466949	
0.9	2.1240725	1.9759234	0.28486569	1.1444252	
0.95	2.1265412	1.9776292	0.31961278	1.3125404	
1	2.1467667	1.9945297	0.3255858	1.1817382	
1.1	2.1951483	2.0273707	0.16067654	1.2036323	
1.2	2.2255711	2.0872808	0.1682172	0.99680248	
1.3	2.2623631	2.1159577	0.053405314	1.6248961	
1.4	2.2743178	2.1238454	-0.010622367	1.1579772	
1.5	2.2737516	2.1203817	0.12506374	1.0962291	
1.6	2.2839766	2.1383656	0.093512512	1.045638	
1.7	2.316933	2.17707	-0.034278524	1.0833223	
1.8	2.326939	2.1741584	-0.024256699	0.3581304	
1.9	2.363321	2.1896372	-0.19480428	-0.21721835	
2	2.3551529	2.1845655	-0.10013649	-0.22584155	
2.2	2.3859308	2.241328	-0.061117726	0.38314083	
2.4	2.4080179	2.2674594	0.079758509	0.40832267	
2.6	2.4023392	2.3174183	-0.18531403	0.89051897	
2.8	2.4276779	2.3251928	-0.020406687	1.2605337	
3	2.4254198	2.3478919	-0.031530352	1.230834	
3.2	2.454585	2.3575929	-0.28424677	2.449624	
3.3	2.4591281	2.3781169	-0.27447354	0.8505359	
3.4	2.4516995	2.36934	-0.10377464	1.0489191	
3.6	2.4792792	2.4377155	-0.044580865	1.1128638	
3.8	2.5022034	2.4649695	-0.41724871	0.84851578	
4	2.4853681	2.4164814	-0.29767258	1.7102144	
4.4	2.5108236	2.4458699	-0.49383842	1.7390287	
4.5	2.4846411	2.4122581	-0.35197493	1.4231683	
4.8	2.4949417	2.4268545	-0.3936815	1.3288308	
5	2.4766363	2.4011898	-0.22594541	2.2000189	
5.5	2.4806065	2.4505943	-0.027799369	1.8842091	
6	2.4763775	2.4754712	-0.1317845	2.1862117	
6.47	2.4892473	2.4861083	-0.29790215	2.8000623	
8	2.4431348	2.4447225	-0.53106926	2.222895	
9	2.3723229	2.3595251	-0.00448999	2.2490146	
10	2.3824454	2.3415794	0.095271366	2.5369278	
11	2.290565	2.2459806	0.21915921	2.4317043	
12	2.2536188	2.2483596	0.31164182	2.156961	
13	2.261364	2.2550157	0.36879629	3.513967	
14	2.1955021	2.1987177	0.86569756	3.0732578	
15	2.2248605	2.2751152	0.77513941	3.0146368	
16	2.1581762	2.1745492	1.1877653	2.5144371	
17	2.1347013	2.1826191	1.4960252	1.6401846	
18	2.116869	2.1602012	1.4212874	3.002415	
19	2.1043321	2.1364319	1.3588433	2.7594125	
20	2.0744885	2.096363	1.5099657	2.1982937	
21	2.0514371	2.0752516	1.643639	2.0652206	
22	2.0329785	2.0367659	1.7197874	1.9109086	
23	2.0242299	2.0299053	1.7747201	1.9341126	
24	2.0153621	2.0260736	1.8138844	1.8685998	
25	2.0085303	2.0181571	1.8443601	1.8723128	
26	2.0015821	2.0088587	1.882078	1.8886992	
27	1.9960376	2.0003522	1.8976604	1.9217972	
28	1.9902942	1.9884376	1.9040427	1.9968048	
29	1.9879857	1.9857104	1.9090045	1.9966719	
30	1.9862789	1.9844888	1.9118279	1.9982029	
31	1.9844378	1.9830967	1.9210589	1.9928525	
32	1.9823542	1.9814934	1.9319555	1.9782315	
33	1.9800721	1.9804479	1.9405863	1.9884858	
34	1.9776643	1.9772848	1.9470109	1.9882076	
35	1.9763433	1.9759872	1.9516779	1.9830081	
36	1.9749869	1.9743776	1.9531478	1.972948	
37	1.9730406	1.9727748	1.9565397	1.9488669	
38	1.9716357	1.9714665	1.9594733	1.95173	
39	1.9706942	1.9705289	1.9596558	1.9546097	
40	1.9696499	1.9694929	1.9599769	1.9568209	
41	1.9684081	1.9682798	1.9607715	1.9556319	
42	1.9675589	1.9674747	1.9601501	1.9549859	
43	1.9666951	1.9666956	1.9598137	1.9557805	
44	1.9654682	1.965812	1.9623927	1.9628998	
45	1.9625857	1.9627772	1.961692	1.9630052	
50	1.9575269	1.9578083	1.9608971	1.9592038	
55	1.9528597	1.9533201	1.9540934	1.9533439	
60	1.9483085	1.9492059	1.946326	1.9512316	
65	1.9439919	1.9450319	1.9411189	1.9469792	
70	1.93979	1.9408076	1.9373574	1.9436639	
75	1.9355369	1.9364803	1.9346417	1.9430394	
80	1.9314337	1.9323702	1.9305573	1.938875	
85	1.9273654	1.9282945	1.9265018	1.9347468	


precision, %
wave=450 nm
height, km	60	
0	0.7808923	
0.05	1.253643	
0.1	1.2274269	
0.15	0.91802539	
0.2	1.0247439	
0.25	1.0352354	
0.3	1.1291361	
0.35	0.93484223	
0.4	0.90984637	
0.45	1.1144629	
0.5	0.94761891	
0.55	1.0378041	
0.6	1.0482206	
0.65	0.98851762	
0.7	1.010033	
0.75	1.0555451	
0.8	1.2734107	
0.85	1.047153	
0.9	1.1736147	
0.95	1.1228149	
1	1.0387278	
1.1	1.0970489	
1.2	1.0839125	
1.3	1.1787866	
1.4	1.1249665	
1.5	0.97016331	
1.6	0.98242117	
1.7	1.1902764	
1.8	1.0476793	
1.9	1.1681776	
2	1.0112815	
2.2	1.1505138	
2.4	1.2601241	
2.6	1.1715776	
2.8	1.1427478	
3	1.1891591	
3.2	1.4454209	
3.3	1.3413979	
3.4	1.3190987	
3.6	1.4283692	
3.8	1.4049855	
4	1.1309704	
4.4	1.249655	
4.5	1.1478053	
4.8	1.6588937	
5	1.2033349	
5.5	1.3026097	
6	1.4256662	
6.47	1.4378387	
8	1.6364567	
9	1.2838018	
10	1.8932872	
11	1.3209948	
12	1.2378589	
13	1.5903782	
14	1.3271238	
15	2.0831691	
16	1.3409714	
17	1.4625584	
18	1.3427043	
19	1.2833208	
20	0.97914746	
21	0.86079585	
22	0.77838116	
23	0.76737541	
24	0.74528015	
25	0.7243324	
26	0.70897176	
27	0.71051554	
28	0.70511565	
29	0.69911533	
30	0.69478322	
31	0.69408782	
32	0.6953561	
33	0.69071503	
34	0.68114343	
35	0.68226915	
36	0.68111609	
37	0.67769591	
38	0.67569002	
39	0.67543066	
40	0.67478197	
41	0.67390853	
42	0.6739309	
43	0.67392867	
44	0.67401573	
45	0.6746369	
50	0.67431572	
55	0.67423714	
60	0.67298439	
65	0.67261967	
70	0.67250538	
75	0.67208627	
80	0.6720891	
85	0.67209211	


ord=1
wave=450 nm
zenith, km	60	
Stoks:	    0.82506267	    0.32145796	    0.35406197	             0	
enhancement factor
0	1.5632355	1.5246031	1.5273692	0	
0.05	1.59863	1.5615664	1.5644837	0	
0.1	1.6033721	1.5671822	1.5706128	0	
0.15	1.6086286	1.5729879	1.576651	0	
0.2	1.614125	1.5788231	1.5826513	0	
0.25	1.619414	1.5845177	1.5883467	0	
0.3	1.6247804	1.5900932	1.5940739	0	
0.35	1.6303403	1.5956531	1.5995588	0	
0.4	1.6358984	1.6012019	1.6050339	0	
0.45	1.6413528	1.6066732	1.6102711	0	
0.5	1.6468188	1.6119692	1.6155604	0	
0.55	1.6521591	1.6172611	1.6208195	0	
0.6	1.6574963	1.6223662	1.6259248	0	
0.65	1.6628075	1.6273836	1.6308914	0	
0.7	1.6681114	1.6322832	1.6357959	0	
0.75	1.6731753	1.6371257	1.6405834	0	
0.8	1.6781819	1.6418629	1.6452191	0	
0.85	1.6830681	1.6465483	1.6497563	0	
0.9	1.6879524	1.6511289	1.6542439	0	
0.95	1.6926571	1.655607	1.6585556	0	
1	1.6995773	1.662041	1.6648263	0	
1.1	1.7085255	1.6703254	1.6730629	0	
1.2	1.7171247	1.6783551	1.68097	0	
1.3	1.7254395	1.6861286	1.6885227	0	
1.4	1.733493	1.6935669	1.6958211	0	
1.5	1.7411284	1.7007211	1.7028686	0	
1.6	1.7484723	1.7076068	1.7096467	0	
1.7	1.7555079	1.714215	1.7161443	0	
1.8	1.7621867	1.7205576	1.7224109	0	
1.9	1.7685447	1.7266583	1.7284846	0	
2	1.7774847	1.7353301	1.7371514	0	
2.2	1.7887727	1.7463092	1.7479919	0	
2.4	1.7991522	1.7564697	1.7580973	0	
2.6	1.8086249	1.765936	1.7674107	0	
2.8	1.8173332	1.774766	1.7761369	0	
3	1.825351	1.7830698	1.7843243	0	
3.2	1.8309589	1.7889974	1.7901571	0	
3.3	1.8345045	1.7927171	1.79385	0	
3.4	1.8395239	1.7980694	1.7991537	0	
3.6	1.8458535	1.8049236	1.8059576	0	
3.8	1.8517379	1.811396	1.8123833	0	
4	1.8597312	1.8203069	1.8212439	0	
4.4	1.8660103	1.8274697	1.8283402	0	
4.5	1.8704863	1.8327185	1.8335482	0	
4.8	1.8757895	1.8390628	1.8398123	0	
5	1.8824205	1.8471711	1.8478974	0	
5.5	1.8909883	1.8579615	1.8586446	0	
6	1.8983953	1.8675075	1.8681192	0	
6.47	1.9112082	1.8844039	1.884943	0	
8	1.9256306	1.9036833	1.9041453	0	
9	1.9348321	1.9163194	1.9167038	0	
10	1.9424624	1.9269339	1.9272905	0	
11	1.9487745	1.935749	1.9360293	0	
12	1.9541031	1.9432315	1.9434718	0	
13	1.9585379	1.949546	1.9497072	0	
14	1.9622204	1.9547641	1.9549073	0	
15	1.9652451	1.9590357	1.9591827	0	
16	1.967747	1.962568	1.9626578	0	
17	1.9697859	1.9654519	1.9654957	0	
18	1.971468	1.9677964	1.9678272	0	
19	1.9728023	1.9697171	1.9697499	0	
20	1.9738372	1.9712497	1.9712924	0	
21	1.9745666	1.9724309	1.9724522	0	
22	1.9750526	1.9733083	1.9733355	0	
23	1.9753429	1.9739273	1.9739573	0	
24	1.9754536	1.9743208	1.9743616	0	
25	1.9754042	1.9745473	1.9745904	0	
26	1.9752286	1.9745946	1.9746238	0	
27	1.9749313	1.9744899	1.9745285	0	
28	1.9745593	1.9742843	1.9743105	0	
29	1.9741184	1.9739729	1.9739997	0	
30	1.973604	1.9735824	1.9736018	0	
31	1.9730302	1.9731122	1.9731201	0	
32	1.9724117	1.9725855	1.9725848	0	
33	1.9717586	1.9720039	1.9720037	0	
34	1.9710776	1.9713856	1.9713855	0	
35	1.9703706	1.9707323	1.9707319	0	
36	1.9696344	1.9700448	1.970048	0	
37	1.9688776	1.9693365	1.969331	0	
38	1.9681051	1.9686042	1.9685917	0	
39	1.9673202	1.9678488	1.9678362	0	
40	1.9665232	1.9670774	1.9670646	0	
41	1.9657165	1.9662929	1.9662799	0	
42	1.9649018	1.9654974	1.9654843	0	
43	1.9640801	1.9646924	1.9646792	0	
44	1.9632518	1.9638792	1.9638659	0	
45	1.9607293	1.9613951	1.9613839	0	
50	1.9565212	1.9572227	1.9572115	0	
55	1.9522963	1.9530148	1.9530036	0	
60	1.9480802	1.9488057	1.9487945	0	
65	1.9438856	1.9446124	1.9446012	0	
70	1.9397191	1.9404438	1.9404328	0	
75	1.935584	1.9363049	1.9362939	0	
80	1.9314821	1.9321983	1.9321873	0	
85	1.9274144	1.9281253	1.9281144	0	


precision, %
wave=450 nm
height, km	60	
0	0.05916394	
0.05	0.053397016	
0.1	0.047277436	
0.15	0.043432199	
0.2	0.041597984	
0.25	0.038795609	
0.3	0.037794924	
0.35	0.036422955	
0.4	0.035091486	
0.45	0.034124788	
0.5	0.033236603	
0.55	0.03207699	
0.6	0.031233961	
0.65	0.03077326	
0.7	0.030551882	
0.75	0.029750751	
0.8	0.029117532	
0.85	0.028676421	
0.9	0.028388727	
0.95	0.028103534	
1	0.027549996	
1.1	0.026473971	
1.2	0.025460185	
1.3	0.024846292	
1.4	0.024411821	
1.5	0.02392039	
1.6	0.023554516	
1.7	0.023125154	
1.8	0.02254063	
1.9	0.021955105	
2	0.021342948	
2.2	0.020661343	
2.4	0.020123932	
2.6	0.019692808	
2.8	0.019554177	
3	0.019302772	
3.2	0.018993633	
3.3	0.018777298	
3.4	0.018496354	
3.6	0.018407037	
3.8	0.018313343	
4	0.018081894	
4.4	0.017957144	
4.5	0.017757069	
4.8	0.017508169	
5	0.017300019	
5.5	0.017025036	
6	0.016831239	
6.47	0.016490472	
8	0.015963212	
9	0.015737696	
10	0.015587524	
11	0.015394912	
12	0.015276879	
13	0.015132954	
14	0.015089773	
15	0.015013139	
16	0.014935765	
17	0.014897032	
18	0.014876928	
19	0.014860802	
20	0.014805383	
21	0.014730595	
22	0.014665634	
23	0.014600665	
24	0.014599424	
25	0.014607243	
26	0.014559531	
27	0.014483	
28	0.014462878	
29	0.014452822	
30	0.014393875	
31	0.014401141	
32	0.014404969	
33	0.014392116	
34	0.014385298	
35	0.014384002	
36	0.014397951	
37	0.014397967	
38	0.014395926	
39	0.014395244	
40	0.014394661	
41	0.01439416	
42	0.014393729	
43	0.014393361	
44	0.014389058	
45	0.014364165	
50	0.014363162	
55	0.01436286	
60	0.014362769	
65	0.014362792	
70	0.014362879	
75	0.014363001	
80	0.014363141	
85	0.01436329	


-------------------------------------------------
tet=50  fi=180
	60	
450	0.023898464	

	60	
450	44.414657	

	60	
450	0.69567489	



ord=1
	60	
450	39.868046	

	60	
450	69.807829	

	60	
450	0.019810368	

enhancement factor
ord=0
wave=450 nm
zenith, km	60	
Stoks:	     1.5015848	   -0.66692373	  0.0014123505	-0.00020467011	
enhancement factor
0	1.6591888	1.5209565	3.0215983	-0.3778593	
0.05	1.7666049	1.5655848	7.2570406	-0.39003938	
0.1	1.8006656	1.5562833	-5.3036057	0.82473681	
0.15	1.8463383	1.5827501	-0.09174521	4.1915877	
0.2	1.8899424	1.5695885	-7.3277258	10.932549	
0.25	1.9322628	1.567866	-7.7310773	7.6144412	
0.3	1.9562263	1.5710777	-3.3925684	-1.9780978	
0.35	1.9533899	1.5849628	5.3531292	-2.2288413	
0.4	1.9753538	1.6014776	7.3988769	-0.49859549	
0.45	2.0017052	1.6076076	5.2914251	-1.5872561	
0.5	2.0428996	1.5983356	6.1077258	6.4296241	
0.55	2.0714069	1.5830725	5.0640657	12.871987	
0.6	2.0784181	1.5958174	5.0680257	8.9234001	
0.65	2.1005903	1.5987105	7.4433002	5.8080783	
0.7	2.111406	1.6004039	10.699663	5.6854396	
0.75	2.1489867	1.6204094	9.4012848	6.81581	
0.8	2.186844	1.6445871	20.928765	-0.073441008	
0.85	2.1711199	1.6365939	6.1825242	7.8659928	
0.9	2.2005008	1.6468533	9.758886	8.7819639	
0.95	2.216792	1.6537314	5.3448629	11.751062	
1	2.2343037	1.6510886	8.1870965	5.8406797	
1.1	2.2700178	1.6595774	-2.6356589	10.318899	
1.2	2.2919511	1.6640211	-6.5744584	10.744991	
1.3	2.3269165	1.6700742	-3.7667373	11.534692	
1.4	2.3491633	1.6694227	0.99435031	12.035239	
1.5	2.3563634	1.6709058	2.2775008	12.200076	
1.6	2.3668485	1.6801516	-2.3954534	11.664328	
1.7	2.4086078	1.695198	-21.76211	14.407407	
1.8	2.4161279	1.7119156	-2.2062952	8.8142692	
1.9	2.4955871	1.7640445	-5.2450073	3.917348	
2	2.4648795	1.7606403	-0.59680677	2.3372886	
2.2	2.4876832	1.7548207	12.282542	1.6442888	
2.4	2.5005933	1.7585498	6.9510994	1.2292003	
2.6	2.493397	1.7555819	-8.5143322	1.7711591	
2.8	2.5109527	1.8077172	-8.6717812	7.5424016	
3	2.5112351	1.7955758	2.8226481	10.732774	
3.2	2.5521968	1.772811	1.5707462	19.278313	
3.3	2.5646377	1.8054461	11.089857	6.7921833	
3.4	2.5348851	1.8344865	-0.65256898	3.5611145	
3.6	2.5668714	1.8297337	7.9128874	1.8068904	
3.8	2.5997345	1.8257711	-0.75172635	-2.072732	
4	2.5935716	1.8320891	-1.0912167	2.7551887	
4.4	2.6203924	1.8401954	-13.20195	0.94748775	
4.5	2.6165319	1.8845142	-4.5857056	-3.2152956	
4.8	2.6144075	1.8873611	-3.5987681	0.89022368	
5	2.6173665	1.8965068	3.6783442	1.1782093	
5.5	2.6048901	1.8458719	6.5164653	-0.07134907	
6	2.5917334	1.798871	-9.8120777	1.7268303	
6.47	2.6035363	1.8860837	-10.38769	5.9385094	
8	2.5664495	1.894709	-17.264763	3.3268055	
9	2.4846351	1.9042806	-10.302256	3.0507568	
10	2.5662044	1.9265538	38.895158	10.34963	
11	2.4131943	1.9474331	-11.680064	12.327307	
12	2.3481881	1.9194449	-18.607301	9.7989529	
13	2.3483661	1.9068424	-24.723027	15.575954	
14	2.2498412	1.9318361	-23.779739	11.414305	
15	2.2540763	1.9108644	-12.412039	5.1155634	
16	2.1879504	1.933853	-7.8296524	6.1356046	
17	2.1472153	1.9217895	1.7123236	-0.24029087	
18	2.1197136	1.9433933	-1.9644534	5.122233	
19	2.115851	1.9576132	-3.1222142	6.3283043	
20	2.0873518	1.9636031	-4.4206999	5.5186955	
21	2.063164	1.9631311	-1.464635	4.1929363	
22	2.0423152	1.9842641	0.95299618	3.4933377	
23	2.0296312	1.9832068	2.6832294	3.2365137	
24	2.0180573	1.9816497	4.7117678	2.6291806	
25	2.0119654	1.9826522	4.649082	2.6534786	
26	2.0046236	1.9811491	4.3111555	2.4263794	
27	1.9994306	1.9803757	3.6560407	2.3900195	
28	1.9956145	1.9829348	2.5919274	2.3503273	
29	1.9933269	1.9823094	2.2059942	2.4113012	
30	1.9915097	1.9812045	2.0770916	2.3765436	
31	1.9890406	1.979932	2.2525429	2.2046978	
32	1.9862911	1.9781451	2.438613	2.1602925	
33	1.983801	1.9765258	2.723685	2.2294335	
34	1.9818326	1.9763824	2.5400974	2.2749513	
35	1.9805213	1.975701	2.7203818	2.241516	
36	1.9791118	1.9754902	2.6207614	2.1105565	
37	1.9770661	1.9746038	2.366276	1.9861374	
38	1.9749793	1.9730625	2.1224678	1.9722682	
39	1.9739845	1.9723465	2.1280024	1.9819498	
40	1.9730074	1.971656	2.0953919	1.9684876	
41	1.9717838	1.9705576	2.0196557	1.9642961	
42	1.9709436	1.9697823	2.0255375	1.9578771	
43	1.9701063	1.9690174	2.0465515	1.9564923	
44	1.9687063	1.9676649	2.182293	2.0846616	
45	1.9660448	1.965157	2.2998705	2.032601	
50	1.9611259	1.9611353	2.3649603	1.9971963	
55	1.9563702	1.9570942	2.1227723	1.977666	
60	1.9518909	1.952888	2.0011565	1.9732369	
65	1.9475767	1.9486722	1.9639711	1.96316	
70	1.943332	1.9444431	1.9530516	1.9541587	
75	1.9389906	1.9401721	1.9226173	1.9313408	
80	1.9348601	1.936034	1.918607	1.9272578	
85	1.9307646	1.9319303	1.9146312	1.9232102	


precision, %
wave=450 nm
height, km	60	
0	0.7107793	
0.05	0.94403172	
0.1	0.93023525	
0.15	0.96442361	
0.2	1.0961411	
0.25	1.1560396	
0.3	1.1491661	
0.35	0.98373912	
0.4	0.9285148	
0.45	0.94945874	
0.5	1.0292416	
0.55	1.1056664	
0.6	1.0888707	
0.65	1.0681427	
0.7	1.05764	
0.75	1.3169967	
0.8	1.3425231	
0.85	1.1435615	
0.9	1.2650466	
0.95	1.3092033	
1	1.2103106	
1.1	1.1435599	
1.2	1.0793864	
1.3	1.119451	
1.4	1.123445	
1.5	1.1157812	
1.6	1.1896689	
1.7	1.5659808	
1.8	1.3610839	
1.9	2.2712135	
2	1.2920956	
2.2	1.2625027	
2.4	1.3902834	
2.6	1.3005714	
2.8	1.2771438	
3	1.3795439	
3.2	1.7110452	
3.3	1.7193942	
3.4	1.446765	
3.6	1.4331925	
3.8	1.4868203	
4	1.3535622	
4.4	1.5286104	
4.5	1.5293892	
4.8	1.8772614	
5	1.6048809	
5.5	1.6463819	
6	1.7521429	
6.47	1.627292	
8	2.5069112	
9	1.5990076	
10	3.239124	
11	1.9736609	
12	1.612422	
13	1.8734259	
14	1.4207572	
15	2.0108927	
16	1.3986539	
17	1.303351	
18	1.2113542	
19	1.302746	
20	1.0873152	
21	0.93368063	
22	0.83626421	
23	0.79485614	
24	0.74753288	
25	0.73139426	
26	0.71880012	
27	0.71995381	
28	0.71744788	
29	0.71483655	
30	0.71331841	
31	0.71057655	
32	0.70856199	
33	0.70377338	
34	0.70058292	
35	0.70035657	
36	0.70030712	
37	0.69942668	
38	0.69555131	
39	0.69545998	
40	0.69520976	
41	0.6948237	
42	0.6948473	
43	0.69503355	
44	0.69600206	
45	0.69642074	
50	0.69627292	
55	0.69560201	
60	0.69556728	
65	0.69552886	
70	0.69539575	
75	0.69494861	
80	0.69495147	
85	0.69495459	


ord=1
wave=450 nm
zenith, km	60	
Stoks:	    0.59865251	   -0.41790632	 6.9376991e-06	             0	
enhancement factor
0	1.5815875	1.5275015	2.8565043	0	
0.05	1.614096	1.564435	-9.5598275	0	
0.1	1.6162316	1.570228	-8.9365895	0	
0.15	1.6191799	1.5756699	-6.4826939	0	
0.2	1.6225622	1.5808858	0.44508289	0	
0.25	1.6257605	1.5860181	-2.0967482	0	
0.3	1.6291656	1.591071	2.5015569	0	
0.35	1.6329359	1.5959765	-0.078630415	0	
0.4	1.6368012	1.6007336	1.9547989	0	
0.45	1.6406194	1.6053957	-3.1164062	0	
0.5	1.6445471	1.6100405	-0.58082861	0	
0.55	1.6483943	1.6145389	5.2817959	0	
0.6	1.652328	1.6190339	8.0851956	0	
0.65	1.656315	1.6234518	8.5101312	0	
0.7	1.6603796	1.6278185	10.384286	0	
0.75	1.6641993	1.6320789	11.109437	0	
0.8	1.6680242	1.6362509	9.4204462	0	
0.85	1.6717657	1.6402851	8.2351685	0	
0.9	1.6755847	1.6442251	9.951963	0	
0.95	1.6792353	1.6480724	8.0353196	0	
1	1.6846942	1.6537265	5.6836439	0	
1.1	1.6918114	1.6611118	8.4356388	0	
1.2	1.6987352	1.6682219	9.6932678	0	
1.3	1.705541	1.6750785	7.480732	0	
1.4	1.7122482	1.6817633	6.2310913	0	
1.5	1.7186283	1.6882459	5.7770516	0	
1.6	1.7248432	1.6945107	5.1521574	0	
1.7	1.7308581	1.7005719	3.4821858	0	
1.8	1.7365951	1.7064388	2.713455	0	
1.9	1.7420929	1.7121111	4.1831245	0	
2	1.7499368	1.7201925	8.9876965	0	
2.2	1.7600423	1.7304265	10.250456	0	
2.4	1.7695314	1.7400609	12.869987	0	
2.6	1.7783396	1.7491134	10.303774	0	
2.8	1.7866012	1.7576428	9.6306191	0	
3	1.7943624	1.7656596	10.259895	0	
3.2	1.7998568	1.7714242	10.032108	0	
3.3	1.803395	1.7751498	9.1565774	0	
3.4	1.8084781	1.7805111	8.3489395	0	
3.6	1.8149843	1.7873769	9.137377	0	
3.8	1.821156	1.7939157	9.8612177	0	
4	1.8297879	1.8031086	9.1104584	0	
4.4	1.8366536	1.8104868	8.6693138	0	
4.5	1.8417101	1.8159457	9.1934442	0	
4.8	1.8477692	1.8225527	8.9039142	0	
5	1.8555952	1.8311394	11.398072	0	
5.5	1.8659546	1.8426736	14.053222	0	
6	1.8751947	1.8530057	14.248341	0	
6.47	1.8917103	1.8715912	14.970211	0	
8	1.9106598	1.8929515	15.972046	0	
9	1.9231113	1.9071019	15.155542	0	
10	1.9336379	1.9191583	16.310381	0	
11	1.9425345	1.9292771	15.680631	0	
12	1.9501589	1.9379159	15.94785	0	
13	1.9565583	1.945185	15.318036	0	
14	1.9618957	1.9512779	15.775311	0	
15	1.9663033	1.956338	16.058109	0	
16	1.9672106	1.9614378	8.0247691	0	
17	1.9677061	1.9657205	0.90140906	0	
18	1.9702236	1.9685492	0.95686625	0	
19	1.9722832	1.9709098	1.2856905	0	
20	1.9739571	1.9728413	1.5395168	0	
21	1.9752311	1.9743536	0.60945988	0	
22	1.9761854	1.975519	0.94716593	0	
23	1.9768827	1.9763841	1.1500249	0	
24	1.9773421	1.9769922	1.6324442	0	
25	1.977589	1.9773678	2.7090534	0	
26	1.9776677	1.9775607	2.3351361	0	
27	1.9775822	1.9775916	2.7327434	0	
28	1.9773969	1.9774774	2.7374518	0	
29	1.9771187	1.9772631	2.7695479	0	
30	1.9767416	1.9769471	2.6620558	0	
31	1.9762829	1.9765425	2.2114475	0	
32	1.9757627	1.9760604	2.1865954	0	
33	1.9751951	1.9755318	2.1390635	0	
34	1.9745893	1.9749586	2.1119149	0	
35	1.9739477	1.974342	2.1109852	0	
36	1.9732654	1.9736884	2.2219797	0	
37	1.9725543	1.9729976	2.0517747	0	
38	1.9718209	1.9722803	1.9075484	0	
39	1.9710695	1.9715426	1.9066509	0	
40	1.9703009	1.9707858	1.9057551	0	
41	1.9695182	1.9700134	1.9048608	0	
42	1.9687236	1.9692276	1.9039682	0	
43	1.9679187	1.9684304	1.9030773	0	
44	1.9671039	1.9676237	1.8886227	0	
45	1.964602	1.9651493	1.9383688	0	
50	1.9604152	1.9609783	1.9438606	0	
55	1.9561881	1.9567578	1.9396749	0	
60	1.9519571	1.9525285	1.9355258	0	
65	1.9477406	1.9483109	1.9314127	0	
70	1.9435481	1.9441157	1.9273352	0	
75	1.9393849	1.939949	1.9232928	0	
80	1.935254	1.9358141	1.9192851	0	
85	1.9311569	1.9317128	1.9153115	0	


precision, %
wave=450 nm
height, km	60	
0	0.080516075	
0.05	0.07280861	
0.1	0.06456384	
0.15	0.059396923	
0.2	0.056960364	
0.25	0.05318738	
0.3	0.051878785	
0.35	0.050047238	
0.4	0.048267007	
0.45	0.046984016	
0.5	0.04579905	
0.55	0.044237136	
0.6	0.043110865	
0.65	0.042506671	
0.7	0.042227656	
0.75	0.041147837	
0.8	0.040300118	
0.85	0.039715106	
0.9	0.039338691	
0.95	0.038964489	
1	0.038228911	
1.1	0.036773014	
1.2	0.035395042	
1.3	0.034567838	
1.4	0.033988761	
1.5	0.033328675	
1.6	0.032840032	
1.7	0.032258322	
1.8	0.031456804	
1.9	0.030652709	
2	0.029813543	
2.2	0.028877087	
2.4	0.028136463	
2.6	0.027538978	
2.8	0.027349555	
3	0.027001194	
3.2	0.026569647	
3.3	0.026266347	
3.4	0.02587132	
3.6	0.025742465	
3.8	0.025606369	
4	0.02527186	
4.4	0.025087916	
4.5	0.024799538	
4.8	0.024440539	
5	0.024134655	
5.5	0.023729907	
6	0.023437597	
6.47	0.022917173	
8	0.022133823	
9	0.021783744	
10	0.021545266	
11	0.021255089	
12	0.021066742	
13	0.020846534	
14	0.020769418	
15	0.020651175	
16	0.02056248	
17	0.020525466	
18	0.020489455	
19	0.02045942	
20	0.02037676	
21	0.020270398	
22	0.020176188	
23	0.020084697	
24	0.020079318	
25	0.020085778	
26	0.020018981	
27	0.019912973	
28	0.019885092	
29	0.019870341	
30	0.019796402	
31	0.019804071	
32	0.019808472	
33	0.019788793	
34	0.019778157	
35	0.019775696	
36	0.019794342	
37	0.01979437	
38	0.019791339	
39	0.019790039	
40	0.019788927	
41	0.019787972	
42	0.019787152	
43	0.01978645	
44	0.019779837	
45	0.019743213	
50	0.019741498	
55	0.019740974	
60	0.01974087	
65	0.019740997	
70	0.019741253	
75	0.01974158	
80	0.019741944	
85	0.019742324	


