RT Model MCC++	 O.Postylyakov	ver.72
MixedSimC<atmos::StoksC,MCSimC<atmos::StoksC,MCWMethodC<atmos::StoksC,SphericalGeomT>>,SSSimC<atmos::StoksC,MCSimC<atmos::StoksC,MSSMethodC<atmos::StoksC,SphericalGeomT,1000>>>>	ps::cLCG2C	Density: double	AMFs: Yes	ORDERS_ACCOUNT: ATM_COLLGS_ORDERS
photons passed	base/max expendeture	EPS-breakes	MaxCollgs-Breaks	MinPhWgt-Breaks	average colligions
24300	0.0394818/0.050418	0	0	0	3.18527	
SpecialSamplingCollgs	ForceCollgSimul	EPS	ssEPS	MaxCollgs	MinPhWgt	BaseMod	
1	0	0.001	1e-12	500	1e-300	0	
Albedo	time	IY
0.05	0.05055	{ 1561200062 636613949 ; 40014 40692 2147483563 2147483399 }	
 -6370.99	 -6370.99	 -5791.81	 -5212.63	 -4633.45	 -4054.27	 -3475.09	  -2895.9	 -2316.72	 -1737.54	 -1158.36	 -579.181	-9.09495e-13	  12.8571	  25.7143	  38.5714	  51.4286	  64.2857	  77.1429	       90	
        0	        0	0.0080361	 0.024108	 0.040179	 0.056251	 0.072322	 0.088394	  0.10447	  0.12054	  0.13661	  0.15268	  0.16875	0.0039284	0.0039364	0.0039443	0.0039522	0.0039601	 0.003968	 0.003976	
        0	        0	        0	        0	        0	        0	        0	        0	        0	        0	        0	        0	        0	        0	        0	        0	        0	        0	        0	        0	
        0	        0	        0	        0	        0	        0	        0	        0	        0	        0	        0	        0	        0	        0	        0	        0	        0	        0	        0	        0	

-------------------------------------------------
tet=89  fi=0
	60	
450	0.043394	

	60	
450	0.9992	

	60	
450	0.66878	



ord=1
	60	
450	46.334	

	60	
450	3.9102	

	60	
450	0.016636	

enhancement factor
ord=0
wave=450 nm
zenith, km	60	
Stoks:	     2.7264951	  -0.027243111	-0.00021328941	 0.00027418509	
enhancement factor
0	40.390398	46.406991	509.26768	54.432922	
0.05	16.016625	6.7290101	382.22801	23.897541	
0.1	7.2569049	-3.5231049	48.5296	13.689069	
0.15	4.3148755	-6.9256738	117.35943	8.2827954	
0.2	3.2815201	-7.4351873	49.00743	5.6853777	
0.25	2.8899055	-7.772024	0.16427173	8.2758028	
0.3	2.7030279	-7.5594617	-64.167252	6.5047663	
0.35	2.5981386	-7.0859807	-43.859462	5.629601	
0.4	2.5386997	-6.9439179	-20.920615	3.8693001	
0.45	2.4886562	-6.4596027	43.492164	3.1242961	
0.5	2.4594511	-6.4791398	39.399162	4.533195	
0.55	2.4240514	-5.8586054	25.496197	2.3915755	
0.6	2.3958037	-5.7801614	16.027912	1.843195	
0.65	2.3674932	-5.4183552	17.890045	3.9562774	
0.7	2.35263	-5.0826856	9.7047335	4.6276558	
0.75	2.3371066	-5.0131285	10.382753	5.3518075	
0.8	2.3420876	-5.3061739	64.685212	6.3635014	
0.85	2.3170759	-5.1387149	73.80301	5.4993239	
0.9	2.31439	-5.3253013	4.0487579	6.5834642	
0.95	2.3043427	-5.3078756	13.635641	8.2286692	
1	2.2898518	-5.3607904	110.11724	8.1170538	
1.1	2.2699316	-4.270304	80.963206	6.6039398	
1.2	2.2538174	-3.9050229	67.931301	1.8288495	
1.3	2.2525513	-3.7333696	12.272414	-0.04853265	
1.4	2.2429291	-3.6594994	54.468087	3.89541	
1.5	2.2370962	-4.1368744	39.62403	6.5249734	
1.6	2.2223551	-3.5565854	-12.124375	3.7432678	
1.7	2.2164651	-3.3439161	15.073561	3.0455436	
1.8	2.2018317	-2.8998631	37.630718	5.0702535	
1.9	2.2116337	-3.3699258	-58.910703	0.74394824	
2	2.1960593	-3.1004111	71.483197	4.3015143	
2.2	2.1849531	-3.034029	77.65924	2.9450163	
2.4	2.169914	-2.8134188	75.801255	5.952553	
2.6	2.1631146	-2.5564735	52.272466	2.7208687	
2.8	2.1564202	-2.2385891	98.463312	-0.2247532	
3	2.1519279	-1.9236214	101.53261	-1.230919	
3.2	2.1452221	-1.6449245	99.867427	0.65722835	
3.3	2.1470849	-1.3029024	94.255502	1.2191695	
3.4	2.1438255	-1.0961886	61.623759	2.8418058	
3.6	2.1397637	-1.201283	-23.528982	1.0377988	
3.8	2.1296639	-1.1672652	-28.049656	3.7387651	
4	2.1329992	-1.1895151	-17.770836	4.7418105	
4.4	2.1388081	-0.80964017	-50.364055	3.7094243	
4.5	2.1484039	-1.3300878	8.6661382	10.606049	
4.8	2.1416358	-1.031557	74.729821	11.126258	
5	2.1293493	-0.96900612	68.492705	7.4574165	
5.5	2.1212545	-1.0806136	104.51502	3.4080707	
6	2.1260659	-1.8592441	59.249007	10.790836	
6.47	2.1312603	-1.5217078	-15.980654	7.6422419	
8	2.1112859	-0.52916746	6.1627765	8.7669584	
9	2.0867273	-0.51135879	-46.466742	3.3060406	
10	2.0732214	-0.21155878	-62.170801	4.7422892	
11	2.0645601	0.42052631	-60.190631	2.3966532	
12	2.0490887	0.31739561	4.4699267	4.9027096	
13	2.038693	0.79333675	15.174155	3.8675076	
14	2.0327288	0.93436335	23.85712	3.5795803	
15	2.0266408	1.1469981	-6.4413849	5.1618614	
16	2.0235092	1.4335731	-7.8227458	2.9227575	
17	2.0216736	1.4968089	-83.013638	8.0791857	
18	2.0115193	1.6080267	-40.889493	6.6701826	
19	2.0043751	1.8548433	49.08749	4.0856289	
20	2.0042522	1.854509	20.615906	3.1340325	
21	1.9906319	1.8143752	12.926034	3.1683092	
22	1.9879358	1.7956082	2.1928344	3.3427874	
23	1.985552	1.8452339	1.5088042	2.9584536	
24	1.9825655	1.897758	-0.19713472	2.5404123	
25	1.9809091	1.9208517	-2.3824004	2.4718354	
26	1.9795214	1.9197836	-3.1324426	2.4485696	
27	1.9780991	1.9230697	-2.485287	2.3333053	
28	1.9770636	1.9469233	-2.9448835	2.2650801	
29	1.9751459	1.9479271	-2.5123575	2.1497869	
30	1.973636	1.9429489	-1.1195619	2.1143162	
31	1.9720908	1.969748	2.0424539	1.8835845	
32	1.9705601	1.9776048	3.3319015	1.9498475	
33	1.969636	1.976509	3.2603861	1.9504135	
34	1.9687637	1.977601	3.1672691	1.9476562	
35	1.9677537	1.9771918	1.7793166	1.9228147	
36	1.9667176	1.9746491	0.33108749	1.8991703	
37	1.9656231	1.972179	-0.32096546	1.9251429	
38	1.9644416	1.9662664	-0.24024951	1.9081658	
39	1.9635134	1.9646736	-0.12237385	1.9025428	
40	1.9624038	1.9752267	1.8033542	1.9834222	
41	1.9614599	1.9749043	1.8803196	1.9852392	
42	1.9603882	1.9730443	1.7971503	1.9778302	
43	1.9595163	1.9723264	1.7935774	1.9766766	
44	1.9586495	1.9714254	1.793856	1.9757604	
45	1.9560289	1.9668061	2.0304041	1.9582737	
50	1.9517588	1.9624992	2.0221963	1.9541679	
55	1.9474863	1.9563976	1.9810802	1.9450642	
60	1.9432342	1.9512917	1.9367772	1.9401784	
65	1.9390487	1.9471709	1.9257752	1.9369568	
70	1.9349113	1.9429805	1.9193897	1.9328321	
75	1.9308092	1.9388146	1.9153257	1.9287431	
80	1.9267426	1.9346849	1.9112976	1.9246894	
85	1.9227109	1.930591	1.907305	1.9206706	


precision, %
wave=450 nm
height, km	60	
0	0.58106839	
0.05	0.70772614	
0.1	0.83191464	
0.15	0.86693318	
0.2	0.87054932	
0.25	0.9044239	
0.3	0.97905756	
0.35	0.92274471	
0.4	0.96360606	
0.45	0.92053786	
0.5	0.92999878	
0.55	0.89325723	
0.6	0.85893157	
0.65	0.83248181	
0.7	0.8419588	
0.75	0.84586633	
0.8	0.96733975	
0.85	0.87167332	
0.9	0.94127155	
0.95	0.94512195	
1	0.93995781	
1.1	0.84998317	
1.2	0.84236226	
1.3	0.84879901	
1.4	0.87944255	
1.5	0.89690975	
1.6	0.82499593	
1.7	0.83089193	
1.8	0.7968342	
1.9	0.94763665	
2	0.79724802	
2.2	0.78391738	
2.4	0.78333899	
2.6	0.78705093	
2.8	0.79406174	
3	0.79648033	
3.2	0.7917061	
3.3	0.82962038	
3.4	0.80657953	
3.6	0.8174386	
3.8	0.78912771	
4	0.76914232	
4.4	0.81231391	
4.5	0.86180326	
4.8	0.84406853	
5	0.81751855	
5.5	0.87261686	
6	0.90573293	
6.47	0.9318301	
8	0.92890149	
9	0.82866653	
10	0.8317147	
11	0.82803029	
12	0.76135873	
13	0.74565592	
14	0.7565926	
15	0.76041574	
16	0.74736307	
17	0.76117133	
18	0.71678393	
19	0.69774784	
20	0.83767966	
21	0.68177512	
22	0.68447003	
23	0.68262481	
24	0.68146176	
25	0.68078493	
26	0.67986735	
27	0.67946595	
28	0.67977641	
29	0.67806057	
30	0.67715852	
31	0.67598498	
32	0.67369761	
33	0.67354402	
34	0.67339545	
35	0.67330005	
36	0.67337848	
37	0.6727736	
38	0.67192969	
39	0.67183685	
40	0.66937415	
41	0.66913773	
42	0.66883549	
43	0.66882798	
44	0.66882904	
45	0.66905632	
50	0.66907756	
55	0.66902379	
60	0.66901246	
65	0.6690212	
70	0.6690194	
75	0.669018	
80	0.66901663	
85	0.66901526	


ord=1
wave=450 nm
zenith, km	60	
Stoks:	      1.263281	  -0.049396833	-9.2702219e-05	             0	
enhancement factor
0	45.626038	45.800927	25.334479	0	
0.05	17.621035	17.805947	13.923671	0	
0.1	7.1897129	7.2751527	10.49302	0	
0.15	3.8289609	3.8632364	6.9767137	0	
0.2	2.6799913	2.6953524	4.6858251	0	
0.25	2.265354	2.2724062	3.7196029	0	
0.3	2.1078147	2.1115954	2.4525696	0	
0.35	2.0450338	2.0471358	2.22327	0	
0.4	2.0189042	2.0199619	2.1174997	0	
0.45	2.0075424	2.008008	2.0301902	0	
0.5	2.0024015	2.0026022	1.9695072	0	
0.55	1.9999851	2.0000731	1.9682563	0	
0.6	1.9987901	1.9988823	1.9911949	0	
0.65	1.9981734	1.9982189	2.0020978	0	
0.7	1.9978341	1.9978477	2.0128188	0	
0.75	1.9976338	1.9976375	2.0125632	0	
0.8	1.9975038	1.9975018	2.0117532	0	
0.85	1.9974092	1.9974027	2.0029373	0	
0.9	1.9973349	1.9973207	1.9985463	0	
0.95	1.9972726	1.997256	1.99767	0	
1	1.9971905	1.997173	1.9975996	0	
1.1	1.9970895	1.9970714	1.9975059	0	
1.2	1.9969929	1.9969745	1.9974122	0	
1.3	1.996898	1.9968795	1.9973185	0	
1.4	1.9968038	1.9967852	1.9972248	0	
1.5	1.9967099	1.9966913	1.9971311	0	
1.6	1.9966162	1.9965976	1.9970375	0	
1.7	1.9965225	1.9965039	1.9969438	0	
1.8	1.996429	1.9964104	1.9968502	0	
1.9	1.9963354	1.9963168	1.9967566	0	
2	1.9961951	1.9961765	1.9966163	0	
2.2	1.9960082	1.9959896	1.9964292	0	
2.4	1.9958213	1.9958027	1.9962421	0	
2.6	1.9956345	1.9956159	1.9960551	0	
2.8	1.9954477	1.9954292	1.9958682	0	
3	1.9952611	1.9952425	1.9956814	0	
3.2	1.9951211	1.9951026	1.9955414	0	
3.3	1.9950278	1.9950093	1.995448	0	
3.4	1.994888	1.9948694	1.995308	0	
3.6	1.9947015	1.994683	1.9951214	0	
3.8	1.9945151	1.9944966	1.9949349	0	
4	1.9942357	1.9942171	1.9946552	0	
4.4	1.9940029	1.9939844	1.9944223	0	
4.5	1.9938168	1.9937983	1.994236	0	
4.8	1.9935842	1.9935657	1.9940033	0	
5	1.9932588	1.9932403	1.9936776	0	
5.5	1.9927944	1.9927759	1.9932128	0	
6	1.9923442	1.9923257	1.9927623	0	
6.47	1.9914175	1.9913991	1.9918349	0	
8	1.9902475	1.9902291	1.9906639	0	
9	1.9893245	1.9893062	1.9897403	0	
10	1.9884033	1.988385	1.9888184	0	
11	1.9874838	1.9874655	1.9878982	0	
12	1.986566	1.9865478	1.9869797	0	
13	1.9856499	1.9856317	1.9860629	0	
14	1.9847355	1.9847173	1.9851478	0	
15	1.9838228	1.9838046	1.9842344	0	
16	1.9829118	1.9828937	1.9833226	0	
17	1.9820025	1.9819843	1.9824126	0	
18	1.9810948	1.9810767	1.9815042	0	
19	1.9801888	1.9801707	1.9805976	0	
20	1.9792845	1.9792664	1.9796925	0	
21	1.9783818	1.9783638	1.9787892	0	
22	1.9774808	1.9774628	1.9778875	0	
23	1.9765814	1.9765635	1.9769874	0	
24	1.9756837	1.9756658	1.976089	0	
25	1.9747877	1.9747698	1.9751923	0	
26	1.9738932	1.9738754	1.9742972	0	
27	1.9730004	1.9729826	1.9734037	0	
28	1.9721092	1.9720915	1.9725119	0	
29	1.9712197	1.9712019	1.9716216	0	
30	1.9703318	1.970314	1.970733	0	
31	1.9694454	1.9694278	1.969846	0	
32	1.9685607	1.9685431	1.9689607	0	
33	1.9676776	1.96766	1.9680769	0	
34	1.9667961	1.9667785	1.9671947	0	
35	1.9659162	1.9658987	1.9663142	0	
36	1.9650379	1.9650204	1.9654352	0	
37	1.9641612	1.9641437	1.9645578	0	
38	1.963286	1.9632685	1.963682	0	
39	1.9624125	1.962395	1.9628078	0	
40	1.9615405	1.961523	1.9619351	0	
41	1.96067	1.9606526	1.9610641	0	
42	1.9598012	1.9597838	1.9601945	0	
43	1.9589339	1.9589165	1.9593266	0	
44	1.9580681	1.9580508	1.9584602	0	
45	1.9554817	1.9554645	1.9558718	0	
50	1.9511991	1.951182	1.9515861	0	
55	1.9469544	1.9469375	1.9473383	0	
60	1.9427471	1.9427303	1.9431279	0	
65	1.9385767	1.93856	1.9389544	0	
70	1.9344426	1.934426	1.9348173	0	
75	1.9303443	1.9303279	1.9307161	0	
80	1.9262815	1.9262652	1.9266503	0	
85	1.9222535	1.9222373	1.9226194	0	


precision, %
wave=450 nm
height, km	60	
0	0.01374292	
0.05	0.016611607	
0.1	0.02079111	
0.15	0.019180142	
0.2	0.01646345	
0.25	0.015906083	
0.3	0.015708291	
0.35	0.015922173	
0.4	0.016259529	
0.45	0.016513139	
0.5	0.016575995	
0.55	0.016607112	
0.6	0.016621061	
0.65	0.016627699	
0.7	0.016630991	
0.75	0.016632422	
0.8	0.016633532	
0.85	0.016638114	
0.9	0.016643772	
0.95	0.016645015	
1	0.016645113	
1.1	0.016645173	
1.2	0.016645196	
1.3	0.016645206	
1.4	0.01664521	
1.5	0.016645211	
1.6	0.016645211	
1.7	0.01664521	
1.8	0.01664521	
1.9	0.016645209	
2	0.016645207	
2.2	0.016645205	
2.4	0.016645203	
2.6	0.016645201	
2.8	0.016645199	
3	0.016645197	
3.2	0.016645195	
3.3	0.016645194	
3.4	0.016645192	
3.6	0.01664519	
3.8	0.016645188	
4	0.016645184	
4.4	0.016645182	
4.5	0.01664518	
4.8	0.016645177	
5	0.016645173	
5.5	0.016645168	
6	0.016645162	
6.47	0.016645151	
8	0.016645138	
9	0.016645127	
10	0.016645116	
11	0.016645105	
12	0.016645095	
13	0.016645084	
14	0.016645073	
15	0.016645063	
16	0.016645052	
17	0.016645041	
18	0.016645031	
19	0.01664502	
20	0.01664501	
21	0.016644999	
22	0.016644989	
23	0.016644978	
24	0.016644968	
25	0.016644957	
26	0.016644947	
27	0.016644937	
28	0.016644926	
29	0.016644916	
30	0.016644906	
31	0.016644895	
32	0.016644885	
33	0.016644875	
34	0.016644865	
35	0.016644855	
36	0.016644844	
37	0.016644834	
38	0.016644824	
39	0.016644814	
40	0.016644804	
41	0.016644794	
42	0.016644784	
43	0.016644774	
44	0.016644764	
45	0.016644734	
50	0.016644685	
55	0.016644636	
60	0.016644588	
65	0.01664454	
70	0.016644493	
75	0.016644447	
80	0.016644401	
85	0.016644355	


-------------------------------------------------
tet=89  fi=90
	60	
450	0.018004317	

	60	
450	-23.176106	

	60	
450	0.94787804	



ord=1
	60	
450	28.945328	

	60	
450	-31.48236	

	60	
450	0.064116247	

enhancement factor
ord=0
wave=450 nm
zenith, km	60	
Stoks:	     1.1312446	    0.26217845	  -0.060282566	 2.3204782e-05	
enhancement factor
0	35.940123	36.120987	40.413382	-538.63255	
0.05	14.190213	14.879956	19.842586	-878.38396	
0.1	6.8563261	7.4572194	11.242678	-663.76306	
0.15	4.4168713	4.9462859	8.5533276	-509.02043	
0.2	3.4714334	3.9124221	6.7773563	-359.67882	
0.25	3.1400388	3.5697025	6.0581976	-329.35187	
0.3	2.9519275	3.411164	5.4432555	-290.40356	
0.35	2.8388421	3.2599851	5.1451846	-226.41362	
0.4	2.7791338	3.1776226	4.9909668	-214.37873	
0.45	2.7141996	3.1056503	4.8812281	-215.67058	
0.5	2.6821745	3.0738068	4.7401569	-204.72839	
0.55	2.6561475	3.0078983	4.6383017	-218.44941	
0.6	2.63156	2.9806122	4.506224	-248.95786	
0.65	2.5876588	2.8844331	4.3367329	-174.64011	
0.7	2.5732323	2.8483872	4.2417081	-147.56282	
0.75	2.5640859	2.8258369	4.0695238	-105.97044	
0.8	2.5664986	2.8046892	4.4421303	-88.434228	
0.85	2.5411469	2.80388	4.2856677	-115.85398	
0.9	2.5178208	2.7940742	4.0111323	-127.99798	
0.95	2.5049091	2.7756766	3.9167179	-90.385845	
1	2.4864489	2.7257763	3.9562813	-65.08815	
1.1	2.475908	2.6998523	4.073608	-66.830528	
1.2	2.4577933	2.6530601	3.7190627	-99.787428	
1.3	2.4470013	2.6197512	3.5806216	-112.85785	
1.4	2.4368004	2.6154614	3.6646315	-72.479875	
1.5	2.4387946	2.6333044	3.6961898	-104.22753	
1.6	2.4166021	2.5599991	3.5045643	-111.24282	
1.7	2.4089736	2.5402564	3.3720784	-66.062958	
1.8	2.3962211	2.5044006	3.3087938	-48.378377	
1.9	2.420571	2.5511818	3.2609771	-15.467721	
2	2.3786203	2.5203104	3.2932317	-27.514417	
2.2	2.3551859	2.4947342	3.2659739	-42.336724	
2.4	2.3529215	2.4642527	3.2098912	27.851246	
2.6	2.3259079	2.4208005	3.0640737	-41.719649	
2.8	2.3326354	2.4021397	3.21876	-34.98642	
3	2.3279828	2.3841498	3.1697147	-23.892854	
3.2	2.3047971	2.3686845	3.1348921	-14.789823	
3.3	2.3072857	2.3151104	3.1570668	9.2314669	
3.4	2.3080429	2.2939113	3.0523719	8.6615258	
3.6	2.3103724	2.3154485	2.7804579	-24.477492	
3.8	2.2901276	2.3112582	2.7427386	-16.684581	
4	2.2998661	2.3293952	2.8406737	-12.025877	
4.4	2.3109589	2.3398843	2.9460799	3.2382398	
4.5	2.3269718	2.3764564	3.1359917	51.329123	
4.8	2.3251319	2.4084024	3.2701012	95.613394	
5	2.2943605	2.3458469	3.1399629	49.598279	
5.5	2.2924774	2.3430039	3.0949197	22.360615	
6	2.3005715	2.3662913	3.0171073	50.689522	
6.47	2.2883495	2.3363139	2.9250383	17.964204	
8	2.2642986	2.2929332	2.9052195	109.32434	
9	2.2090043	2.2634052	2.4857718	35.979445	
10	2.1740043	2.2280806	2.3471263	7.4616607	
11	2.1489938	2.1672024	2.3055844	-1.3510255	
12	2.1259979	2.1574316	2.4218224	42.285986	
13	2.1020804	2.1195047	2.3497793	18.639169	
14	2.0938774	2.105634	2.331758	20.650665	
15	2.0793313	2.0734799	2.2577899	33.570625	
16	2.0773135	2.0477506	2.4184051	-25.233279	
17	2.0765621	2.0705666	1.9268157	101.1971	
18	2.057946	2.0478591	1.9523009	83.946853	
19	2.0320969	2.0114953	2.2437651	15.825588	
20	2.0311977	2.0137608	2.3169776	19.242095	
21	2.0084305	1.9966069	2.1055348	0.49698409	
22	2.0047027	1.992569	2.0759505	-5.016699	
23	1.9994135	1.98843	2.0630071	-4.0195516	
24	1.9934163	1.9858615	2.0489745	-3.089311	
25	1.9905773	1.9837659	2.0386689	-1.7548429	
26	1.9887582	1.9825872	2.0326361	-1.5009338	
27	1.9870204	1.980352	2.0271726	-2.1384307	
28	1.9858457	1.976206	2.0209988	-2.4840541	
29	1.9824244	1.9762957	2.0051628	-2.8292367	
30	1.9798819	1.9764958	2.001371	-2.7496578	
31	1.9768407	1.975013	1.9959751	-1.2975886	
32	1.9744043	1.973417	1.9922506	-0.32290062	
33	1.9734671	1.9725152	1.9910672	-0.25838444	
34	1.9725841	1.9716227	1.9903612	-0.20462256	
35	1.9715392	1.9708114	1.9871685	0.060983122	
36	1.9704576	1.9699749	1.9834356	0.3247499	
37	1.9691451	1.9687047	1.978336	1.0777239	
38	1.9678233	1.9675221	1.9720461	1.5946134	
39	1.9668374	1.9666035	1.9706786	1.6044289	
40	1.9652415	1.9645118	1.9749874	1.7262394	
41	1.9642562	1.9634644	1.9736218	1.8030637	
42	1.9631741	1.9622486	1.9700432	2.0817761	
43	1.9622973	1.9613709	1.969152	2.0826068	
44	1.9614255	1.960502	1.9682728	2.0810428	
45	1.9586879	1.9581103	1.9670591	1.7940889	
50	1.9543916	1.9538336	1.9628431	1.7799148	
55	1.9501032	1.9496206	1.9583474	1.7366128	
60	1.9458293	1.9453779	1.9535035	1.7785472	
65	1.9416212	1.9411665	1.94906	1.8045844	
70	1.9374637	1.9370105	1.9448357	1.801454	
75	1.9333414	1.9328917	1.9406547	1.7983469	
80	1.9292547	1.9288086	1.9365101	1.7952628	
85	1.9252033	1.9247606	1.9324015	1.7922015	


precision, %
wave=450 nm
height, km	60	
0	1.0160327	
0.05	1.2902392	
0.1	1.3861699	
0.15	1.4277219	
0.2	1.3153617	
0.25	1.3478337	
0.3	1.4935628	
0.35	1.4750837	
0.4	1.5026519	
0.45	1.4157113	
0.5	1.4441016	
0.55	1.409674	
0.6	1.4078628	
0.65	1.2740053	
0.7	1.3397424	
0.75	1.3696089	
0.8	1.4043269	
0.85	1.3292208	
0.9	1.2840808	
0.95	1.3118305	
1	1.2735327	
1.1	1.3484512	
1.2	1.2979139	
1.3	1.2268575	
1.4	1.3064732	
1.5	1.3405758	
1.6	1.2712082	
1.7	1.2620911	
1.8	1.2777226	
1.9	1.5762272	
2	1.1420051	
2.2	1.1103251	
2.4	1.3909435	
2.6	1.1939364	
2.8	1.3520812	
3	1.2904323	
3.2	1.1432762	
3.3	1.2385421	
3.4	1.2166202	
3.6	1.2539388	
3.8	1.1876581	
4	1.1770561	
4.4	1.2672052	
4.5	1.3462692	
4.8	1.484404	
5	1.3068419	
5.5	1.5055891	
6	1.48134	
6.47	1.3589411	
8	1.6241541	
9	1.2811188	
10	1.239085	
11	1.2064306	
12	1.1613443	
13	1.1187228	
14	1.265511	
15	1.2196919	
16	1.2534557	
17	1.4915184	
18	1.3367226	
19	1.009139	
20	1.2632494	
21	0.98988754	
22	0.99260797	
23	0.98350388	
24	0.9822574	
25	0.97938315	
26	0.97747017	
27	0.97771752	
28	0.97836096	
29	0.97099961	
30	0.96835366	
31	0.96926572	
32	0.96138972	
33	0.96106661	
34	0.96065249	
35	0.96015656	
36	0.96003638	
37	0.96105997	
38	0.96054941	
39	0.96030674	
40	0.9484971	
41	0.94776913	
42	0.947623	
43	0.94762278	
44	0.94762399	
45	0.94799089	
50	0.94800996	
55	0.94794613	
60	0.9479454	
65	0.94796235	
70	0.94796365	
75	0.94796282	
80	0.947962	
85	0.9479612	


ord=1
wave=450 nm
zenith, km	60	
Stoks:	    0.32744245	    0.10308661	    0.17865266	             0	
enhancement factor
0	34.454034	34.330881	34.329725	0	
0.05	12.368148	12.452811	12.469959	0	
0.1	5.4277671	5.480067	5.4875628	0	
0.15	3.2036883	3.232191	3.2331044	0	
0.2	2.4460098	2.4611157	2.4609842	0	
0.25	2.174426	2.1817657	2.1813193	0	
0.3	2.0715718	2.0748328	2.0749716	0	
0.35	2.0305632	2.0320215	2.0321953	0	
0.4	2.013523	2.0141832	2.0142722	0	
0.45	2.0060519	2.0064307	2.006454	0	
0.5	2.0026535	2.002883	2.0028983	0	
0.55	2.0010653	2.0011795	2.0011902	0	
0.6	2.0002541	2.0003007	2.0003247	0	
0.65	1.9998325	1.9998577	1.9998678	0	
0.7	1.9995922	1.9996093	1.9996065	0	
0.75	1.9994462	1.9994514	1.9994487	0	
0.8	1.9993452	1.9993443	1.9993418	0	
0.85	1.9992636	1.9992649	1.9992655	0	
0.9	1.9991961	1.999202	1.9992013	0	
0.95	1.9991385	1.9991444	1.9991435	0	
1	1.9990603	1.9990652	1.9990643	0	
1.1	1.9989615	1.9989657	1.9989649	0	
1.2	1.9988656	1.9988695	1.9988687	0	
1.3	1.9987708	1.9987746	1.9987737	0	
1.4	1.9986764	1.9986802	1.9986793	0	
1.5	1.9985823	1.9985861	1.9985852	0	
1.6	1.9984883	1.998492	1.9984912	0	
1.7	1.9983944	1.9983981	1.9983972	0	
1.8	1.9983005	1.9983042	1.9983033	0	
1.9	1.9982066	1.9982103	1.9982095	0	
2	1.9980659	1.9980696	1.9980687	0	
2.2	1.9978783	1.997882	1.9978811	0	
2.4	1.9976908	1.9976944	1.9976936	0	
2.6	1.9975033	1.997507	1.9975061	0	
2.8	1.9973159	1.9973196	1.9973187	0	
3	1.9971286	1.9971323	1.9971314	0	
3.2	1.9969882	1.9969919	1.996991	0	
3.3	1.9968946	1.9968983	1.9968974	0	
3.4	1.9967542	1.9967579	1.996757	0	
3.6	1.9965671	1.9965708	1.9965699	0	
3.8	1.9963801	1.9963838	1.9963829	0	
4	1.9960997	1.9961034	1.9961025	0	
4.4	1.9958661	1.9958698	1.9958689	0	
4.5	1.9956794	1.995683	1.9956822	0	
4.8	1.995446	1.9954497	1.9954488	0	
5	1.9951195	1.9951232	1.9951223	0	
5.5	1.9946534	1.9946571	1.9946562	0	
6	1.9942017	1.9942054	1.9942045	0	
6.47	1.9932719	1.9932755	1.9932747	0	
8	1.9920978	1.9921015	1.9921006	0	
9	1.9911717	1.9911754	1.9911745	0	
10	1.9902474	1.990251	1.9902502	0	
11	1.9893247	1.9893284	1.9893275	0	
12	1.9884038	1.9884074	1.9884066	0	
13	1.9874846	1.9874882	1.9874874	0	
14	1.9865671	1.9865707	1.9865699	0	
15	1.9856513	1.9856549	1.9856541	0	
16	1.9847372	1.9847408	1.9847399	0	
17	1.9838248	1.9838283	1.9838275	0	
18	1.982914	1.9829176	1.9829168	0	
19	1.982005	1.9820085	1.9820077	0	
20	1.9810976	1.9811011	1.9811003	0	
21	1.9801919	1.9801954	1.9801946	0	
22	1.9792878	1.9792914	1.9792905	0	
23	1.9783854	1.978389	1.9783881	0	
24	1.9774847	1.9774882	1.9774874	0	
25	1.9765856	1.9765891	1.9765883	0	
26	1.9756882	1.9756917	1.9756909	0	
27	1.9747924	1.9747959	1.9747951	0	
28	1.9738982	1.9739017	1.9739009	0	
29	1.9730057	1.9730092	1.9730084	0	
30	1.9721148	1.9721183	1.9721175	0	
31	1.9712255	1.971229	1.9712282	0	
32	1.9703378	1.9703413	1.9703405	0	
33	1.9694518	1.9694553	1.9694545	0	
34	1.9685673	1.9685708	1.96857	0	
35	1.9676845	1.967688	1.9676872	0	
36	1.9668033	1.9668068	1.9668059	0	
37	1.9659236	1.9659271	1.9659263	0	
38	1.9650456	1.965049	1.9650482	0	
39	1.9641691	1.9641726	1.9641718	0	
40	1.9632942	1.9632977	1.9632969	0	
41	1.9624209	1.9624244	1.9624236	0	
42	1.9615492	1.9615526	1.9615518	0	
43	1.960679	1.9606824	1.9606816	0	
44	1.9598104	1.9598138	1.959813	0	
45	1.9572155	1.9572189	1.9572181	0	
50	1.9529188	1.9529222	1.9529214	0	
55	1.9486603	1.9486636	1.9486628	0	
60	1.9444393	1.9444426	1.9444418	0	
65	1.9402553	1.9402587	1.9402579	0	
70	1.9361079	1.9361112	1.9361105	0	
75	1.9319966	1.9319998	1.9319991	0	
80	1.9279208	1.927924	1.9279232	0	
85	1.92388	1.9238832	1.9238824	0	


precision, %
wave=450 nm
height, km	60	
0	0.070048593	
0.05	0.090888962	
0.1	0.10554699	
0.15	0.087789654	
0.2	0.069225362	
0.25	0.063750249	
0.3	0.061598046	
0.35	0.061834759	
0.4	0.062864749	
0.45	0.063715394	
0.5	0.063901724	
0.55	0.063994938	
0.6	0.064036506	
0.65	0.064055706	
0.7	0.064065143	
0.75	0.064068891	
0.8	0.064072187	
0.85	0.064088942	
0.9	0.064109851	
0.95	0.064114345	
1	0.064114593	
1.1	0.064114747	
1.2	0.06411481	
1.3	0.064114838	
1.4	0.06411485	
1.5	0.064114857	
1.6	0.06411486	
1.7	0.064114862	
1.8	0.064114863	
1.9	0.064114864	
2	0.064114865	
2.2	0.064114865	
2.4	0.064114866	
2.6	0.064114866	
2.8	0.064114866	
3	0.064114867	
3.2	0.064114867	
3.3	0.064114867	
3.4	0.064114867	
3.6	0.064114868	
3.8	0.064114868	
4	0.064114869	
4.4	0.064114869	
4.5	0.064114869	
4.8	0.06411487	
5	0.064114871	
5.5	0.064114871	
6	0.064114872	
6.47	0.064114874	
8	0.064114876	
9	0.064114878	
10	0.064114879	
11	0.064114881	
12	0.064114883	
13	0.064114885	
14	0.064114886	
15	0.064114888	
16	0.06411489	
17	0.064114891	
18	0.064114893	
19	0.064114895	
20	0.064114896	
21	0.064114898	
22	0.0641149	
23	0.064114901	
24	0.064114903	
25	0.064114905	
26	0.064114906	
27	0.064114908	
28	0.064114909	
29	0.064114911	
30	0.064114913	
31	0.064114914	
32	0.064114916	
33	0.064114918	
34	0.064114919	
35	0.064114921	
36	0.064114922	
37	0.064114924	
38	0.064114926	
39	0.064114927	
40	0.064114929	
41	0.06411493	
42	0.064114932	
43	0.064114933	
44	0.064114935	
45	0.06411494	
50	0.064114947	
55	0.064114955	
60	0.064114963	
65	0.06411497	
70	0.064114978	
75	0.064114985	
80	0.064114992	
85	0.064114999	


-------------------------------------------------
tet=89  fi=180
	60	
450	0.018616519	

	60	
450	8.0391948	

	60	
450	0.99869384	



ord=1
	60	
450	30.411654	

	60	
450	6.5728512	

	60	
450	0.058955578	

enhancement factor
ord=0
wave=450 nm
zenith, km	60	
Stoks:	     1.1697104	  -0.094035298	-0.00083678157	 0.00015642913	
enhancement factor
0	35.878935	32.223318	31.813987	49.146415	
0.05	13.975201	9.294508	36.042921	6.7717115	
0.1	6.7416372	2.9132517	6.2125486	3.1455309	
0.15	4.312732	0.56917851	28.334789	-4.3667998	
0.2	3.4168516	0.3042468	-10.011856	3.8435087	
0.25	3.0647647	0.10642192	-0.61189704	1.1296532	
0.3	2.9104559	-0.1407981	-29.070385	13.166389	
0.35	2.8015029	-0.039231937	-14.056085	5.1148732	
0.4	2.7329996	0.093395935	-8.7250063	8.4908303	
0.45	2.6650746	0.20509471	-2.1042575	5.3150914	
0.5	2.6268635	0.20928945	1.0210942	3.3340011	
0.55	2.595857	0.33486116	3.1390499	3.0172186	
0.6	2.5757699	0.32029672	-1.3008827	2.8202944	
0.65	2.5427024	0.44543156	2.0986493	2.6805031	
0.7	2.5275756	0.48078623	5.6364634	2.6953067	
0.75	2.5208283	0.49293706	4.9316124	5.2500289	
0.8	2.5380941	0.4114638	17.668367	10.267587	
0.85	2.5122902	0.44293607	15.182082	5.3515889	
0.9	2.5084028	0.50440953	-0.3170569	3.0968037	
0.95	2.4963597	0.53169694	-0.37944028	5.2185733	
1	2.4845657	0.6072487	0.33747233	8.5237124	
1.1	2.4875968	0.66448659	10.042001	10.643201	
1.2	2.4730086	0.66065711	2.2580593	11.221994	
1.3	2.4510913	0.8252643	-0.079245276	4.7273548	
1.4	2.4424094	0.85950033	5.4276429	6.1724609	
1.5	2.4325367	0.75544414	3.8732261	16.970866	
1.6	2.4135985	0.93658761	-0.76668377	8.8603653	
1.7	2.3959501	0.9998099	1.9405233	5.0707802	
1.8	2.3807546	0.96989709	6.9930353	3.9879176	
1.9	2.3935472	0.88634843	-3.99825	-7.7861047	
2	2.366894	0.99924758	14.108438	3.9853702	
2.2	2.346398	1.0002254	1.8333557	5.5226782	
2.4	2.318668	1.1287083	7.2188386	6.2978565	
2.6	2.3137961	1.2177168	4.8867263	4.5165607	
2.8	2.3080311	1.2411763	4.8194771	4.3919131	
3	2.3136723	1.23101	-1.8810716	4.8850325	
3.2	2.298085	1.2963543	1.2637361	6.2431378	
3.3	2.3035315	1.4037247	3.8351562	7.2523194	
3.4	2.3099786	1.4722487	1.8315508	7.6534004	
3.6	2.3128469	1.4785731	-17.838327	6.634169	
3.8	2.2925571	1.4302741	-13.108393	10.874304	
4	2.3003458	1.4173566	-5.7374154	10.954568	
4.4	2.3259359	1.5026436	-7.9495032	6.3118051	
4.5	2.343644	1.3253918	12.788202	12.827602	
4.8	2.3438898	1.296672	23.303741	16.806008	
5	2.3074077	1.3946616	21.742506	12.58084	
5.5	2.2728282	1.3267094	20.026337	8.8996718	
6	2.2717445	1.3800129	18.034448	4.7846317	
6.47	2.2857393	1.427056	11.155023	2.2745028	
8	2.2623555	1.4676359	28.338064	11.381052	
9	2.2092072	1.563251	-18.292774	3.3656329	
10	2.1784288	1.6288604	-19.10729	1.1661752	
11	2.1567267	1.7838451	-17.936334	-5.9205961	
12	2.1175889	1.7978846	6.4478666	-0.15879414	
13	2.099039	1.8333447	4.1973544	-3.4567775	
14	2.0877925	1.8398493	2.5873813	-3.5886081	
15	2.0745761	1.9430687	5.5334884	0.059659023	
16	2.0814666	2.0077701	19.337007	-7.2421796	
17	2.069191	1.9678294	-1.9720377	2.7112011	
18	2.0450658	1.9786615	5.7772259	1.5656764	
19	2.0353239	2.0161807	17.827259	1.2324665	
20	2.0370038	2.041895	21.34722	1.2344803	
21	2.011909	1.9681133	6.4814024	0.30287864	
22	2.0066755	1.9635823	5.7804469	0.0066042415	
23	2.0021748	1.9676712	4.2816327	0.76593728	
24	1.9968924	1.9660023	2.0168932	1.4050259	
25	1.9941263	1.9672423	1.327397	1.6257948	
26	1.9921928	1.9642888	1.0552857	1.7224156	
27	1.9897548	1.961393	1.2854215	1.6915098	
28	1.9883256	1.9688198	1.1199069	1.6745601	
29	1.9853837	1.9715698	0.78341348	1.5796273	
30	1.9831056	1.9703533	0.70672928	1.6059902	
31	1.9806177	1.9754745	0.11453428	1.9860849	
32	1.9774114	1.9795062	1.5752774	2.375412	
33	1.9764631	1.9785954	1.5614082	2.375721	
34	1.9756063	1.9783204	1.5502564	2.3801421	
35	1.9745207	1.9777577	1.2675204	2.3670126	
36	1.9733439	1.9766158	0.97158431	2.3486047	
37	1.9718596	1.9766939	1.0808195	2.3309451	
38	1.9703398	1.9738767	1.3389755	2.2016912	
39	1.9693513	1.9725391	1.383052	2.1765375	
40	1.9679928	1.9760075	1.7125928	2.1037912	
41	1.9670003	1.9752356	1.7340668	2.0907315	
42	1.9658174	1.973732	1.7568926	2.0670016	
43	1.9649333	1.9728449	1.7553634	2.0656681	
44	1.9640566	1.9719488	1.7556005	2.0643281	
45	1.9611475	1.9677512	1.9619501	1.9726362	
50	1.9568334	1.9635071	1.9555462	1.9704691	
55	1.9525078	1.9587618	1.9504456	1.9616987	
60	1.9481984	1.9540772	1.9686632	1.9459547	
65	1.9439688	1.9497604	1.9739232	1.9380805	
70	1.9397916	1.9455373	1.9693832	1.9339461	
75	1.9356507	1.9413506	1.9649827	1.9298477	
80	1.9315458	1.9372004	1.960622	1.9257846	
85	1.9274762	1.9330863	1.9563005	1.9217565	


precision, %
wave=450 nm
height, km	60	
0	1.0232912	
0.05	1.3128852	
0.1	1.4369308	
0.15	1.3734346	
0.2	1.2767366	
0.25	1.3239632	
0.3	1.7315608	
0.35	1.4832732	
0.4	1.4931183	
0.45	1.3184514	
0.5	1.3483493	
0.55	1.3178749	
0.6	1.3704487	
0.65	1.2114142	
0.7	1.2184391	
0.75	1.2555812	
0.8	1.4151685	
0.85	1.3273101	
0.9	1.4101035	
0.95	1.4332502	
1	1.4401614	
1.1	1.4814393	
1.2	1.4744799	
1.3	1.405448	
1.4	1.5019276	
1.5	1.424926	
1.6	1.3635411	
1.7	1.3714168	
1.8	1.2798309	
1.9	1.7084921	
2	1.2577019	
2.2	1.2763308	
2.4	1.2280939	
2.6	1.2528856	
2.8	1.2620524	
3	1.281777	
3.2	1.2202801	
3.3	1.2935525	
3.4	1.2875741	
3.6	1.3496451	
3.8	1.2684808	
4	1.2369617	
4.4	1.4812877	
4.5	1.6287348	
4.8	1.7400889	
5	1.5465371	
5.5	1.5006528	
6	1.4408525	
6.47	1.5186699	
8	1.8772996	
9	1.4556493	
10	1.537166	
11	1.4705962	
12	1.211531	
13	1.2051606	
14	1.2356271	
15	1.2465273	
16	1.374211	
17	1.2649351	
18	1.0988592	
19	1.108304	
20	1.3871034	
21	1.068098	
22	1.0610565	
23	1.0528112	
24	1.0503285	
25	1.0491055	
26	1.0455006	
27	1.0453055	
28	1.0426397	
29	1.0337511	
30	1.0268009	
31	1.0269099	
32	1.0097276	
33	1.0094889	
34	1.0091999	
35	1.0084828	
36	1.0081276	
37	1.005005	
38	1.0011793	
39	1.0009752	
40	0.99744275	
41	0.99726565	
42	0.99761011	
43	0.99761629	
44	0.99761954	
45	0.99832119	
50	0.99836942	
55	0.99827873	
60	0.99827626	
65	0.99829876	
70	0.9983013	
75	0.99830341	
80	0.99830549	
85	0.99830756	


ord=1
wave=450 nm
zenith, km	60	
Stoks:	    0.35572828	  -0.023381491	 0.00038392567	             0	
enhancement factor
0	34.502969	34.19037	67.595687	0	
0.05	12.520886	12.365425	70.07502	0	
0.1	5.601537	5.310281	69.307494	0	
0.15	3.3803407	3.0068331	68.668776	0	
0.2	2.5924705	2.2632861	56.925061	0	
0.25	2.1762353	2.1907232	1.6028128	0	
0.3	2.073304	2.0810843	1.9016263	0	
0.35	2.0321717	2.0365014	1.955566	0	
0.4	2.0150338	2.0172	1.9802784	0	
0.45	2.007507	2.0084709	2.0005662	0	
0.5	2.0040751	2.0045052	2.0146094	0	
0.55	2.0024647	2.0026591	2.0148394	0	
0.6	2.0016425	2.0018491	2.0094764	0	
0.65	2.0012135	2.0013253	2.0069051	0	
0.7	2.0009688	2.0010164	2.0043821	0	
0.75	2.0008199	2.0008464	2.0043796	0	
0.8	2.0007171	2.0007316	2.0045032	0	
0.85	2.000635	2.0006415	2.0063565	0	
0.9	2.0005672	2.000559	2.0072364	0	
0.95	2.0005092	2.0004965	2.0073764	0	
1	2.0004305	2.0004159	2.0073049	0	
1.1	2.0003313	2.0003154	2.0072094	0	
1.2	2.000235	2.0002186	2.007114	0	
1.3	2.00014	2.0001232	2.0070187	0	
1.4	2.0000454	2.0000285	2.0069233	0	
1.5	1.999951	1.999934	2.006828	0	
1.6	1.9998568	1.9998398	2.0067326	0	
1.7	1.9997626	1.9997456	2.0066373	0	
1.8	1.9996684	1.9996514	2.006542	0	
1.9	1.9995743	1.9995573	2.0064468	0	
2	1.9994332	1.9994162	2.0063039	0	
2.2	1.9992452	1.9992281	2.0061135	0	
2.4	1.9990572	1.9990402	2.0059231	0	
2.6	1.9988693	1.9988522	2.0057329	0	
2.8	1.9986814	1.9986644	2.0055426	0	
3	1.9984936	1.9984766	2.0053525	0	
3.2	1.9983528	1.9983358	2.0052099	0	
3.3	1.998259	1.998242	2.0051149	0	
3.4	1.9981183	1.9981013	2.0049724	0	
3.6	1.9979307	1.9979137	2.0047825	0	
3.8	1.9977432	1.9977262	2.0045926	0	
4	1.9974621	1.9974451	2.004308	0	
4.4	1.997228	1.997211	2.0040709	0	
4.5	1.9970407	1.9970238	2.0038813	0	
4.8	1.9968068	1.9967898	2.0036444	0	
5	1.9964795	1.9964625	2.0033129	0	
5.5	1.9960122	1.9959953	2.0028398	0	
6	1.9955594	1.9955425	2.0023813	0	
6.47	1.9946272	1.9946103	2.0014374	0	
8	1.9934502	1.9934334	2.0002456	0	
9	1.9925218	1.992505	1.9993056	0	
10	1.9915952	1.9915784	1.9983673	0	
11	1.9906702	1.9906535	1.9974308	0	
12	1.989747	1.9897303	1.996496	0	
13	1.9888255	1.9888088	1.995563	0	
14	1.9879057	1.9878891	1.9946317	0	
15	1.9869877	1.986971	1.9937022	0	
16	1.9860713	1.9860546	1.9927744	0	
17	1.9851566	1.98514	1.9918483	0	
18	1.9842436	1.984227	1.990924	0	
19	1.9833323	1.9833158	1.9900014	0	
20	1.9824227	1.9824062	1.9890804	0	
21	1.9815147	1.9814982	1.9881612	0	
22	1.9806084	1.980592	1.9872437	0	
23	1.9797038	1.9796874	1.9863279	0	
24	1.9788009	1.9787845	1.9854138	0	
25	1.9778996	1.9778832	1.9845014	0	
26	1.9769999	1.9769836	1.9835907	0	
27	1.9761019	1.9760856	1.9826816	0	
28	1.9752056	1.9751893	1.9817742	0	
29	1.9743109	1.9742946	1.9808685	0	
30	1.9734178	1.9734016	1.9799645	0	
31	1.9725264	1.9725102	1.9790621	0	
32	1.9716365	1.9716204	1.9781614	0	
33	1.9707483	1.9707322	1.9772623	0	
34	1.9698617	1.9698456	1.9763648	0	
35	1.9689767	1.9689606	1.975469	0	
36	1.9680934	1.9680773	1.9745749	0	
37	1.9672116	1.9671955	1.9736823	0	
38	1.9663314	1.9663154	1.9727914	0	
39	1.9654528	1.9654368	1.9719021	0	
40	1.9645758	1.9645598	1.9710145	0	
41	1.9637004	1.9636845	1.9701284	0	
42	1.9628265	1.9628106	1.969244	0	
43	1.9619543	1.9619384	1.9683611	0	
44	1.9610836	1.9610677	1.9674799	0	
45	1.9584824	1.9584666	1.9648472	0	
50	1.9541755	1.9541598	1.9604884	0	
55	1.9499067	1.9498912	1.9561685	0	
60	1.9456757	1.9456603	1.9518871	0	
65	1.9414819	1.9414666	1.9476435	0	
70	1.9373248	1.9373096	1.9434372	0	
75	1.9332038	1.9331887	1.9392677	0	
80	1.9291184	1.9291035	1.9351346	0	
85	1.9250683	1.9250535	1.9310373	0	


precision, %
wave=450 nm
height, km	60	
0	0.064232265	
0.05	0.08226245	
0.1	0.09351988	
0.15	0.076028902	
0.2	0.059806003	
0.25	0.058467608	
0.3	0.056592772	
0.35	0.05684385	
0.4	0.057792199	
0.45	0.058569226	
0.5	0.058740987	
0.55	0.058827095	
0.6	0.05886569	
0.65	0.058883447	
0.7	0.058892188	
0.75	0.0588957	
0.8	0.058898737	
0.85	0.058913738	
0.9	0.058932376	
0.95	0.058936394	
1	0.058936632	
1.1	0.058936781	
1.2	0.058936844	
1.3	0.058936873	
1.4	0.058936888	
1.5	0.058936896	
1.6	0.058936901	
1.7	0.058936906	
1.8	0.058936909	
1.9	0.058936912	
2	0.058936916	
2.2	0.058936921	
2.4	0.058936926	
2.6	0.05893693	
2.8	0.058936935	
3	0.05893694	
3.2	0.058936943	
3.3	0.058936946	
3.4	0.058936949	
3.6	0.058936954	
3.8	0.058936958	
4	0.058936965	
4.4	0.058936971	
4.5	0.058936976	
4.8	0.058936982	
5	0.05893699	
5.5	0.058937001	
6	0.058937013	
6.47	0.058937036	
8	0.058937065	
9	0.058937088	
10	0.058937111	
11	0.058937134	
12	0.058937157	
13	0.05893718	
14	0.058937203	
15	0.058937225	
16	0.058937248	
17	0.058937271	
18	0.058937293	
19	0.058937316	
20	0.058937338	
21	0.058937361	
22	0.058937383	
23	0.058937406	
24	0.058937428	
25	0.05893745	
26	0.058937472	
27	0.058937494	
28	0.058937516	
29	0.058937538	
30	0.05893756	
31	0.058937582	
32	0.058937604	
33	0.058937626	
34	0.058937648	
35	0.05893767	
36	0.058937691	
37	0.058937713	
38	0.058937734	
39	0.058937756	
40	0.058937777	
41	0.058937799	
42	0.05893782	
43	0.058937842	
44	0.058937863	
45	0.058937926	
50	0.058938031	
55	0.058938135	
60	0.058938238	
65	0.058938339	
70	0.05893844	
75	0.058938539	
80	0.058938638	
85	0.058938735	


