RT Model MCC++	 O.Postylyakov	ver.72
MixedSimC<atmos::StoksC,MCSimC<atmos::StoksC,MCWMethodC<atmos::StoksC,SphericalGeomT>>,SSSimC<atmos::StoksC,MCSimC<atmos::StoksC,MSSMethodC<atmos::StoksC,SphericalGeomT,1000>>>>	ps::cLCG2C	Density: double	AMFs: Yes	ORDERS_ACCOUNT: ATM_COLLGS_ORDERS
photons passed	base/max expendeture	EPS-breakes	MaxCollgs-Breaks	MinPhWgt-Breaks	average colligions
20000	0.0252291/0.0344294	0	0	0	3.2183	
SpecialSamplingCollgs	ForceCollgSimul	EPS	ssEPS	MaxCollgs	MinPhWgt	BaseMod	
1	0	0.001	1e-12	500	1e-300	0	
Albedo	time	IY
0.05	0.0399	{ 1639850879 1036683689 ; 40014 40692 2147483563 2147483399 }	
 -6370.99	 -6370.99	 -5791.81	 -5212.63	 -4633.45	 -4054.27	 -3475.09	  -2895.9	 -2316.72	 -1737.54	 -1158.36	 -579.181	-9.09495e-13	  12.8571	  25.7143	  38.5714	  51.4286	  64.2857	  77.1429	       90	
        0	        0	0.0080361	 0.024108	 0.040179	 0.056251	 0.072322	 0.088394	  0.10447	  0.12054	  0.13661	  0.15268	  0.16875	0.0039284	0.0039364	0.0039443	0.0039522	0.0039601	 0.003968	 0.003976	
        0	        0	        0	        0	        0	        0	        0	        0	        0	        0	        0	        0	        0	        0	        0	        0	        0	        0	        0	        0	
        0	        0	        0	        0	        0	        0	        0	        0	        0	        0	        0	        0	        0	        0	        0	        0	        0	        0	        0	        0	

-------------------------------------------------
tet=84  fi=0
	60	
450	0.07026	

	60	
450	0.36666	

	60	
450	0.46888	



ord=1
	60	
450	57.444	

	60	
450	2.8287	

	60	
450	0.008052	

enhancement factor
ord=0
wave=450 nm
zenith, km	60	
Stoks:	     4.4145897	  -0.016186367	 -0.0017905518	-0.00029955725	
enhancement factor
0	9.5039357	9.1411064	16.1125	8.5537997	
0.05	9.0773115	6.9866548	21.736976	2.1876199	
0.1	8.1846927	3.3069582	9.4743343	9.5951299	
0.15	7.4071887	-1.6126	-6.8208677	11.698212	
0.2	6.3890039	-11.01899	4.7893614	3.1437085	
0.25	5.8562797	-10.743025	4.1327232	0.66414228	
0.3	5.4182073	-12.486416	4.2304002	5.4636789	
0.35	5.053057	-15.059738	21.804718	2.9275523	
0.4	4.7259758	-16.292624	10.148117	-1.6468632	
0.45	4.4165588	-13.181816	4.8063366	0.14731378	
0.5	4.1622045	-11.644228	6.6878733	1.3817017	
0.55	3.9442542	-13.66292	10.863283	-2.3184777	
0.6	3.7667514	-14.324784	9.4148558	-3.5639699	
0.65	3.5977941	-12.90943	10.933004	-2.9192783	
0.7	3.4328018	-12.781587	1.9075647	-1.3120336	
0.75	3.3123504	-13.236356	0.2187393	-5.6539433	
0.8	3.205731	-15.281094	-8.9767364	-4.2615685	
0.85	3.0977314	-13.861617	-3.561981	-1.5114445	
0.9	3.0230186	-13.917013	-11.958229	-0.56376627	
0.95	2.945994	-12.9971	4.051709	-2.7339822	
1	2.8514799	-13.286002	-0.8512939	-2.4341234	
1.1	2.7493975	-12.944808	8.1333022	-4.1211479	
1.2	2.653207	-11.79216	8.0063749	-1.2363644	
1.3	2.5889885	-11.63799	17.128742	0.19498712	
1.4	2.5299489	-11.879182	16.4937	7.5273071	
1.5	2.4717608	-10.920054	9.2027752	0.66302313	
1.6	2.4232596	-10.322108	16.532325	3.9694717	
1.7	2.3885528	-9.9044434	18.221582	2.5634836	
1.8	2.3580831	-10.033773	11.694516	2.9982821	
1.9	2.3375817	-10.58839	10.117869	4.6854421	
2	2.3115771	-11.090876	12.684591	4.3994671	
2.2	2.2724801	-9.7138581	5.9592979	3.5354882	
2.4	2.2490953	-8.1156069	3.7473455	5.4681641	
2.6	2.2340752	-8.7447065	15.617955	4.8452079	
2.8	2.2237056	-8.6287451	11.943865	3.6664681	
3	2.2039356	-8.339451	12.746302	5.3680575	
3.2	2.1846255	-7.9073814	15.154527	5.0019632	
3.3	2.1786476	-7.8856917	13.432937	3.9022245	
3.4	2.1797517	-9.0158646	14.060793	0.29427707	
3.6	2.1696935	-9.5567391	15.747764	-2.5899471	
3.8	2.165753	-10.077189	12.081566	-5.2912446	
4	2.1564689	-9.6944644	25.674087	3.0969503	
4.4	2.1394614	-8.5620009	17.198937	3.3347033	
4.5	2.1350202	-8.8157866	19.555002	3.3976938	
4.8	2.1329115	-8.900515	27.330007	0.82759649	
5	2.1363171	-7.1877439	21.46833	-0.7383439	
5.5	2.1411972	-6.2986242	31.347326	-1.8919382	
6	2.1371404	-7.6668788	29.426951	-1.6078946	
6.47	2.1112539	-7.3058155	32.3527	2.7613914	
8	2.1026873	-6.7902988	24.237939	-6.1744472	
9	2.1042634	-9.0144282	5.7038917	-3.5116033	
10	2.0878314	-4.9966855	28.208532	-7.9659405	
11	2.0663196	-3.3891153	19.846761	-4.416519	
12	2.0552433	-3.4217142	10.240516	-6.161888	
13	2.0429661	-2.8339653	6.9350892	-3.3862459	
14	2.0346834	-2.3737298	7.001812	-1.6014885	
15	2.0300861	-2.9483469	4.140612	5.3325407	
16	2.0232875	-1.8562462	9.3625295	2.097489	
17	2.0212018	-2.2906815	10.460948	9.0096258	
18	2.0132198	-1.2005593	6.6540497	8.1294781	
19	2.0069215	-0.5962464	5.9492814	7.5605021	
20	2.0009875	-0.044915571	6.527104	6.6145411	
21	1.9935891	0.66930234	5.4277804	2.6672827	
22	1.9975521	0.7922004	-10.878159	3.3977035	
23	1.9871261	0.9802269	3.2730518	2.0849929	
24	1.9836406	1.1950014	3.0965836	2.1168775	
25	1.9816663	1.3102856	2.7633304	2.2352845	
26	1.9797023	1.4189227	2.4716596	2.5049491	
27	1.9784853	1.4681087	2.4646434	2.4932504	
28	1.9772896	1.4678479	2.4957992	2.5208549	
29	1.975565	1.4859834	2.9538868	2.076886	
30	1.9737769	1.576867	3.6973426	1.5373896	
31	1.9724269	1.6743142	4.2632467	1.4680014	
32	1.9709488	1.7728541	4.4585534	0.86969079	
33	1.9697962	1.7978237	4.0709483	0.90033052	
34	1.9687434	1.8087928	3.9055001	0.85595193	
35	1.9678367	1.8094788	3.8792451	0.85059827	
36	1.9669399	1.8120255	3.8578794	0.85176078	
37	1.965886	1.8269874	3.95979	0.81323423	
38	1.9648577	1.8428628	3.9257271	0.76034546	
39	1.963889	1.8426341	3.7639174	0.7478052	
40	1.9628544	1.8528889	3.6289801	0.7432169	
41	1.9614166	1.9395899	2.6144697	1.7654252	
42	1.9604302	1.9579972	2.3966452	2.0053388	
43	1.9595593	1.9571303	2.3954212	2.0045806	
44	1.9586902	1.956271	2.3941842	2.0038333	
45	1.9560635	1.9548179	2.3769585	1.9977675	
50	1.9515738	1.9642537	2.2785987	2.0194209	
55	1.9471389	1.9632522	1.9353578	1.9291871	
60	1.9429294	1.9589041	1.9311859	1.9251238	
65	1.9387571	1.9546006	1.9270513	1.9210953	
70	1.9346213	1.9503384	1.9229534	1.9171013	
75	1.9305214	1.9461153	1.9188917	1.9131413	
80	1.926457	1.94193	1.9148657	1.9092148	
85	1.9224275	1.9377816	1.9108749	1.9053214	


precision, %
wave=450 nm
height, km	60	
0	0.47108554	
0.05	0.52803675	
0.1	0.52913878	
0.15	0.50897067	
0.2	0.51833745	
0.25	0.51430072	
0.3	0.54074618	
0.35	0.58361887	
0.4	0.57603753	
0.45	0.57161006	
0.5	0.61418461	
0.55	0.58028231	
0.6	0.62812156	
0.65	0.6260363	
0.7	0.61372345	
0.75	0.61284009	
0.8	0.62053222	
0.85	0.58280609	
0.9	0.65121873	
0.95	0.63611188	
1	0.64002784	
1.1	0.67834714	
1.2	0.62206851	
1.3	0.6380648	
1.4	0.67939262	
1.5	0.61662564	
1.6	0.59054477	
1.7	0.61866498	
1.8	0.64472647	
1.9	0.61903782	
2	0.64200508	
2.2	0.61923641	
2.4	0.64291501	
2.6	0.67741309	
2.8	0.62539498	
3	0.58267186	
3.2	0.58503656	
3.3	0.56044458	
3.4	0.60988355	
3.6	0.57928244	
3.8	0.68628113	
4	0.60681404	
4.4	0.56975305	
4.5	0.57359087	
4.8	0.60869553	
5	0.61008714	
5.5	0.74407987	
6	0.73594493	
6.47	0.61615525	
8	0.65233993	
9	0.86496833	
10	0.7200807	
11	0.58358831	
12	0.58888756	
13	0.55316031	
14	0.54410223	
15	0.61104719	
16	0.58678689	
17	0.71035052	
18	0.63155809	
19	0.58850419	
20	0.55357876	
21	0.50288434	
22	0.56834476	
23	0.49718956	
24	0.49242915	
25	0.4893823	
26	0.48929895	
27	0.48890879	
28	0.48824914	
29	0.48552504	
30	0.48428656	
31	0.48464037	
32	0.48213055	
33	0.48055443	
34	0.47966624	
35	0.47951613	
36	0.47925501	
37	0.47927073	
38	0.47967198	
39	0.47958665	
40	0.47931772	
41	0.47308702	
42	0.47184388	
43	0.47183654	
44	0.47182927	
45	0.47178593	
50	0.47080533	
55	0.46911059	
60	0.46910939	
65	0.46910813	
70	0.46910685	
75	0.46910557	
80	0.46910429	
85	0.46910302	


ord=1
wave=450 nm
zenith, km	60	
Stoks:	     2.5359197	  -0.071733713	  0.0010383996	             0	
enhancement factor
0	9.6398393	10.158834	12.508928	0	
0.05	9.2878231	9.95316	12.717475	0	
0.1	8.3272119	9.1891395	12.517935	0	
0.15	7.4414928	8.2466301	11.712566	0	
0.2	6.1648814	5.594581	5.5856344	0	
0.25	5.6090558	5.1455499	5.5795108	0	
0.3	5.1403826	4.7628355	5.6980118	0	
0.35	4.7439836	4.4374632	5.8113761	0	
0.4	4.4070849	4.1593736	5.7324947	0	
0.45	4.1197656	3.9215452	5.7094051	0	
0.5	3.8734367	3.7158389	5.6731204	0	
0.55	3.6615683	3.5395044	5.69651	0	
0.6	3.4786498	3.3863119	5.7083138	0	
0.65	3.3202089	3.2523639	5.6850495	0	
0.7	3.1825947	3.1348573	5.7048395	0	
0.75	3.0625102	3.0324979	5.7286606	0	
0.8	2.9574616	2.9424283	5.755084	0	
0.85	2.8652998	2.8632669	5.769662	0	
0.9	2.784215	2.7933291	5.7939758	0	
0.95	2.7126159	2.7319138	5.802333	0	
1	2.6227126	2.6539467	5.786495	0	
1.1	2.5216696	2.5660712	5.8129071	0	
1.2	2.4409406	2.4952589	5.842185	0	
1.3	2.3757674	2.4373394	5.8437237	0	
1.4	2.3211835	2.3650635	3.8732216	0	
1.5	2.2761224	2.3008165	1.9053406	0	
1.6	2.2400288	2.2675296	1.9156171	0	
1.7	2.2099474	2.2395284	1.9257117	0	
1.8	2.184668	2.2157689	1.9348826	0	
1.9	2.1632878	2.1952482	1.9229384	0	
2	2.1375206	2.1703836	1.9390619	0	
2.2	2.1104369	2.1436326	1.9478484	0	
2.4	2.0900697	2.1229217	1.9475623	0	
2.6	2.0744479	2.1065198	1.9591156	0	
2.8	2.0622642	2.0934005	1.9630666	0	
3	2.0525956	2.082513	1.9605002	0	
3.2	2.0465189	2.0756174	1.9639653	0	
3.3	2.043032	2.0715646	1.9688614	0	
3.4	2.0384883	2.06613	1.9722452	0	
3.6	2.0332633	2.0597261	1.9726542	0	
3.8	2.0289083	2.0541955	1.9731005	0	
4	2.023744	2.0472827	1.9728593	0	
4.4	2.0200314	2.0421876	1.9712516	0	
4.5	2.0176892	2.0388137	1.9672405	0	
4.8	2.0150792	2.0349392	1.9670791	0	
5	2.0121795	2.0303744	1.968219	0	
5.5	2.0087869	2.0247905	1.9706539	0	
6	2.0061888	2.0202181	1.9759365	0	
6.47	2.0022211	2.0130376	1.9800719	0	
8	1.9982008	2.0057454	1.9799492	0	
9	1.9957882	2.0013159	1.9802994	0	
10	1.9936873	1.9978682	1.9795654	0	
11	1.9918251	1.9951105	1.9792085	0	
12	1.9901883	1.9926791	1.9788697	0	
13	1.9886881	1.9905808	1.9813104	0	
14	1.9872816	1.9886918	1.9779955	0	
15	1.9859484	1.9870304	1.9774395	0	
16	1.9846784	1.9855332	1.9766906	0	
17	1.9834563	1.9841562	1.9787314	0	
18	1.9822788	1.9828693	1.9788062	0	
19	1.9811474	1.9816468	1.9779098	0	
20	1.9800591	1.9804771	1.9770149	0	
21	1.9790064	1.9793545	1.9762455	0	
22	1.977983	1.9782697	1.9755429	0	
23	1.9769834	1.9772135	1.9752365	0	
24	1.9760041	1.9761896	1.9743413	0	
25	1.975041	1.975188	1.9734477	0	
26	1.9740917	1.9742059	1.9725558	0	
27	1.973154	1.9732406	1.9716655	0	
28	1.9722259	1.9722887	1.9707767	0	
29	1.9713057	1.9713478	1.9698896	0	
30	1.9703924	1.9704137	1.9690455	0	
31	1.9694853	1.9694904	1.9681801	0	
32	1.9685835	1.968576	1.9672974	0	
33	1.9676861	1.9676674	1.9664163	0	
34	1.9667925	1.966764	1.9655314	0	
35	1.9659025	1.9658655	1.9646382	0	
36	1.9650159	1.9649715	1.963762	0	
37	1.9641323	1.9640816	1.9628874	0	
38	1.9632514	1.9631953	1.9620143	0	
39	1.9623731	1.9623123	1.9611429	0	
40	1.9614971	1.9614323	1.960273	0	
41	1.9606233	1.9605551	1.9594046	0	
42	1.9597517	1.9596804	1.9585378	0	
43	1.958882	1.9588081	1.9576726	0	
44	1.9580143	1.9579382	1.9568089	0	
45	1.955424	1.9553431	1.9542188	0	
50	1.9511374	1.9510511	1.9499477	0	
55	1.9468911	1.9468022	1.9457251	0	
60	1.9426832	1.9425933	1.9415277	0	
65	1.9385127	1.9384227	1.9373669	0	
70	1.9343789	1.934289	1.9332424	0	
75	1.930281	1.9301916	1.9291536	0	
80	1.9262186	1.9261298	1.9251001	0	
85	1.9221911	1.9221029	1.9210813	0	


precision, %
wave=450 nm
height, km	60	
0	0.012179306	
0.05	0.010560474	
0.1	0.010045546	
0.15	0.0098237395	
0.2	0.010006216	
0.25	0.0092359211	
0.3	0.0084830174	
0.35	0.0083676697	
0.4	0.0082592533	
0.45	0.0079479254	
0.5	0.0075818039	
0.55	0.0073259105	
0.6	0.0072080579	
0.65	0.0071575123	
0.7	0.0069987117	
0.75	0.0069826104	
0.8	0.0070443029	
0.85	0.0070130053	
0.9	0.0069422398	
0.95	0.006898779	
1	0.0069450218	
1.1	0.0070547671	
1.2	0.0070744674	
1.3	0.0071727333	
1.4	0.0072896242	
1.5	0.0073502953	
1.6	0.0074020543	
1.7	0.0075152983	
1.8	0.0075906878	
1.9	0.0076241403	
2	0.0076811713	
2.2	0.0077598175	
2.4	0.0077809637	
2.6	0.0077996075	
2.8	0.0078348023	
3	0.007879667	
3.2	0.0078959764	
3.3	0.0079183144	
3.4	0.0079309447	
3.6	0.0079407216	
3.8	0.0079593787	
4	0.0079703923	
4.4	0.0079745083	
4.5	0.0079868701	
4.8	0.0079947729	
5	0.0080015616	
5.5	0.0080253752	
6	0.0080320633	
6.47	0.0080353137	
8	0.0080468483	
9	0.0080487209	
10	0.0080533716	
11	0.0080612243	
12	0.0080514252	
13	0.00804405	
14	0.0080491373	
15	0.0080510492	
16	0.0080524632	
17	0.0080508513	
18	0.0080511113	
19	0.0080520204	
20	0.0080527621	
21	0.0080533663	
22	0.0080538585	
23	0.0080542613	
24	0.0080545883	
25	0.008054856	
26	0.0080550747	
27	0.0080552529	
28	0.0080553989	
29	0.0080555191	
30	0.008055618	
31	0.0080556982	
32	0.0080557634	
33	0.0080558172	
34	0.0080558618	
35	0.0080558986	
36	0.008055928	
37	0.0080559517	
38	0.0080559706	
39	0.0080559856	
40	0.0080559975	
41	0.0080560066	
42	0.0080560136	
43	0.0080560188	
44	0.0080560224	
45	0.0080560248	
50	0.0080560195	
55	0.0080560046	
60	0.0080559853	
65	0.0080559642	
70	0.0080559421	
75	0.0080559198	
80	0.0080558975	
85	0.0080558753	


-------------------------------------------------
tet=84  fi=90
	60	
450	0.022653482	

	60	
450	-24.978873	

	60	
450	0.92891931	



ord=1
	60	
450	28.844437	

	60	
450	-32.522503	

	60	
450	0.049676447	

enhancement factor
ord=0
wave=450 nm
zenith, km	60	
Stoks:	     1.4233603	    0.35553936	  -0.070706532	 -0.0017067495	
enhancement factor
0	9.3703738	9.2727666	10.235185	11.148363	
0.05	8.7177033	8.7277835	10.738936	10.445456	
0.1	7.9166497	8.0858293	10.013589	10.718441	
0.15	7.2539151	7.532374	9.2702713	11.350682	
0.2	6.5966744	6.8891539	8.6463124	8.999866	
0.25	6.099008	6.4476954	8.0742333	8.3305186	
0.3	5.6753907	5.9956131	7.6271466	9.5931889	
0.35	5.3899545	5.7546998	7.6190515	10.012652	
0.4	5.0644043	5.5091532	7.1691377	9.6670804	
0.45	4.7239069	5.1012709	6.7243133	8.3845192	
0.5	4.482483	4.8205792	6.3816935	7.698561	
0.55	4.2858419	4.6239651	6.1889347	6.4046867	
0.6	4.1200229	4.4798588	5.9490714	6.8277586	
0.65	3.9550443	4.2999305	5.2798362	4.9085084	
0.7	3.7587656	4.1270153	5.2737379	6.4305306	
0.75	3.6327215	3.9719781	5.0772021	6.1902173	
0.8	3.5255692	3.8996851	4.6942121	6.0164868	
0.85	3.405664	3.7270201	4.3842512	6.0039486	
0.9	3.3685383	3.6959122	4.1007483	5.648795	
0.95	3.261747	3.5674234	4.3044405	5.0589704	
1	3.1473524	3.4495534	4.37576	5.076797	
1.1	3.0597443	3.3396027	4.5047338	4.6356001	
1.2	2.936945	3.1901503	4.1863388	5.0311941	
1.3	2.8762974	3.0882926	4.2385977	4.8131045	
1.4	2.8255187	3.0619468	3.9683689	5.6496105	
1.5	2.7741448	3.0087179	3.5927354	3.2920188	
1.6	2.6959636	2.8782459	3.9411643	4.9372418	
1.7	2.6506424	2.8340204	3.8038117	4.5773828	
1.8	2.6179181	2.8102832	3.7818151	4.2765218	
1.9	2.5898396	2.791935	3.7238494	4.8143516	
2	2.5712426	2.7672999	3.7309731	4.8748362	
2.2	2.5290189	2.6758671	3.3926886	4.1663337	
2.4	2.5039754	2.6169134	3.4115309	3.918035	
2.6	2.4949499	2.6352996	3.7764496	3.9243428	
2.8	2.4725902	2.5884523	3.5733465	3.4680956	
3	2.4557827	2.5488877	3.6108552	3.5104442	
3.2	2.42724	2.5255053	3.451393	3.1916586	
3.3	2.4254645	2.5291442	3.4060915	2.8140382	
3.4	2.4312806	2.5596481	3.4116175	2.884446	
3.6	2.4314031	2.591409	3.4744923	2.5409704	
3.8	2.422404	2.5663614	3.2344199	1.5736735	
4	2.4246683	2.5725929	3.4622141	2.9177366	
4.4	2.38637	2.5137374	3.2897595	3.0464942	
4.5	2.3781574	2.506158	3.3430143	3.3724875	
4.8	2.3826578	2.5106187	3.4311986	2.0640936	
5	2.384483	2.47842	3.3490969	1.6741117	
5.5	2.3889677	2.4607041	3.545627	2.2702698	
6	2.3802023	2.4826109	3.468327	1.905769	
6.47	2.317515	2.3967506	3.4175805	2.2597683	
8	2.3046784	2.4101948	3.2514446	1.0160191	
9	2.3206253	2.4749915	2.8149756	1.0872156	
10	2.2856494	2.296976	2.9027729	0.86849116	
11	2.2282236	2.2528901	2.7569936	1.1691405	
12	2.1984484	2.2490505	2.5820268	1.2782259	
13	2.1657816	2.2192148	2.4952384	1.4859027	
14	2.1467423	2.1985613	2.5311846	1.4115921	
15	2.1347492	2.1810101	2.4055938	2.3524254	
16	2.1168182	2.1134386	2.3790951	2.8602036	
17	2.1234901	2.1484206	2.4278924	3.3378211	
18	2.0949716	2.1098775	2.293722	3.2915008	
19	2.0748714	2.0861716	2.2499448	3.2317496	
20	2.0570634	2.0625944	2.227769	3.0457077	
21	2.0296617	2.038039	2.1227005	2.5225549	
22	2.0305018	2.0367104	1.9469238	2.2507763	
23	2.0118452	2.0281912	2.0424768	2.1775184	
24	2.0014576	2.0155822	2.0192419	2.112824	
25	1.997379	2.0110425	2.0052252	2.1472699	
26	1.9934172	2.0051731	1.9771123	2.1471528	
27	1.9918081	2.0026251	1.9721687	2.1234147	
28	1.989848	2.0014433	1.9696528	2.1264774	
29	1.9867015	1.9977498	1.9773483	2.0585215	
30	1.9829311	1.9902669	2.0018112	1.9883888	
31	1.9798647	1.9834425	2.02684	2.0046129	
32	1.9777923	1.979066	2.0264165	1.9172183	
33	1.976184	1.9773127	2.0203117	1.9244475	
34	1.9748263	1.9758531	2.0157642	1.9149803	
35	1.9738804	1.974859	2.0137632	1.9129384	
36	1.9728844	1.9737779	2.0127282	1.9107477	
37	1.9715004	1.9720568	2.0134661	1.9012122	
38	1.9702444	1.9706312	2.0118803	1.895598	
39	1.9691283	1.9695749	2.0077947	1.8911665	
40	1.967716	1.9678156	2.0025022	1.8840968	
41	1.9657916	1.9650139	1.9881287	1.9694953	
42	1.9647287	1.9637665	1.9845709	1.9884208	
43	1.9638483	1.9628893	1.9836825	1.9874851	
44	1.9629698	1.962014	1.9827917	1.9865527	
45	1.960226	1.959259	1.9803249	1.9832388	
50	1.9552024	1.9546648	1.9724295	1.9730582	
55	1.9504107	1.9501606	1.9594801	1.9515092	
60	1.9461743	1.9459253	1.9551848	1.9472652	
65	1.9419756	1.9417281	1.9509207	1.9430584	
70	1.9378139	1.937568	1.9466907	1.9388886	
75	1.9336884	1.9334443	1.9424959	1.934755	
80	1.9295988	1.9293565	1.9383368	1.9306573	
85	1.9255445	1.9253039	1.9342135	1.926595	


precision, %
wave=450 nm
height, km	60	
0	0.96913217	
0.05	1.022885	
0.1	1.0611132	
0.15	0.98651176	
0.2	1.0067531	
0.25	1.0757043	
0.3	1.0886383	
0.35	1.1578329	
0.4	1.1449966	
0.45	1.070834	
0.5	1.1638737	
0.55	1.0975408	
0.6	1.1483167	
0.65	1.3513537	
0.7	1.1352931	
0.75	1.0969795	
0.8	1.1996017	
0.85	1.1288746	
0.9	1.5364865	
0.95	1.2268927	
1	1.1719638	
1.1	1.31664	
1.2	1.1812563	
1.3	1.2054861	
1.4	1.3041113	
1.5	1.4034407	
1.6	1.1473869	
1.7	1.1123243	
1.8	1.1683648	
1.9	1.113735	
2	1.174449	
2.2	1.1814499	
2.4	1.2520921	
2.6	1.5813659	
2.8	1.1908098	
3	1.1487526	
3.2	1.1662233	
3.3	1.1974872	
3.4	1.241688	
3.6	1.4103696	
3.8	1.4569043	
4	1.5272181	
4.4	1.4370801	
4.5	1.439523	
4.8	1.5874862	
5	1.4472335	
5.5	1.6093847	
6	1.646211	
6.47	1.42052	
8	1.5596543	
9	2.218478	
10	1.8011205	
11	1.5020314	
12	1.4379882	
13	1.3324369	
14	1.3979213	
15	1.5785698	
16	1.553106	
17	2.5072664	
18	1.9615605	
19	1.6899052	
20	1.5074643	
21	1.058465	
22	1.1230653	
23	1.0162387	
24	0.99065286	
25	0.97963562	
26	0.9764923	
27	0.97580608	
28	0.97228874	
29	0.95766748	
30	0.94171596	
31	0.94167046	
32	0.94205335	
33	0.94034775	
34	0.93934172	
35	0.93928518	
36	0.93926048	
37	0.94036217	
38	0.94134768	
39	0.94168929	
40	0.94223676	
41	0.93574925	
42	0.93451373	
43	0.93449855	
44	0.93448332	
45	0.93439047	
50	0.93239301	
55	0.92989682	
60	0.92989069	
65	0.92988443	
70	0.92987816	
75	0.92987191	
80	0.92986571	
85	0.92985958	


ord=1
wave=450 nm
zenith, km	60	
Stoks:	    0.41056026	    0.13352447	    0.22972478	             0	
enhancement factor
0	9.0550758	8.8708402	8.8476825	0	
0.05	8.1309824	8.0443009	8.0381941	0	
0.1	7.2267328	7.2103009	7.206651	0	
0.15	6.4855835	6.514369	6.5149859	0	
0.2	5.8760096	5.932539	5.9357465	0	
0.25	5.3685265	5.4439008	5.4477695	0	
0.3	4.939628	5.0313035	5.0347629	0	
0.35	4.5787642	4.6796706	4.6828663	0	
0.4	4.2723942	4.3788567	4.380904	0	
0.45	4.0122034	4.1199984	4.1215928	0	
0.5	3.7882572	3.8971455	3.8977578	0	
0.55	3.5954522	3.7033158	3.7040973	0	
0.6	3.428673	3.534886	3.5356525	0	
0.65	3.2841269	3.3881859	3.3884817	0	
0.7	3.1589788	3.2599394	3.2597507	0	
0.75	3.049179	3.1470449	3.1467663	0	
0.8	2.9528835	3.0480098	3.047531	0	
0.85	2.8682648	2.9608266	2.9601508	0	
0.9	2.7938204	2.8839105	2.8830512	0	
0.95	2.7278545	2.8155438	2.8147089	0	
1	2.6447891	2.7292662	2.7281127	0	
1.1	2.5509833	2.6309639	2.6298673	0	
1.2	2.4756127	2.5509074	2.5500181	0	
1.3	2.4141266	2.4851792	2.4843166	0	
1.4	2.3634062	2.4304697	2.4298165	0	
1.5	2.3214136	2.3848536	2.3841183	0	
1.6	2.2862646	2.3464648	2.345732	0	
1.7	2.2567505	2.3138569	2.313173	0	
1.8	2.2316034	2.2859609	2.2853413	0	
1.9	2.2100713	2.262037	2.261287	0	
2	2.1836587	2.232237	2.2316361	0	
2.2	2.1554002	2.2000711	2.1995369	0	
2.4	2.1336068	2.1748826	2.1743598	0	
2.6	2.1164062	2.1547568	2.1542725	0	
2.8	2.1026268	2.1383104	2.1378761	0	
3	2.0913031	2.1247562	2.1242588	0	
3.2	2.0840122	2.1158664	2.1154165	0	
3.3	2.0797089	2.1105846	2.1101775	0	
3.4	2.0739884	2.1034656	2.1030945	0	
3.6	2.0672401	2.094999	2.0946566	0	
3.8	2.0614323	2.0876054	2.087288	0	
4	2.054205	2.0782587	2.0779593	0	
4.4	2.0488646	2.0713113	2.071021	0	
4.5	2.045287	2.0665637	2.0662863	0	
4.8	2.0412183	2.0611261	2.0608706	0	
5	2.0364162	2.0546282	2.0544045	0	
5.5	2.0305316	2.0466072	2.0464261	0	
6	2.0257797	2.0400849	2.0399226	0	
6.47	2.0182346	2.0296053	2.0295029	0	
8	2.0105777	2.018966	2.0189011	0	
9	2.005987	2.0126732	2.0126014	0	
10	2.0022479	2.0075908	2.0075345	0	
11	1.9991399	2.0034529	2.0034114	0	
12	1.9964835	1.9999831	1.9999387	0	
13	1.9941708	1.9970152	1.9969922	0	
14	1.9921306	1.9944779	1.9944313	0	
15	1.9903148	1.9922477	1.9922046	0	
16	1.9886695	1.9902727	1.9902342	0	
17	1.9871487	1.9884973	1.9884734	0	
18	1.9857362	1.9868741	1.9868568	0	
19	1.9844097	1.9853693	1.9853546	0	
20	1.9831557	1.9839659	1.9839533	0	
21	1.9819652	1.9826518	1.9826409	0	
22	1.9808261	1.98141	1.9814005	0	
23	1.9797293	1.9802278	1.9802194	0	
24	1.9786677	1.9790951	1.9790878	0	
25	1.9776351	1.9780031	1.9779965	0	
26	1.9766271	1.9769458	1.9769399	0	
27	1.9756384	1.9759176	1.975911	0	
28	1.9746666	1.9749128	1.9749056	0	
29	1.9737102	1.9739274	1.9739206	0	
30	1.9727658	1.9729587	1.9729523	0	
31	1.9718323	1.9720051	1.9719989	0	
32	1.9709077	1.9710637	1.9710578	0	
33	1.9699903	1.9701318	1.9701261	0	
34	1.9690789	1.9692079	1.9692024	0	
35	1.9681732	1.9682916	1.9682862	0	
36	1.9672726	1.9673821	1.9673769	0	
37	1.9663767	1.9664786	1.9664735	0	
38	1.9654848	1.9655803	1.9655752	0	
39	1.9645965	1.9646866	1.9646816	0	
40	1.9637116	1.9637969	1.963792	0	
41	1.9628296	1.962911	1.9629061	0	
42	1.9619504	1.9620283	1.9620235	0	
43	1.9610738	1.9611487	1.961144	0	
44	1.9601996	1.9602719	1.9602672	0	
45	1.9575926	1.9576596	1.957655	0	
50	1.9532815	1.9533421	1.9533376	0	
55	1.9490143	1.9490716	1.9490671	0	
60	1.9447876	1.9448429	1.9448385	0	
65	1.9405994	1.9406535	1.9406491	0	
70	1.9364485	1.9365018	1.9364975	0	
75	1.9323341	1.9323868	1.9323825	0	
80	1.9282555	1.9283077	1.9283034	0	
85	1.9242121	1.9242638	1.9242596	0	


precision, %
wave=450 nm
height, km	60	
0	0.079977188	
0.05	0.074365067	
0.1	0.071323332	
0.15	0.069420254	
0.2	0.064635075	
0.25	0.05939578	
0.3	0.054320624	
0.35	0.05332243	
0.4	0.052387887	
0.45	0.050170682	
0.5	0.047653609	
0.55	0.045864766	
0.6	0.044963537	
0.65	0.044483324	
0.7	0.043346588	
0.75	0.043126538	
0.8	0.043385971	
0.85	0.043087799	
0.9	0.042557994	
0.95	0.04221171	
1	0.042385879	
1.1	0.042936499	
1.2	0.042965316	
1.3	0.043485156	
1.4	0.044114247	
1.5	0.044417632	
1.6	0.044706342	
1.7	0.045368953	
1.8	0.045812752	
1.9	0.046014027	
2	0.04636567	
2.2	0.04685775	
2.4	0.047015032	
2.6	0.047161706	
2.8	0.047406732	
3	0.047711025	
3.2	0.047836413	
3.3	0.04798788	
3.4	0.048091143	
3.6	0.048186359	
3.8	0.04833173	
4	0.04844694	
4.4	0.048511148	
4.5	0.048614479	
4.8	0.048696739	
5	0.048782924	
5.5	0.048985226	
6	0.049078195	
6.47	0.049187404	
8	0.049346478	
9	0.049412973	
10	0.049481807	
11	0.049559429	
12	0.049530798	
13	0.049510712	
14	0.049556396	
15	0.049579983	
16	0.049597985	
17	0.049597677	
18	0.04960566	
19	0.049616064	
20	0.049624706	
21	0.049631813	
22	0.049637684	
23	0.049642541	
24	0.049646561	
25	0.049649901	
26	0.049652666	
27	0.04965499	
28	0.049656932	
29	0.049658532	
30	0.04965987	
31	0.049660977	
32	0.0496619	
33	0.049662686	
34	0.04966336	
35	0.049663931	
36	0.049664413	
37	0.04966482	
38	0.049665165	
39	0.049665458	
40	0.049665708	
41	0.049665923	
42	0.049666107	
43	0.049666267	
44	0.049666404	
45	0.049666697	
50	0.049667046	
55	0.049667246	
60	0.049667374	
65	0.049667465	
70	0.049667536	
75	0.049667596	
80	0.049667651	
85	0.049667703	


-------------------------------------------------
tet=84  fi=180
	60	
450	0.022509945	

	60	
450	10.318407	

	60	
450	0.90231989	



ord=1
	60	
450	29.90763	

	60	
450	13.013895	

	60	
450	0.048163734	

enhancement factor
ord=0
wave=450 nm
zenith, km	60	
Stoks:	     1.4143416	   -0.14593752	  0.0034808447	 0.00018481194	
enhancement factor
0	9.3391522	8.1483705	8.377546	9.11992	
0.05	8.7583496	6.871619	3.6536482	14.709676	
0.1	7.9643959	5.5586669	8.7665152	4.8517555	
0.15	7.3290867	4.581113	17.260273	12.985381	
0.2	6.7138923	3.8624793	14.975504	10.65159	
0.25	6.1677213	3.491197	8.6208877	0.11116354	
0.3	5.7461477	3.0540002	11.754715	3.9497543	
0.35	5.4084601	2.5711982	4.2215663	-2.5183763	
0.4	5.0864373	2.2425305	4.2033826	-1.0931376	
0.45	4.8285314	2.3404439	8.5563066	9.5923038	
0.5	4.5830465	2.024105	10.42149	3.8714153	
0.55	4.3901021	1.8745203	8.3450868	24.810025	
0.6	4.2399813	1.623703	14.835256	20.549617	
0.65	4.0718323	1.4432872	18.754597	30.48181	
0.7	3.8709504	1.3953933	9.5062732	12.194837	
0.75	3.7391579	1.317153	12.919478	22.364155	
0.8	3.6155006	1.1659254	13.576198	28.513879	
0.85	3.5054515	1.233286	16.15813	20.782872	
0.9	3.4197319	1.2629193	11.839281	6.4341605	
0.95	3.329137	1.2102145	5.8106636	15.90918	
1	3.2214822	1.1828952	4.2959574	7.6002403	
1.1	3.1175628	1.2052877	-1.4122021	5.6135112	
1.2	3.000464	1.2296327	0.87427714	5.8771455	
1.3	2.9294016	1.2101937	4.0320485	4.3234405	
1.4	2.8584276	1.1508527	-0.84082202	1.290381	
1.5	2.822329	1.1692096	7.163101	18.941819	
1.6	2.7292326	1.3249626	-5.6477788	0.95453456	
1.7	2.7048613	1.2881774	-0.46517958	4.2954669	
1.8	2.6685287	1.2392472	-2.0103906	7.7111745	
1.9	2.6369033	1.2172995	1.4865334	5.6536356	
2	2.5958122	1.1782514	-0.34781835	3.5401161	
2.2	2.5403487	1.2876546	1.876965	2.558892	
2.4	2.5185468	1.3876351	1.4398058	4.0171296	
2.6	2.5163235	1.2587252	-5.8706357	2.8602833	
2.8	2.4895196	1.3113679	-0.93806041	7.6199339	
3	2.4717764	1.3666619	-3.5907341	8.7926911	
3.2	2.4434363	1.388696	-2.5677597	6.3521525	
3.3	2.4410339	1.3894305	-2.451115	5.7946071	
3.4	2.4536079	1.2743154	-1.4283032	7.540872	
3.6	2.4273068	1.2887763	-4.7814013	-1.7199593	
3.8	2.4036807	1.3191469	-3.268668	5.6426163	
4	2.4083524	1.3220281	-5.4364846	0.81041686	
4.4	2.3738267	1.3503438	-1.8832752	0.18408239	
4.5	2.3686064	1.3336069	-4.5600824	-2.7799494	
4.8	2.3634153	1.3376532	-4.8991745	4.0608479	
5	2.3837519	1.4846643	-3.5003961	11.28663	
5.5	2.4033187	1.6047881	-3.0762606	14.77464	
6	2.364189	1.5710135	-3.3961475	9.1307377	
6.47	2.3194828	1.4516566	-11.446894	0.67376681	
8	2.3069158	1.5144738	-3.4824613	8.9343766	
9	2.3432391	1.153812	-0.1778205	21.181392	
10	2.2757731	1.4682986	-5.8022896	14.097446	
11	2.2221457	1.6070007	-3.9408502	11.748948	
12	2.199514	1.6330451	-1.9514015	9.9117292	
13	2.1632695	1.6594072	-3.0923797	8.4754356	
14	2.1400442	1.7275387	-1.8791356	8.2072079	
15	2.1216649	1.7576351	1.7134616	4.7909975	
16	2.1104566	1.8061083	1.6564343	3.9749914	
17	2.1021884	1.8001852	6.1707693	8.2224132	
18	2.0788523	1.8597762	5.6850118	7.3890238	
19	2.0628791	1.8751224	4.6208887	4.5612635	
20	2.0481528	1.8917557	3.4480135	2.3380666	
21	2.0290765	1.888545	1.427813	1.872137	
22	2.0460688	1.8920242	10.962828	2.1194381	
23	2.0114096	1.9009938	2.7535932	3.7245855	
24	2.0031496	1.9200714	2.5352078	3.2565925	
25	1.9994344	1.9257507	2.5127905	2.8738471	
26	1.9954359	1.9321248	2.610986	2.6854437	
27	1.9938313	1.9345095	2.6185723	2.7082057	
28	1.9921474	1.9346073	2.5796063	2.6981281	
29	1.9896826	1.9329547	2.398214	2.7322487	
30	1.9864088	1.9398983	1.9675031	2.5620851	
31	1.9835607	1.9529248	1.5118752	2.380331	
32	1.9809272	1.9617387	1.3574478	3.1639377	
33	1.9792401	1.9639865	1.4331986	3.1556912	
34	1.9777447	1.964684	1.4865977	3.2241213	
35	1.9767205	1.9639923	1.489922	3.2387486	
36	1.97575	1.9638818	1.4804222	3.2425349	
37	1.9744669	1.9642975	1.4276015	3.2162958	
38	1.9733281	1.9639561	1.4389204	3.1842688	
39	1.9722094	1.9631856	1.4612602	3.1799365	
40	1.9708768	1.9628454	1.4338213	3.1434342	
41	1.9687076	1.9684191	1.7805105	1.9636509	
42	1.9675551	1.9691989	1.85778	1.6827193	
43	1.966669	1.9682991	1.8572327	1.6832493	
44	1.9657851	1.9674022	1.8566913	1.6837363	
45	1.9630604	1.9652329	1.8504343	1.7073408	
50	1.9582652	1.960613	1.9219801	1.8641699	
55	1.9536461	1.9567937	1.984916	1.9428406	
60	1.9493832	1.9525043	1.9804198	1.9386664	
65	1.9451585	1.9482542	1.9759634	1.9345287	
70	1.9409712	1.9440421	1.9715478	1.9304269	
75	1.9368206	1.9398673	1.9671717	1.9263605	
80	1.9327062	1.935729	1.9628344	1.922329	
85	1.9286275	1.9316267	1.9585355	1.9183321	


precision, %
wave=450 nm
height, km	60	
0	0.91359502	
0.05	1.0657407	
0.1	1.0650853	
0.15	1.1079704	
0.2	1.1994807	
0.25	1.031264	
0.3	1.0814277	
0.35	1.0500169	
0.4	1.0958295	
0.45	1.1680882	
0.5	1.1736593	
0.55	1.1364236	
0.6	1.2771247	
0.65	1.3316921	
0.7	1.2468135	
0.75	1.2479071	
0.8	1.2731555	
0.85	1.2029779	
0.9	1.4354106	
0.95	1.2974807	
1	1.2621408	
1.1	1.3836741	
1.2	1.2935694	
1.3	1.3496475	
1.4	1.2539164	
1.5	1.5680991	
1.6	1.1758449	
1.7	1.2056868	
1.8	1.2591375	
1.9	1.2177942	
2	1.1799065	
2.2	1.1275222	
2.4	1.1903653	
2.6	1.4036674	
2.8	1.1134281	
3	1.0830007	
3.2	1.1443126	
3.3	1.2026119	
3.4	1.329769	
3.6	1.2174481	
3.8	1.2072744	
4	1.3156258	
4.4	1.2645689	
4.5	1.3405955	
4.8	1.2797736	
5	1.4036641	
5.5	1.9136568	
6	1.6309083	
6.47	1.5833806	
8	1.6100492	
9	2.3976656	
10	1.6161816	
11	1.3561242	
12	1.4121921	
13	1.2044885	
14	1.2085017	
15	1.2516442	
16	1.3291454	
17	1.567067	
18	1.3516533	
19	1.2433605	
20	1.1550502	
21	1.0225772	
22	1.3673816	
23	0.98570999	
24	0.96957353	
25	0.95946167	
26	0.95464645	
27	0.95357569	
28	0.94913297	
29	0.94094148	
30	0.92716422	
31	0.91825808	
32	0.91912368	
33	0.9195184	
34	0.91771297	
35	0.91710625	
36	0.9170933	
37	0.91728298	
38	0.91706906	
39	0.91694178	
40	0.91604909	
41	0.90531871	
42	0.90360138	
43	0.90360003	
44	0.90359829	
45	0.90342644	
50	0.90283954	
55	0.90186101	
60	0.90186404	
65	0.90186675	
70	0.90186928	
75	0.90187171	
80	0.90187408	
85	0.9018764	


ord=1
wave=450 nm
zenith, km	60	
Stoks:	    0.42299605	  -0.055048261	  0.0013414325	             0	
enhancement factor
0	9.0983142	8.7796064	12.976968	0	
0.05	8.2067505	8.0386525	13.180072	0	
0.1	7.3279653	7.2372099	13.024287	0	
0.15	6.6068884	6.5705226	13.0947	0	
0.2	6.0131248	6.0089346	13.134643	0	
0.25	5.5180292	5.5316237	13.125109	0	
0.3	5.0986206	5.1216677	13.211645	0	
0.35	4.7447018	4.7706181	13.294143	0	
0.4	4.4433231	4.4683183	13.228596	0	
0.45	4.1865545	4.2079667	13.2061	0	
0.5	3.964866	3.9808702	13.173411	0	
0.55	3.7733769	3.7849609	13.186576	0	
0.6	3.6071814	3.6133752	13.190842	0	
0.65	3.4626373	3.462049	13.168216	0	
0.7	3.3370202	3.3281523	13.178631	0	
0.75	3.2264802	3.2107826	13.192131	0	
0.8	3.1293348	3.1069901	13.207635	0	
0.85	3.0438376	3.0154686	13.214096	0	
0.9	2.8745208	3.0249297	2.4644394	0	
0.95	2.8026743	2.9582949	1.8952325	0	
1	2.7182252	2.8667295	1.8859155	0	
1.1	2.6223817	2.7623648	1.9097171	0	
1.2	2.5447457	2.6767828	1.9356455	0	
1.3	2.4808974	2.6055053	1.9404679	0	
1.4	2.4277952	2.5460742	1.9461688	0	
1.5	2.3834546	2.4953847	1.933762	0	
1.6	2.3460524	2.4521334	1.941521	0	
1.7	2.314396	2.4151556	1.949145	0	
1.8	2.2872253	2.3832614	1.9560451	0	
1.9	2.2637816	2.3552774	1.9470097	0	
2	2.2346919	2.320512	1.9590982	0	
2.2	2.2032015	2.2822189	1.9656442	0	
2.4	2.1785075	2.2515807	1.965379	0	
2.6	2.1586943	2.2265251	1.9739495	0	
2.8	2.1425477	2.2058082	1.9768545	0	
3	2.1290726	2.1881266	1.9748978	0	
3.2	2.1202865	2.1766133	1.977424	0	
3.3	2.1150417	2.1696887	1.9810153	0	
3.4	2.1079812	2.1602136	1.9834852	0	
3.6	2.0995622	2.1488211	1.9837392	0	
3.8	2.0922051	2.1387202	1.9840139	0	
4	2.0828662	2.1256607	1.9837647	0	
4.4	2.0759031	2.1158695	1.9825395	0	
4.5	2.0711407	2.1091169	1.9795702	0	
4.8	2.0656784	2.1012811	1.9793915	0	
5	2.0591157	2.0917565	1.9801251	0	
5.5	2.0509779	2.0798595	1.981764	0	
6	2.0443117	2.0699483	1.985406	0	
6.47	2.0336297	2.0540893	1.9880816	0	
8	2.0227923	2.0380002	1.9869847	0	
9	2.0163276	2.0283959	1.986624	0	
10	2.011092	2.0208098	1.9858498	0	
11	2.0067863	2.0147192	1.9853355	0	
12	2.0031735	2.0096301	1.9848149	0	
13	2.0000753	2.005369	1.9883561	0	
14	1.9974058	2.0017397	1.9879812	0	
15	1.9951036	1.9987245	1.9869707	0	
16	1.9930676	1.9961302	1.9860704	0	
17	1.9912311	1.993857	1.9869863	0	
18	1.9895584	1.9918298	1.9866761	0	
19	1.988014	1.9899881	1.9857606	0	
20	1.9865782	1.9883024	1.9848468	0	
21	1.9852374	1.9867548	1.9839347	0	
22	1.9839734	1.9853186	1.9830242	0	
23	1.9827727	1.9839744	1.9821155	0	
24	1.9816244	1.9827067	1.9812084	0	
25	1.9805191	1.9815013	1.980303	0	
26	1.9794504	1.9803494	1.9793993	0	
27	1.9784125	1.9792425	1.9784972	0	
28	1.9773993	1.9781713	1.9775968	0	
29	1.9764061	1.977129	1.9766981	0	
30	1.9754304	1.9761119	1.9758009	0	
31	1.9744702	1.9751174	1.9749055	0	
32	1.9735229	1.9741412	1.9740116	0	
33	1.9725854	1.973179	1.9731194	0	
34	1.9716563	1.9722283	1.9722288	0	
35	1.970735	1.9712886	1.9713399	0	
36	1.9698208	1.9703587	1.9704525	0	
37	1.9689126	1.9694373	1.9695668	0	
38	1.9680098	1.9685231	1.9686827	0	
39	1.9671117	1.9676152	1.9678002	0	
40	1.9662178	1.9667129	1.9669192	0	
41	1.9653276	1.9658154	1.9660399	0	
42	1.9644408	1.9649222	1.9651622	0	
43	1.9635571	1.9640329	1.964286	0	
44	1.9626762	1.9631469	1.9634093	0	
45	1.9600518	1.9605111	1.9607913	0	
50	1.9557147	1.9561606	1.9564655	0	
55	1.9514249	1.9518622	1.9521783	0	
60	1.9471772	1.9476085	1.9479287	0	
65	1.942969	1.9433955	1.9437147	0	
70	1.9387988	1.9392211	1.9395395	0	
75	1.9346655	1.9350841	1.935401	0	
80	1.9305683	1.9309834	1.9312984	0	
85	1.9265065	1.9269183	1.9272312	0	


precision, %
wave=450 nm
height, km	60	
0	0.077159065	
0.05	0.071387913	
0.1	0.06812109	
0.15	0.065970499	
0.2	0.061122302	
0.25	0.055907804	
0.3	0.050899279	
0.35	0.049746619	
0.4	0.048688933	
0.45	0.046465791	
0.5	0.043995007	
0.55	0.042230036	
0.6	0.041302333	
0.65	0.040765618	
0.7	0.039650658	
0.75	0.039393633	
0.8	0.039568198	
0.85	0.039250287	
0.9	0.03999252	
0.95	0.039733299	
1	0.0398954	
1.1	0.040420391	
1.2	0.040467074	
1.3	0.040974429	
1.4	0.041591856	
1.5	0.041908444	
1.6	0.042211941	
1.7	0.042864824	
1.8	0.043311975	
1.9	0.04353304	
2	0.04390982	
2.2	0.044432609	
2.4	0.044638391	
2.6	0.044829321	
2.8	0.045107711	
3	0.045438218	
3.2	0.045587391	
3.3	0.045749195	
3.4	0.045875832	
3.6	0.046003382	
3.8	0.046174216	
4	0.046330326	
4.4	0.046428394	
4.5	0.046552238	
4.8	0.046661491	
5	0.046782939	
5.5	0.047024371	
6	0.047157318	
6.47	0.047335911	
8	0.047562416	
9	0.047671756	
10	0.047773316	
11	0.047875442	
12	0.047876246	
13	0.047879464	
14	0.047937254	
15	0.047971522	
16	0.047998247	
17	0.048007072	
18	0.048021417	
19	0.048036667	
20	0.048049356	
21	0.048059803	
22	0.048068443	
23	0.048075602	
24	0.048081535	
25	0.048086474	
26	0.04809057	
27	0.048093958	
28	0.048096792	
29	0.048099182	
30	0.048101187	
31	0.048102854	
32	0.048104251	
33	0.048105447	
34	0.048106481	
35	0.048107364	
36	0.048108115	
37	0.048108757	
38	0.048109307	
39	0.048109782	
40	0.048110193	
41	0.048110553	
42	0.048110869	
43	0.048111147	
44	0.048111395	
45	0.048111962	
50	0.048112696	
55	0.048113211	
60	0.048113619	
65	0.04811397	
70	0.048114291	
75	0.048114594	
80	0.048114886	
85	0.048115173	


