RT Model MCC++	 O.Postylyakov	ver.72
MixedSimC<atmos::StoksC,MCSimC<atmos::StoksC,MCWMethodC<atmos::StoksC,SphericalGeomT>>,SSSimC<atmos::StoksC,MCSimC<atmos::StoksC,MSSMethodC<atmos::StoksC,SphericalGeomT,1000>>>>	ps::cLCG2C	Density: double	AMFs: Yes	ORDERS_ACCOUNT: ATM_COLLGS_ORDERS
photons passed	base/max expendeture	EPS-breakes	MaxCollgs-Breaks	MinPhWgt-Breaks	average colligions
20000	0.0198651/0.0278911	0	0	0	3.187	
SpecialSamplingCollgs	ForceCollgSimul	EPS	ssEPS	MaxCollgs	MinPhWgt	BaseMod	
1	0	0.001	1e-12	500	1e-300	0	
Albedo	time	IY
0.05	0.0397167	{ 670928586 2111711316 ; 40014 40692 2147483563 2147483399 }	
 -6370.99	 -6370.99	 -5791.81	 -5212.63	 -4633.45	 -4054.27	 -3475.09	  -2895.9	 -2316.72	 -1737.54	 -1158.36	 -579.181	-9.09495e-13	  12.8571	  25.7143	  38.5714	  51.4286	  64.2857	  77.1429	       90	
        0	        0	0.0080361	 0.024108	 0.040179	 0.056251	 0.072322	 0.088394	  0.10447	  0.12054	  0.13661	  0.15268	  0.16875	0.0039284	0.0039364	0.0039443	0.0039522	0.0039601	 0.003968	 0.003976	
        0	        0	        0	        0	        0	        0	        0	        0	        0	        0	        0	        0	        0	        0	        0	        0	        0	        0	        0	        0	
        0	        0	        0	        0	        0	        0	        0	        0	        0	        0	        0	        0	        0	        0	        0	        0	        0	        0	        0	        0	

-------------------------------------------------
tet=80  fi=0
	60	
450	0.088512	

	60	
450	-0.49998	

	60	
450	0.41879	



ord=1
	60	
450	62.128	

	60	
450	1.3302	

	60	
450	0.0057104	

enhancement factor
ord=0
wave=450 nm
zenith, km	60	
Stoks:	     5.5613605	   0.027805588	 -0.0021612133	-0.00021322592	
enhancement factor
0	5.7319713	7.7492182	15.01501	0.81934556	
0.05	5.7401435	9.9308404	4.8277526	2.1526549	
0.1	5.465281	11.616874	5.1094948	1.3085645	
0.15	5.2350346	11.860576	0.42465534	0.67212591	
0.2	5.0488864	13.639518	10.565362	11.160605	
0.25	4.8556276	13.781422	10.639452	7.4005584	
0.3	4.6676492	14.171867	-2.7069743	15.821865	
0.35	4.4784075	13.242251	11.880907	10.580862	
0.4	4.3090759	13.409399	5.3109812	8.4343935	
0.45	4.1671472	14.066858	2.6018918	3.6555684	
0.5	4.051934	13.316215	16.586879	-0.39986043	
0.55	3.9354765	12.958123	13.365755	14.033437	
0.6	3.8261024	13.691242	4.336937	16.834557	
0.65	3.7267306	13.695102	0.26229627	6.1222082	
0.7	3.6525005	14.437794	10.1274	16.093974	
0.75	3.5575907	13.899952	16.50275	8.0239926	
0.8	3.4690172	13.143176	7.7478477	3.4979623	
0.85	3.3858256	12.99113	0.034686471	-3.3350963	
0.9	3.3228867	12.997668	-0.54439947	-4.7335638	
0.95	3.2587012	12.97882	1.3413676	-6.220686	
1	3.1584382	12.673861	4.8909764	-8.4623502	
1.1	3.0570057	12.67859	2.3703692	-5.8156463	
1.2	2.9796699	12.281323	-7.6178153	-5.2634128	
1.3	2.9143872	12.133822	-3.0757863	-2.6877326	
1.4	2.844422	11.648854	-3.5467867	-4.4491544	
1.5	2.7772126	11.358001	-9.9541445	0.76807561	
1.6	2.7177177	11.738656	-2.8248699	5.6787886	
1.7	2.6750078	11.77163	-0.67762926	-4.1891621	
1.8	2.6470252	12.837438	-0.81205571	-2.0308004	
1.9	2.6106495	13.428272	-4.8743132	-9.7714751	
2	2.5420682	11.789283	-14.13678	4.1894644	
2.2	2.4929951	12.421305	-9.7507907	6.3623588	
2.4	2.4448989	12.075942	-4.2907871	-2.6116513	
2.6	2.3957997	11.114559	5.3582368	3.8971566	
2.8	2.3721264	10.477359	11.622176	12.503671	
3	2.3393147	9.9444483	9.2462611	10.782008	
3.2	2.3222452	9.703741	10.118198	12.178949	
3.3	2.3108244	9.5828007	10.176077	11.914609	
3.4	2.3019249	10.102124	12.467967	5.8776045	
3.6	2.2866731	9.383898	17.382552	2.8298367	
3.8	2.2693884	9.1566971	14.369299	0.99924896	
4	2.2702166	10.557808	11.96121	0.13522961	
4.4	2.2650191	12.715279	7.5968871	5.2444477	
4.5	2.2575411	13.14213	9.4382347	21.972171	
4.8	2.2442623	11.415525	25.947294	17.07965	
5	2.2295014	10.95719	18.748193	18.870089	
5.5	2.1997228	10.054156	11.919491	11.474542	
6	2.1977815	10.868939	28.813542	3.4283909	
6.47	2.1745545	9.7930287	27.149703	2.3984319	
8	2.1488429	8.402446	23.737979	16.554237	
9	2.1262416	7.8643914	6.2767843	14.634075	
10	2.1129823	8.7079069	1.344924	4.8911547	
11	2.0907413	7.5366271	3.7489281	-2.0719874	
12	2.0740038	6.5368808	4.4889745	0.12119988	
13	2.0653495	5.2692505	-16.755224	1.0928707	
14	2.0473294	4.3756447	-7.709	7.5908611	
15	2.041526	4.3873247	-3.2717406	4.7575013	
16	2.0333867	4.4764133	-3.230213	1.7603486	
17	2.0248203	4.2768874	-0.40345742	1.4282446	
18	2.0151559	3.4770451	-2.8002891	0.012649801	
19	2.0100679	3.3360276	-3.499755	-0.18379964	
20	2.0042087	3.1850883	-1.9149172	0.62372075	
21	2.0047971	3.8717613	-2.4051032	-0.56614396	
22	2.0021801	3.0251167	-8.7306459	0.87427813	
23	1.9936806	2.9299133	-2.720102	1.7984774	
24	1.9885012	2.6100118	-0.99810706	1.8239651	
25	1.9847753	2.4469567	0.2097251	1.8576075	
26	1.9828359	2.4796557	0.25525193	2.0464641	
27	1.9804609	2.4031309	0.3167666	1.7052827	
28	1.9783694	2.316635	0.5702813	1.3742814	
29	1.9761448	2.2224443	0.99026678	1.0735127	
30	1.9745719	2.1823062	0.93985552	0.89601504	
31	1.9727766	2.0907123	0.8666435	0.93391544	
32	1.9715754	2.0781048	0.94268582	1.0268752	
33	1.9704669	2.0663139	1.0550601	1.0999194	
34	1.9691957	2.0256816	1.5963523	1.2054776	
35	1.9678559	2.0655613	1.9636242	1.5513677	
36	1.966831	2.0732608	2.0638866	1.6152649	
37	1.9655696	2.0328137	1.9285257	1.7688444	
38	1.9641443	1.9717593	1.7765984	1.988685	
39	1.9632119	1.9706286	1.7937257	1.9816823	
40	1.962011	1.9811999	2.3079703	1.9663278	
41	1.9610384	1.9850659	2.4512827	1.9357752	
42	1.960157	1.9844379	2.4423353	1.9285954	
43	1.9591979	1.9717614	2.360106	1.9746584	
44	1.9582853	1.9654546	2.3190293	1.995565	
45	1.9556841	1.9609425	2.3001821	1.9927219	
50	1.9512466	1.9494163	2.1002183	1.9772233	
55	1.9469099	1.9396662	1.9613748	1.9698566	
60	1.9426993	1.9357876	1.9605444	1.9656512	
65	1.9385379	1.9315194	1.9272137	1.9673804	
70	1.9344097	1.9273424	1.9051754	1.9667924	
75	1.930311	1.9233048	1.9013199	1.9624414	
80	1.9262479	1.9192981	1.8974964	1.9581291	
85	1.9222199	1.9153237	1.8937046	1.9538549	


precision, %
wave=450 nm
height, km	60	
0	0.42116036	
0.05	0.49337929	
0.1	0.43276993	
0.15	0.43551562	
0.2	0.52019367	
0.25	0.47414995	
0.3	0.44493794	
0.35	0.48076865	
0.4	0.45525793	
0.45	0.45133055	
0.5	0.50227133	
0.55	0.49302191	
0.6	0.4911075	
0.65	0.49726582	
0.7	0.58615165	
0.75	0.52037798	
0.8	0.50624385	
0.85	0.51848198	
0.9	0.55816203	
0.95	0.55484024	
1	0.48845073	
1.1	0.50218701	
1.2	0.51320313	
1.3	0.54340983	
1.4	0.55098136	
1.5	0.5397813	
1.6	0.55695636	
1.7	0.56704861	
1.8	0.63377236	
1.9	0.66399711	
2	0.557452	
2.2	0.59583179	
2.4	0.56912205	
2.6	0.53483908	
2.8	0.52465385	
3	0.52120057	
3.2	0.5344572	
3.3	0.53904094	
3.4	0.55150132	
3.6	0.55755705	
3.8	0.55383745	
4	0.67219741	
4.4	0.74004727	
4.5	0.75538132	
4.8	0.62399303	
5	0.60787152	
5.5	0.56959019	
6	0.60359232	
6.47	0.56208255	
8	0.6380276	
9	0.60248537	
10	0.6783436	
11	0.57539803	
12	0.56197629	
13	0.63453101	
14	0.50797312	
15	0.51030588	
16	0.48780574	
17	0.46697886	
18	0.45113891	
19	0.43566429	
20	0.43688946	
21	0.4867384	
22	0.52437509	
23	0.4450537	
24	0.43127146	
25	0.43076444	
26	0.4292536	
27	0.42994068	
28	0.43046663	
29	0.4316472	
30	0.43127946	
31	0.42998938	
32	0.42951246	
33	0.4286753	
34	0.42647049	
35	0.42387815	
36	0.42343819	
37	0.42169662	
38	0.42028597	
39	0.42029466	
40	0.41860694	
41	0.41825425	
42	0.41827863	
43	0.4180203	
44	0.41791647	
45	0.41792679	
50	0.41842846	
55	0.41892213	
60	0.41892018	
65	0.41893398	
70	0.41894258	
75	0.41894189	
80	0.41894114	
85	0.41894036	


ord=1
wave=450 nm
zenith, km	60	
Stoks:	      3.455144	  -0.045961278	 9.1852111e-05	             0	
enhancement factor
0	5.6970672	5.6101438	8.9513639	0	
0.05	5.6543995	5.6081955	10.728676	0	
0.1	5.3643374	5.3701256	10.43494	0	
0.15	5.1048511	5.1403442	10.320537	0	
0.2	4.8716189	4.9308253	9.5075505	0	
0.25	4.6616292	4.7443626	9.7396494	0	
0.3	4.4720859	4.5735465	9.4843374	0	
0.35	4.2600459	4.4284781	5.2757946	0	
0.4	4.0784388	4.2943383	1.0979181	0	
0.45	3.9367041	4.161828	0.42853706	0	
0.5	3.8075779	4.0406075	0.86064945	0	
0.55	3.6896941	3.9290648	1.0433726	0	
0.6	3.5819633	3.8274266	0.48555484	0	
0.65	3.483206	3.7339934	0.07386897	0	
0.7	3.3924951	3.6468177	-0.61274609	0	
0.75	3.3092098	3.5666229	-0.031383488	0	
0.8	3.2325712	3.4928013	0.65653565	0	
0.85	3.1618214	3.4231785	0.98316833	0	
0.9	3.0965641	3.3591531	0.61105995	0	
0.95	3.0362598	3.3009384	0.67054002	0	
1	2.9553862	3.2228335	1.3431094	0	
1.1	2.8587476	3.1284853	0.96282621	0	
1.2	2.7750615	3.0455464	0.67047558	0	
1.3	2.7021636	2.9711478	0.69951756	0	
1.4	2.6383723	2.9045889	0.76694787	0	
1.5	2.5823155	2.845794	0.65229664	0	
1.6	2.5329178	2.7941123	0.44049137	0	
1.7	2.4891895	2.7475304	0.46580281	0	
1.8	2.4503413	2.7052613	0.6318141	0	
1.9	2.4157173	2.6672483	0.70409694	0	
2	2.3714278	2.6171327	0.81801605	0	
2.2	2.3210981	2.5596189	1.1082333	0	
2.4	2.2800588	2.5105714	1.1838975	0	
2.6	2.2462505	2.4690012	1.079014	0	
2.8	2.2181394	2.4332299	1.1528263	0	
3	2.1945709	2.4021279	0.98603449	0	
3.2	2.179083	2.3809274	0.89508358	0	
3.3	2.1699561	2.3680864	1.0205492	0	
3.4	2.1577475	2.350269	1.0461183	0	
3.6	2.1432438	2.3284429	1.1501599	0	
3.8	2.1307485	2.3089296	1.1758241	0	
4	2.115409	2.2833703	1.2844597	0	
4.4	2.104036	2.2638527	1.1551121	0	
4.5	2.0967224	2.2500987	1.0538585	0	
4.8	2.0884302	2.2341481	1.063351	0	
5	2.0791025	2.2148307	1.0681272	0	
5.5	2.0680324	2.1899759	1.1055182	0	
6	2.0595135	2.1692488	1.0418807	0	
6.47	2.0465567	2.1346763	1.0864139	0	
8	2.0334032	2.0983993	1.0594382	0	
9	2.0258469	2.07601	1.1853494	0	
10	2.0193006	2.0589203	1.1534098	0	
11	2.0136082	2.0455549	1.3283988	0	
12	2.0089069	2.0334662	2.0637747	0	
13	2.0048657	2.0242312	2.0620102	0	
14	2.0012209	2.0165552	2.0676102	0	
15	1.9978962	2.0099822	2.091053	0	
16	1.9948465	2.0047135	2.0872923	0	
17	1.9920145	2.0002945	2.0860351	0	
18	1.9893962	1.9964883	2.0846489	0	
19	1.9870291	1.9930692	2.0866361	0	
20	1.984898	1.9900694	2.0614824	0	
21	1.9829957	1.9873946	2.056682	0	
22	1.9812705	1.9849934	2.0555262	0	
23	1.9796893	1.9828253	2.0543752	0	
24	1.9782272	1.9808517	2.0514161	0	
25	1.9768611	1.9789518	2.0096232	0	
26	1.9755791	1.9772925	2.0086251	0	
27	1.9743661	1.9757587	2.0076298	0	
28	1.9732081	1.9743022	2.0057594	0	
29	1.9720936	1.9728564	1.9863364	0	
30	1.9710201	1.971557	1.978626	0	
31	1.9699808	1.9703407	1.9777224	0	
32	1.968969	1.9691778	1.9768205	0	
33	1.967979	1.9680539	1.9759203	0	
34	1.9670072	1.9669624	1.9750218	0	
35	1.9660515	1.9659024	1.9741251	0	
36	1.9651099	1.964871	1.97323	0	
37	1.9641797	1.9638468	1.9645515	0	
38	1.9632602	1.9628597	1.9632876	0	
39	1.9623495	1.9618913	1.9624207	0	
40	1.9614463	1.9609381	1.9615552	0	
41	1.9605496	1.9599978	1.9606911	0	
42	1.9596585	1.9590686	1.9598284	0	
43	1.9587724	1.9581494	1.9589672	0	
44	1.9578907	1.9572391	1.9596933	0	
45	1.9552727	1.9545602	1.9613295	0	
50	1.9509557	1.9501717	1.9571456	0	
55	1.9466958	1.9458755	1.9528537	0	
60	1.942482	1.9416448	1.9485998	0	
65	1.9383094	1.9374662	1.9443834	0	
70	1.9341753	1.9333321	1.940204	0	
75	1.9300781	1.9292383	1.936061	0	
80	1.9260168	1.9251821	1.9319539	0	
85	1.9219907	1.9211618	1.9278823	0	


precision, %
wave=450 nm
height, km	60	
0	0.010752027	
0.05	0.0094484459	
0.1	0.0087171311	
0.15	0.008309564	
0.2	0.00795179	
0.25	0.0072475413	
0.3	0.0067811408	
0.35	0.0066701004	
0.4	0.0065081744	
0.45	0.006214336	
0.5	0.006084228	
0.55	0.0059405279	
0.6	0.0058409729	
0.65	0.0058727926	
0.7	0.0057909211	
0.75	0.0056740095	
0.8	0.0055077276	
0.85	0.0051133462	
0.9	0.0050318268	
0.95	0.0049875102	
1	0.004888666	
1.1	0.004925179	
1.2	0.0049344712	
1.3	0.004995198	
1.4	0.0049481678	
1.5	0.0049754031	
1.6	0.0050157648	
1.7	0.0050076992	
1.8	0.0050075715	
1.9	0.005058111	
2	0.0050597618	
2.2	0.0051215879	
2.4	0.0052328472	
2.6	0.0052885894	
2.8	0.0052950098	
3	0.0053295737	
3.2	0.0053554293	
3.3	0.0053503076	
3.4	0.0053663582	
3.6	0.0053738707	
3.8	0.0054162735	
4	0.0054400093	
4.4	0.0054422822	
4.5	0.0054810443	
4.8	0.0055114691	
5	0.0055382092	
5.5	0.0055552214	
6	0.0055750388	
6.47	0.0056136527	
8	0.0056529131	
9	0.0056641149	
10	0.0056553847	
11	0.0056452594	
12	0.0056580895	
13	0.0056700097	
14	0.0056778086	
15	0.0056700167	
16	0.005676152	
17	0.0056816084	
18	0.0056884003	
19	0.0056959281	
20	0.0056994205	
21	0.0057022676	
22	0.0057046149	
23	0.0057065566	
24	0.0057080022	
25	0.005706578	
26	0.0057076876	
27	0.0057086045	
28	0.0057082213	
29	0.0057092018	
30	0.0057109655	
31	0.0057114051	
32	0.0057117699	
33	0.0057120765	
34	0.0057123354	
35	0.0057125522	
36	0.005712733	
37	0.0057128851	
38	0.0057130111	
39	0.0057131163	
40	0.0057132042	
41	0.005713278	
42	0.0057133399	
43	0.0057133918	
44	0.0057134355	
45	0.0057135197	
50	0.0057136069	
55	0.0057136387	
60	0.0057136449	
65	0.0057136386	
70	0.0057136262	
75	0.0057136107	
80	0.0057135938	
85	0.0057135763	


-------------------------------------------------
tet=80  fi=90
	60	
450	0.025881197	

	60	
450	-26.408919	

	60	
450	0.83800414	



ord=1
	60	
450	31.314471	

	60	
450	-33.992484	

	60	
450	0.038696902	

enhancement factor
ord=0
wave=450 nm
zenith, km	60	
Stoks:	     1.6261635	    0.42945221	  -0.046964482	   -0.00291022	
enhancement factor
0	5.8298286	5.7390853	6.6674967	6.1112285	
0.05	5.8627217	5.826675	8.0299505	7.6624131	
0.1	5.6362659	5.6858818	7.7382848	6.7659861	
0.15	5.4033583	5.5333743	7.1887534	6.4304592	
0.2	5.2758782	5.4785339	7.780667	7.0286072	
0.25	5.0970806	5.3189461	7.6211243	7.2969066	
0.3	4.9315714	5.1695325	7.1205177	7.4805444	
0.35	4.8032851	5.0353528	7.6567361	7.3632038	
0.4	4.6526813	4.93115	7.34542	7.3706115	
0.45	4.5565364	4.9007976	6.7964346	6.1682978	
0.5	4.4551562	4.7913638	7.3043587	6.1028615	
0.55	4.2913249	4.5772302	6.992173	6.6999195	
0.6	4.2021447	4.4886443	6.3223564	6.593889	
0.65	4.1171542	4.4146744	5.9467312	6.0344112	
0.7	4.0540281	4.337481	6.8995953	7.2234314	
0.75	4.0148848	4.3358762	6.6229726	6.6367728	
0.8	3.8442258	4.1203517	6.4018952	5.7736448	
0.85	3.7538999	4.0634372	5.9444119	5.6796901	
0.9	3.7342462	4.0363426	5.8862439	5.6281758	
0.95	3.6796297	3.9482091	6.1382296	5.8075954	
1	3.5554367	3.8694048	5.7571007	4.9023525	
1.1	3.4466421	3.7501745	5.1931713	4.5576461	
1.2	3.3656756	3.6606259	4.8902052	4.5961368	
1.3	3.30875	3.6084842	5.0748447	4.3431378	
1.4	3.2349239	3.4875158	4.9700582	4.1950599	
1.5	3.1569551	3.4055221	4.6361252	4.0472545	
1.6	3.0922381	3.3528165	4.3780233	3.846483	
1.7	3.0509574	3.315509	4.414325	3.0937984	
1.8	3.0273624	3.3025672	4.8292796	3.7258414	
1.9	2.99821	3.2673708	4.8420307	3.1284818	
2	2.9207805	3.1633332	4.0791762	3.3909422	
2.2	2.8762662	3.138658	3.9008512	3.578075	
2.4	2.8240847	3.0822047	4.2322372	3.5727037	
2.6	2.7471328	2.9929659	4.2161316	3.7511061	
2.8	2.7256248	2.9021236	4.5429195	3.8815081	
3	2.6938851	2.8372489	4.2636462	3.4561063	
3.2	2.6737343	2.7921092	4.2526795	3.4969056	
3.3	2.6526207	2.7752322	4.0901074	3.3368692	
3.4	2.6436093	2.7956405	4.2872474	3.1124224	
3.6	2.6152494	2.7367028	4.4505361	2.9027649	
3.8	2.5810146	2.6888191	4.2742154	2.8317446	
4	2.6085056	2.7493648	4.5076489	3.1902558	
4.4	2.6314893	2.8759636	4.2843001	3.4802712	
4.5	2.6243976	2.8663848	4.5438132	4.3199504	
4.8	2.6018207	2.7944011	4.8903517	3.9121634	
5	2.5835527	2.733687	4.3647288	3.9309109	
5.5	2.5017252	2.6282387	4.2139114	2.9653042	
6	2.5201141	2.6875377	4.8979095	2.7873738	
6.47	2.4732667	2.6148073	4.5053822	2.0932215	
8	2.4164429	2.5184515	4.294685	2.7229127	
9	2.3701451	2.4483571	3.5735264	2.7313233	
10	2.3434381	2.5284797	3.1533346	2.2595774	
11	2.2796627	2.4070581	3.1128572	2.0847363	
12	2.2305314	2.3420721	2.9388732	2.0572478	
13	2.1921767	2.2527679	2.5927898	2.0545393	
14	2.1539587	2.1721236	2.5928928	2.1178557	
15	2.1496343	2.1968905	2.6164978	1.9858987	
16	2.1381756	2.2066254	2.584905	2.0112973	
17	2.1195649	2.1821443	2.6967145	2.2345	
18	2.083694	2.118768	2.2772942	1.9895452	
19	2.071964	2.1080222	2.213142	2.0075736	
20	2.0579476	2.0911105	2.3010079	2.0701923	
21	2.0635751	2.1357917	2.1146642	1.9988211	
22	2.0499843	2.0652412	2.1083678	2.2050403	
23	2.0305773	2.058211	2.0663833	2.1061946	
24	2.0165046	2.0377611	2.0388401	2.1090921	
25	2.007674	2.0246881	2.0360161	2.0966874	
26	2.0041889	2.0212853	2.0244712	2.0986492	
27	1.9991887	2.0143432	1.9981539	2.0695565	
28	1.9944989	2.0069934	1.9928792	2.0414574	
29	1.9887881	1.9957649	1.984746	1.9908625	
30	1.9854195	1.991079	1.9942181	1.9634921	
31	1.9813292	1.9836212	1.9982673	1.9564799	
32	1.9796964	1.9816845	1.9988987	1.9542147	
33	1.9783405	1.980127	2.0022363	1.9546537	
34	1.9763421	1.9767302	2.0247015	1.9599353	
35	1.9750195	1.9758408	2.0193597	1.9569238	
36	1.973952	1.9749666	2.0189989	1.9555161	
37	1.9719525	1.9720053	2.0119327	1.9654451	
38	1.9694824	1.9679439	2.0026833	1.9798813	
39	1.9684853	1.9670232	2.0018977	1.9777759	
40	1.9670471	1.9677057	2.0032188	1.9661351	
41	1.9659866	1.9673593	2.0030486	1.9624892	
42	1.9650886	1.9664524	2.0023605	1.9618013	
43	1.9638127	1.9646208	1.9973908	1.9656589	
44	1.9627497	1.9632917	1.9946014	1.966987	
45	1.9601088	1.9606097	1.9922122	1.9646143	
50	1.9552656	1.9554828	1.9753317	1.961362	
55	1.9506955	1.9506445	1.9618773	1.957873	
60	1.946454	1.9463982	1.9578728	1.953601	
65	1.9422574	1.9421933	1.9539142	1.9494686	
70	1.9380964	1.9380279	1.9498508	1.9453254	
75	1.9339679	1.9338988	1.9456573	1.9411411	
80	1.9298758	1.9298065	1.941485	1.9369933	
85	1.9258191	1.92575	1.9373416	1.9328816	


precision, %
wave=450 nm
height, km	60	
0	0.84069665	
0.05	1.0138124	
0.1	1.0023779	
0.15	0.93967532	
0.2	0.997841	
0.25	0.95554237	
0.3	0.94278951	
0.35	1.0466174	
0.4	0.96939712	
0.45	1.1303865	
0.5	1.1936868	
0.55	0.99552477	
0.6	1.062716	
0.65	1.0861895	
0.7	1.0630308	
0.75	1.4895359	
0.8	1.0899679	
0.85	1.0679033	
0.9	1.164285	
0.95	1.2030871	
1	1.1315181	
1.1	1.1072568	
1.2	1.0857073	
1.3	1.1560244	
1.4	1.1377393	
1.5	1.1224541	
1.6	1.1247345	
1.7	1.177201	
1.8	1.279926	
1.9	1.3528489	
2	1.308858	
2.2	1.2339232	
2.4	1.2095092	
2.6	1.1083456	
2.8	1.1022245	
3	1.0761711	
3.2	1.1135991	
3.3	1.1292262	
3.4	1.193455	
3.6	1.1418709	
3.8	1.1155712	
4	1.5129201	
4.4	1.875774	
4.5	1.8574425	
4.8	1.5973759	
5	1.5661444	
5.5	1.3365284	
6	1.65214	
6.47	1.4373524	
8	1.6518722	
9	1.4991759	
10	2.0946671	
11	1.4968614	
12	1.3407745	
13	1.2233997	
14	1.0605152	
15	1.1704521	
16	1.2882685	
17	1.2114816	
18	0.99952602	
19	0.96528399	
20	0.93631531	
21	1.2024393	
22	1.0948826	
23	0.94179782	
24	0.8872371	
25	0.87370902	
26	0.87304028	
27	0.86453512	
28	0.85851983	
29	0.85867101	
30	0.85766074	
31	0.85617384	
32	0.85623393	
33	0.85474767	
34	0.84984234	
35	0.84714408	
36	0.84671301	
37	0.84320419	
38	0.84087322	
39	0.84096855	
40	0.84004733	
41	0.84001873	
42	0.84003627	
43	0.83799882	
44	0.83719803	
45	0.83723721	
50	0.83737947	
55	0.83798858	
60	0.83798618	
65	0.83801135	
70	0.83802673	
75	0.83802692	
80	0.83802688	
85	0.83802674	


ord=1
wave=450 nm
zenith, km	60	
Stoks:	    0.50922452	    0.17309807	    0.29209423	             0	
enhancement factor
0	5.6469146	5.5204199	5.5143357	0	
0.05	5.452685	5.3751628	5.3751292	0	
0.1	5.1811325	5.1412761	5.1460305	0	
0.15	4.9431555	4.9349055	4.9398708	0	
0.2	4.7305079	4.7493175	4.7536366	0	
0.25	4.5410091	4.5805148	4.5853628	0	
0.3	4.3715204	4.4274775	4.4322568	0	
0.35	4.218248	4.2880591	4.2930675	0	
0.4	4.0791602	4.1602934	4.1652844	0	
0.45	3.9524241	4.0441639	4.0482481	0	
0.5	3.8371071	3.9375151	3.9411556	0	
0.55	3.7317994	3.8394885	3.8425947	0	
0.6	3.6360101	3.7488923	3.7515417	0	
0.65	3.5478186	3.6651781	3.6675066	0	
0.7	3.4662966	3.5879777	3.5896781	0	
0.75	3.3919225	3.5164282	3.5180282	0	
0.8	3.3235318	3.4501974	3.4518221	0	
0.85	3.2597107	3.3893073	3.3904895	0	
0.9	3.2011281	3.3327867	3.333461	0	
0.95	3.1471157	3.2800432	3.2806765	0	
1	3.074071	3.2086828	3.2095545	0	
1.1	2.9866177	3.122407	3.1231611	0	
1.2	2.9106065	3.0463437	3.0469943	0	
1.3	2.8436619	2.9791987	2.9795478	0	
1.4	2.7843954	2.9194771	2.9194398	0	
1.5	2.7316877	2.8658737	2.8655824	0	
1.6	2.6849732	2.8175178	2.8172038	0	
1.7	2.6431557	2.7740158	2.7736967	0	
1.8	2.6055802	2.7347478	2.7343922	0	
1.9	2.5717369	2.6990322	2.6986795	0	
2	2.5276085	2.6521769	2.6517287	0	
2.2	2.4765281	2.5971567	2.5968525	0	
2.4	2.4337687	2.5505276	2.5501517	0	
2.6	2.3975036	2.5103406	2.5099279	0	
2.8	2.3663824	2.4753741	2.4750046	0	
3	2.3394171	2.4446514	2.4442652	0	
3.2	2.3212615	2.4237286	2.4233073	0	
3.3	2.3102899	2.4109137	2.4105413	0	
3.4	2.2951755	2.3931855	2.3928037	0	
3.6	2.2767539	2.3713278	2.3709611	0	
3.8	2.2602936	2.3514812	2.3511404	0	
4	2.2389436	2.3252888	2.3249922	0	
4.4	2.2226159	2.30509	2.3047811	0	
4.5	2.2113657	2.2909391	2.2905705	0	
4.8	2.1982674	2.2742583	2.2738998	0	
5	2.1824253	2.2536133	2.2533111	0	
5.5	2.162385	2.2273163	2.2270034	0	
6	2.1457429	2.2049915	2.2046785	0	
6.47	2.118296	2.1676868	2.1673712	0	
8	2.0892844	2.1278247	2.1275897	0	
9	2.0715553	2.1032658	2.1030852	0	
10	2.0570569	2.0832185	2.0830739	0	
11	2.045188	2.0669146	2.0667794	0	
12	2.0352743	2.0532652	2.0531328	0	
13	2.0269201	2.0418171	2.0417302	0	
14	2.0198681	2.0322378	2.0321823	0	
15	2.0138256	2.0242469	2.0241682	0	
16	2.0086763	2.0174451	2.0173891	0	
17	2.0042054	2.0116339	2.0115981	0	
18	2.000271	2.0066004	2.0065795	0	
19	1.9967825	2.0021804	2.002171	0	
20	1.9937032	1.9982967	1.9982995	0	
21	1.9909845	1.9949014	1.9949144	0	
22	1.9885619	1.9919078	1.9919292	0	
23	1.9863869	1.9892507	1.9892792	0	
24	1.9844197	1.9868785	1.9869113	0	
25	1.9826131	1.9847627	1.9847656	0	
26	1.9809664	1.9828266	1.9828337	0	
27	1.979446	1.9810638	1.9810744	0	
28	1.9780225	1.979444	1.979452	0	
29	1.9766671	1.9779519	1.9779353	0	
30	1.9753968	1.9765404	1.9765199	0	
31	1.9741941	1.9752131	1.9751944	0	
32	1.9730433	1.9739573	1.9739401	0	
33	1.9719316	1.9727547	1.9727389	0	
34	1.9708522	1.9715961	1.9715814	0	
35	1.969803	1.970479	1.9704653	0	
36	1.9687809	1.969399	1.9693861	0	
37	1.9677816	1.9683504	1.9683382	0	
38	1.9668013	1.9673283	1.9673165	0	
39	1.9658369	1.9663286	1.9663167	0	
40	1.9648877	1.9653484	1.965337	0	
41	1.9639504	1.9643844	1.9643733	0	
42	1.9630235	1.9634342	1.9634235	0	
43	1.9621057	1.9624963	1.9624859	0	
44	1.9611959	1.9615692	1.961559	0	
45	1.9585139	1.9588502	1.9588405	0	
50	1.9541141	1.9544066	1.9543976	0	
55	1.9497985	1.9500672	1.9500586	0	
60	1.9455437	1.9457989	1.9457905	0	
65	1.9413381	1.9415853	1.941577	0	
70	1.9371756	1.9374178	1.9374096	0	
75	1.9330527	1.9332915	1.9332834	0	
80	1.9289672	1.9292034	1.9291954	0	
85	1.9249176	1.9251517	1.9251438	0	


precision, %
wave=450 nm
height, km	60	
0	0.073494252	
0.05	0.066362269	
0.1	0.061111447	
0.15	0.058095325	
0.2	0.055431499	
0.25	0.050349216	
0.3	0.046932282	
0.35	0.045568726	
0.4	0.044011907	
0.45	0.04186131	
0.5	0.040827481	
0.55	0.039713279	
0.6	0.03889904	
0.65	0.038967784	
0.7	0.038297018	
0.75	0.037400045	
0.8	0.036190897	
0.85	0.033507215	
0.9	0.032882165	
0.95	0.032506358	
1	0.031749006	
1.1	0.031847276	
1.2	0.031787761	
1.3	0.032079205	
1.4	0.031693137	
1.5	0.031791621	
1.6	0.031984543	
1.7	0.031883898	
1.8	0.031846255	
1.9	0.032132396	
2	0.032112822	
2.2	0.032478848	
2.4	0.033173497	
2.6	0.033534185	
2.8	0.033593423	
3	0.033841502	
3.2	0.034032863	
3.3	0.03402214	
3.4	0.034158435	
3.6	0.034256744	
3.8	0.034576311	
4	0.034809006	
4.4	0.0348947	
4.5	0.035200217	
4.8	0.035468756	
5	0.035739433	
5.5	0.035992165	
6	0.036251932	
6.47	0.036743435	
8	0.037271895	
9	0.037528549	
10	0.037619525	
11	0.037671818	
12	0.03785205	
13	0.03801379	
14	0.038129632	
15	0.038134481	
16	0.038215163	
17	0.0382828	
18	0.038353007	
19	0.038424044	
20	0.038465686	
21	0.038500516	
22	0.038529737	
23	0.038554256	
24	0.038573876	
25	0.038574916	
26	0.038589436	
27	0.038601551	
28	0.038605112	
29	0.038617186	
30	0.038632249	
31	0.038638354	
32	0.038643481	
33	0.03864788	
34	0.038651682	
35	0.038654925	
36	0.038657674	
37	0.038660008	
38	0.038662002	
39	0.038663716	
40	0.038665164	
41	0.038666409	
42	0.038667484	
43	0.03866841	
44	0.038669209	
45	0.038670894	
50	0.038672882	
55	0.038673963	
60	0.038674588	
65	0.038674974	
70	0.038675231	
75	0.038675419	
80	0.038675571	
85	0.038675705	


-------------------------------------------------
tet=80  fi=180
	60	
450	0.025801881	

	60	
450	13.695712	

	60	
450	0.78922379	



ord=1
	60	
450	31.893467	

	60	
450	19.208646	

	60	
450	0.038065501	

enhancement factor
ord=0
wave=450 nm
zenith, km	60	
Stoks:	       1.62118	   -0.22203214	  0.0059538659	 -0.0002655078	
enhancement factor
0	5.8495713	5.1772524	5.4091249	8.602175	
0.05	5.8778947	4.8696737	5.9864422	3.7773052	
0.1	5.6608714	4.297021	6.3044833	4.3206096	
0.15	5.460492	4.0216655	14.170864	-8.4435968	
0.2	5.3322752	3.7092219	12.144919	-9.0447799	
0.25	5.1602004	3.4805661	10.491837	-2.8779642	
0.3	4.9883884	3.2399943	9.8862088	-0.51508386	
0.35	4.880343	3.0558518	7.7309799	6.1653121	
0.4	4.750867	2.8771248	10.822547	-4.9596589	
0.45	4.6410988	2.6203363	9.756068	-0.99046059	
0.5	4.5417784	2.5614805	6.2558961	8.9437798	
0.55	4.4256769	2.5043299	7.6238024	7.7882386	
0.6	4.3110103	2.3683143	10.802407	1.6997568	
0.65	4.227116	2.300877	14.316469	-4.0556263	
0.7	4.1540497	2.1948387	9.6930539	10.626729	
0.75	4.0752512	2.0382463	3.9463697	21.693546	
0.8	3.9649611	2.0937107	6.789126	12.466399	
0.85	3.8786202	2.0578313	6.7654766	13.051017	
0.9	3.8390636	1.9557202	5.0329969	9.8382207	
0.95	3.7924858	1.890073	6.1572072	2.7831752	
1	3.6793707	1.8624036	4.3875344	7.826862	
1.1	3.553332	1.8415686	3.6751315	3.833027	
1.2	3.4681765	1.8382769	3.4359176	5.8874934	
1.3	3.4157474	1.7969554	4.2418846	5.6774683	
1.4	3.3461099	1.8333608	2.9142052	5.9563336	
1.5	3.2713188	1.7856672	4.7790627	4.8019654	
1.6	3.1926119	1.7400761	4.8525573	8.0833959	
1.7	3.1632546	1.6934227	4.8997202	4.4051842	
1.8	3.1378636	1.6856077	3.3468004	6.7998224	
1.9	3.0884516	1.666001	4.4471058	1.0956451	
2	3.0046517	1.6334301	4.3172137	1.7034499	
2.2	2.9621543	1.536683	4.4708976	4.2784349	
2.4	2.902968	1.5687461	0.9211305	4.2143793	
2.6	2.8193763	1.621987	-0.40378278	3.937013	
2.8	2.793008	1.6891767	-1.3315856	5.1673911	
3	2.7599361	1.712784	-1.9457222	4.97698	
3.2	2.7315367	1.770279	-2.3716425	6.9326928	
3.3	2.7051258	1.7392459	-1.3111467	5.7845204	
3.4	2.6947952	1.7367308	-0.83583332	4.3110019	
3.6	2.6710805	1.7516492	-1.6934661	3.4810461	
3.8	2.6419291	1.7342406	-1.5057689	1.5148021	
4	2.6935349	1.5670274	-3.8968892	10.94615	
4.4	2.7148552	1.2051637	-2.5619556	9.8292955	
4.5	2.6956934	1.2232663	-2.6110124	17.845543	
4.8	2.6536629	1.3952448	-1.1903417	11.73326	
5	2.619275	1.4724426	2.2607698	10.662984	
5.5	2.5365068	1.5751683	1.8770466	2.51886	
6	2.5354402	1.4993211	-0.54941137	13.509755	
6.47	2.4952208	1.555624	-0.17926825	5.682902	
8	2.4521628	1.6128628	-2.7442358	4.7012907	
9	2.3855871	1.694383	1.4039907	6.3570806	
10	2.3530821	1.4613329	2.3461494	3.2329332	
11	2.2808314	1.6351611	1.4955879	1.9861503	
12	2.2333575	1.7030936	1.3507775	2.5105115	
13	2.2396792	1.8150137	14.032031	0.32136634	
14	2.1719426	1.8999106	3.6162689	6.0698373	
15	2.1545585	1.903289	2.5204873	4.5312085	
16	2.1363532	1.8821492	1.6321598	4.1689216	
17	2.1236718	1.8402936	-0.44817222	6.1434955	
18	2.090217	1.918028	3.2857472	1.6280812	
19	2.0793619	1.9141657	3.9244611	1.4050065	
20	2.0643197	1.9231604	2.3935101	1.7958509	
21	2.0689336	1.8549037	4.8857179	1.7170979	
22	2.0594889	1.9559677	5.6156566	3.0055561	
23	2.0329873	1.9418941	3.4465238	2.4360061	
24	2.0174987	1.9623276	3.6205947	2.2751509	
25	2.0092588	1.9703692	3.2446905	2.1342081	
26	2.0049102	1.9678191	2.9175839	2.2691342	
27	2.0005171	1.9667802	2.9104983	2.3367384	
28	1.9966255	1.9692883	2.7144651	2.3621205	
29	1.9927863	1.9714679	2.4369631	2.2282834	
30	1.9898872	1.9755497	2.3468857	2.0760178	
31	1.9860684	1.9828971	2.1466099	2.1448696	
32	1.9842759	1.9823448	2.0896978	2.1683393	
33	1.9830384	1.9811951	2.0889681	2.1448985	
34	1.9817134	1.9810325	2.0558525	2.1579298	
35	1.9796224	1.9765171	1.9621047	2.301337	
36	1.9783828	1.9747391	1.9392407	2.3197831	
37	1.976659	1.9747455	1.9367641	2.2374443	
38	1.9745944	1.9752503	1.9013719	2.1388757	
39	1.9735706	1.9741431	1.8933592	2.1433608	
40	1.9717288	1.9706281	1.7839811	2.0676561	
41	1.9705153	1.9689261	1.7484583	2.0353212	
42	1.9695968	1.9680255	1.7491561	2.0322666	
43	1.9685111	1.9678635	1.7634742	1.9998512	
44	1.9675291	1.9672988	1.7711928	1.9843065	
45	1.9648782	1.9648718	1.7764888	1.979211	
50	1.959837	1.9616714	1.8838556	1.9579468	
55	1.955135	1.9581609	1.9517198	1.9489218	
60	1.9508514	1.9538321	1.9472806	1.9446585	
65	1.9466451	1.9495882	1.9509486	1.934043	
70	1.9424651	1.9453769	1.9515964	1.9259556	
75	1.9383011	1.9411889	1.9473527	1.9219247	
80	1.9341741	1.9370388	1.9431467	1.9179284	
85	1.9300833	1.9329255	1.9389776	1.9139661	


precision, %
wave=450 nm
height, km	60	
0	0.81462077	
0.05	0.93929285	
0.1	0.89824797	
0.15	0.91894896	
0.2	1.0585314	
0.25	0.97237782	
0.3	0.93613903	
0.35	1.008647	
0.4	0.90905616	
0.45	0.97683683	
0.5	0.99406145	
0.55	1.0862718	
0.6	1.0289372	
0.65	1.0662719	
0.7	1.0258088	
0.75	1.1169378	
0.8	1.0392433	
0.85	0.99478284	
0.9	1.1020292	
0.95	1.2335631	
1	1.16536	
1.1	1.12136	
1.2	1.1587523	
1.3	1.1111044	
1.4	1.1548322	
1.5	1.133398	
1.6	1.0640104	
1.7	1.1360867	
1.8	1.2528083	
1.9	1.2400414	
2	1.1142693	
2.2	1.1956007	
2.4	1.2252416	
2.6	1.0627796	
2.8	1.0245193	
3	1.0680364	
3.2	1.0151727	
3.3	1.0081475	
3.4	1.0387829	
3.6	1.0663676	
3.8	1.0471737	
4	1.8319561	
4.4	2.2507305	
4.5	2.083334	
4.8	1.6070535	
5	1.4476289	
5.5	1.3163068	
6	1.4418617	
6.47	1.3937482	
8	1.781953	
9	1.4930651	
10	2.3138316	
11	1.3877804	
12	1.2898482	
13	2.4920097	
14	1.1978349	
15	1.2013566	
16	1.1452363	
17	1.2274534	
18	1.0119739	
19	0.96554517	
20	0.96820644	
21	1.1342238	
22	1.1669633	
23	0.89837569	
24	0.83496241	
25	0.83295776	
26	0.82868305	
27	0.82637221	
28	0.82271356	
29	0.82004099	
30	0.81736389	
31	0.81579253	
32	0.81477681	
33	0.81447217	
34	0.81410954	
35	0.80083893	
36	0.7986126	
37	0.79689446	
38	0.79636278	
39	0.79632882	
40	0.79473489	
41	0.79475866	
42	0.79469982	
43	0.79431321	
44	0.79412159	
45	0.79419206	
50	0.79030361	
55	0.78849472	
60	0.78849715	
65	0.78840073	
70	0.78834478	
75	0.78835031	
80	0.78835547	
85	0.78836043	


ord=1
wave=450 nm
zenith, km	60	
Stoks:	     0.5170505	    -0.0993184	  0.0018045278	             0	
enhancement factor
0	5.6989775	5.4817616	9.5296076	0	
0.05	5.5274014	5.3706901	9.7279092	0	
0.1	5.2758079	5.1669417	9.7115139	0	
0.15	5.0554215	4.9760162	9.7042509	0	
0.2	4.858361	4.8023966	9.661442	0	
0.25	4.6826244	4.6463094	9.6717875	0	
0.3	4.52519	4.5032685	9.6573269	0	
0.35	4.3824466	4.3720722	9.7147409	0	
0.4	4.2525541	4.252293	9.6753271	0	
0.45	4.1338422	4.1405957	9.6398663	0	
0.5	4.025513	4.0377761	9.6602404	0	
0.55	3.926281	3.942733	9.6679108	0	
0.6	3.8357506	3.8552535	9.638117	0	
0.65	3.752112	3.774273	9.6157191	0	
0.7	3.6745205	3.6986447	9.5794761	0	
0.75	3.6035375	3.6285703	9.6073855	0	
0.8	3.5381353	3.5637408	9.6406656	0	
0.85	3.4769933	3.5030339	9.655663	0	
0.9	3.4207929	3.446894	9.6353381	0	
0.95	3.3688993	3.3952416	9.6368195	0	
1	3.2896372	3.3319442	8.8658637	0	
1.1	3.1296226	3.3032048	1.9871749	0	
1.2	3.0553566	3.2274471	1.9723496	0	
1.3	2.9894018	3.1591392	1.9737116	0	
1.4	2.9305092	3.0974642	1.9769879	0	
1.5	2.8776889	3.042022	1.9710848	0	
1.6	2.8304921	2.9922565	1.9603582	0	
1.7	2.7879137	2.9469836	1.9615057	0	
1.8	2.7493498	2.9055763	1.9697059	0	
1.9	2.7143337	2.8677816	1.9732124	0	
2	2.6681268	2.8173145	1.9787562	0	
2.2	2.6139897	2.7579496	1.9930577	0	
2.4	2.5678886	2.7064296	1.9965897	0	
2.6	2.5281106	2.6615469	1.9911479	0	
2.8	2.4933843	2.6219577	1.9946305	0	
3	2.4627752	2.5866979	1.9861458	0	
3.2	2.4418873	2.5623276	1.9814625	0	
3.3	2.4290937	2.5472784	1.9875687	0	
3.4	2.4112625	2.5261569	1.9886634	0	
3.6	2.3892621	2.4998775	1.9935913	0	
3.8	2.3692804	2.4758105	1.9946625	0	
4	2.342785	2.4434681	1.9997002	0	
4.4	2.3223045	2.4183773	1.9931207	0	
4.5	2.3078423	2.4003371	1.9879506	0	
4.8	2.2908381	2.379054	1.9881696	0	
5	2.2697855	2.352429	1.9880372	0	
5.5	2.2427222	2.3178419	1.9893296	0	
6	2.2197654	2.2882022	1.9857286	0	
6.47	2.181213	2.2379456	1.9868108	0	
8	2.140109	2.1843018	1.9842485	0	
9	2.1146935	2.1509023	1.9891075	0	
10	2.0937459	2.1236525	1.9865711	0	
11	2.0764872	2.1013835	1.9840509	0	
12	2.0621066	2.0827917	1.9797853	0	
13	2.0500783	2.0673543	1.9788122	0	
14	2.04002	2.0545073	1.9782326	0	
15	2.0315249	2.0437205	1.9784461	0	
16	2.0243667	2.034775	1.9774477	0	
17	2.0182406	2.0272149	1.9765645	0	
18	2.0129237	2.0207258	1.9756421	0	
19	2.0082603	2.0150661	1.9747009	0	
20	2.0041518	2.0101031	1.9763304	0	
21	2.0004684	2.005703	1.985599	0	
22	1.9973458	2.0019712	1.9846809	0	
23	1.9945827	1.998693	1.9837646	0	
24	1.9921215	1.9957957	1.9827741	0	
25	1.9898996	1.9931793	1.9801596	0	
26	1.9879034	1.9908727	1.9792545	0	
27	1.9860906	1.9887998	1.978351	0	
28	1.9844203	1.9869037	1.9774129	0	
29	1.9828558	1.9851309	1.9757511	0	
30	1.981407	1.9835183	1.9745749	0	
31	1.9800539	1.9820307	1.9736815	0	
32	1.9787759	1.980639	1.9727898	0	
33	1.9775538	1.9793184	1.9718997	0	
34	1.976378	1.9780563	1.9710112	0	
35	1.9752455	1.9768497	1.9701243	0	
36	1.9741516	1.9756924	1.969239	0	
37	1.9730904	1.9745769	1.9683553	0	
38	1.9720568	1.9734967	1.9674732	0	
39	1.9710466	1.9724465	1.9665928	0	
40	1.9700562	1.9714215	1.9657139	0	
41	1.9690825	1.9704176	1.9648366	0	
42	1.9681231	1.9694319	1.9639609	0	
43	1.9671764	1.9684622	1.9630867	0	
44	1.9662406	1.9675064	1.9622142	0	
45	1.9634972	1.9647191	1.9596074	0	
50	1.9590147	1.9601828	1.9552913	0	
55	1.9546379	1.9557734	1.9510136	0	
60	1.9503327	1.9514469	1.9467737	0	
65	1.9460827	1.9471814	1.9425711	0	
70	1.941879	1.9429655	1.9384029	0	
75	1.9377169	1.938793	1.9342729	0	
80	1.9335934	1.9346602	1.9301792	0	
85	1.9295068	1.9305648	1.9261207	0	


precision, %
wave=450 nm
height, km	60	
0	0.071614827	
0.05	0.064364875	
0.1	0.058991382	
0.15	0.055828545	
0.2	0.05303655	
0.25	0.047964651	
0.3	0.044524679	
0.35	0.043069535	
0.4	0.041449422	
0.45	0.03929499	
0.5	0.038205554	
0.55	0.037051621	
0.6	0.036187017	
0.65	0.036151716	
0.7	0.035439743	
0.75	0.034529274	
0.8	0.033342407	
0.85	0.030808892	
0.9	0.030177984	
0.95	0.029781075	
1	0.029093856	
1.1	0.029804256	
1.2	0.029701512	
1.3	0.029937975	
1.4	0.029549727	
1.5	0.029614767	
1.6	0.029774957	
1.7	0.029669554	
1.8	0.029630083	
1.9	0.029890662	
2	0.02987508	
2.2	0.030223873	
2.4	0.030884815	
2.6	0.031245422	
2.8	0.031327957	
3	0.031588386	
3.2	0.031792038	
3.3	0.031801235	
3.4	0.031957473	
3.6	0.032090313	
3.8	0.032427035	
4	0.032704136	
4.4	0.032837185	
4.5	0.033164578	
4.8	0.033468817	
5	0.033790925	
5.5	0.034127133	
6	0.034463079	
6.47	0.035092424	
8	0.035786043	
9	0.036158066	
10	0.036359155	
11	0.036506527	
12	0.036759434	
13	0.036980059	
14	0.037145956	
15	0.037199882	
16	0.037314721	
17	0.037410769	
18	0.037504104	
19	0.037594075	
20	0.037653808	
21	0.037705807	
22	0.037747428	
23	0.037782403	
24	0.037810986	
25	0.037821985	
26	0.037842746	
27	0.037860085	
28	0.037869116	
29	0.03788535	
30	0.037902743	
31	0.037911521	
32	0.037918905	
33	0.037925256	
34	0.037930759	
35	0.037935466	
36	0.037939468	
37	0.037942878	
38	0.037945791	
39	0.037948286	
40	0.037950432	
41	0.037952291	
42	0.037953906	
43	0.037955308	
44	0.03795653	
45	0.03795918	
50	0.037962421	
55	0.03796437	
60	0.037965666	
65	0.03796662	
70	0.037967389	
75	0.037968055	
80	0.037968667	
85	0.03796925	


