RT Model MCC++	 O.Postylyakov	ver.72
MixedSimC<atmos::StoksC,MCSimC<atmos::StoksC,MCWMethodC<atmos::StoksC,SphericalGeomT>>,SSSimC<atmos::StoksC,MCSimC<atmos::StoksC,MSSMethodC<atmos::StoksC,SphericalGeomT,1000>>>>	ps::cLCG2C	Density: double	AMFs: Yes	ORDERS_ACCOUNT: ATM_COLLGS_ORDERS
photons passed	base/max expendeture	EPS-breakes	MaxCollgs-Breaks	MinPhWgt-Breaks	average colligions
20000	0.0305913/0.0398713	0	0	0	3.24605	
SpecialSamplingCollgs	ForceCollgSimul	EPS	ssEPS	MaxCollgs	MinPhWgt	BaseMod	
1	0	0.001	1e-12	500	1e-300	0	
Albedo	time	IY
0.05	0.0411333	{ 1526137796 663382361 ; 40014 40692 2147483563 2147483399 }	
 -6370.99	 -6370.99	 -5791.81	 -5212.63	 -4633.45	 -4054.27	 -3475.09	  -2895.9	 -2316.72	 -1737.54	 -1158.36	 -579.181	-9.09495e-13	  12.8571	  25.7143	  38.5714	  51.4286	  64.2857	  77.1429	       90	
        0	        0	0.0080361	 0.024108	 0.040179	 0.056251	 0.072322	 0.088394	  0.10447	  0.12054	  0.13661	  0.15268	  0.16875	0.0039284	0.0039364	0.0039443	0.0039522	0.0039601	 0.003968	 0.003976	
        0	        0	        0	        0	        0	        0	        0	        0	        0	        0	        0	        0	        0	        0	        0	        0	        0	        0	        0	        0	
        0	        0	        0	        0	        0	        0	        0	        0	        0	        0	        0	        0	        0	        0	        0	        0	        0	        0	        0	        0	

-------------------------------------------------
tet=86  fi=0
	60	
450	0.056536	

	60	
450	0.31734	

	60	
450	0.54528	



ord=1
	60	
450	51.826	

	60	
450	2.9474	

	60	
450	0.012351	

enhancement factor
ord=0
wave=450 nm
zenith, km	60	
Stoks:	     3.5522799	  -0.011272693	 -0.0026893354	 4.6846647e-05	
enhancement factor
0	13.694006	8.9526119	13.904712	-16.548155	
0.05	12.297385	0.17592729	-1.2683577	4.4460618	
0.1	10.171684	-8.4824184	7.3059282	61.87387	
0.15	8.5642779	-11.272883	11.765671	57.772833	
0.2	7.2758301	-16.758202	4.8127482	57.001727	
0.25	6.2764817	-19.051775	3.2602416	32.733999	
0.3	5.5317923	-18.397302	0.14668856	27.851295	
0.35	4.9006454	-17.414889	3.1235429	11.816279	
0.4	4.4300079	-17.204453	12.526544	-9.4249109	
0.45	4.0424385	-18.417209	2.293007	-15.429268	
0.5	3.7418521	-21.29607	-0.64880875	11.444171	
0.55	3.4817655	-21.929363	-1.4717689	22.222758	
0.6	3.280517	-23.017777	-5.2973952	30.456495	
0.65	3.1146343	-20.088812	-4.017843	19.841324	
0.7	2.9900071	-19.119573	0.36848009	2.5904946	
0.75	2.8810626	-18.973414	2.0059676	12.212692	
0.8	2.7880123	-18.114704	-0.54583376	35.598695	
0.85	2.713092	-17.884773	1.2448514	35.132122	
0.9	2.6499678	-16.839649	-0.23573061	24.068025	
0.95	2.5901212	-16.882573	1.8868201	38.102092	
1	2.5288726	-17.246791	7.3195144	19.659864	
1.1	2.4542059	-17.573115	2.5049819	-11.62566	
1.2	2.4013712	-16.979132	3.3795838	-30.887332	
1.3	2.3567945	-16.128178	2.6649685	-31.795751	
1.4	2.3265456	-16.587786	4.6042669	-6.7507555	
1.5	2.2900652	-15.206257	4.3730088	5.5859878	
1.6	2.2706743	-15.518474	2.2963307	7.686181	
1.7	2.2543681	-14.053373	1.7623237	-5.4679134	
1.8	2.2408908	-13.278833	-1.9258966	-9.672896	
1.9	2.2270523	-12.42693	-2.8651345	-9.995477	
2	2.2128876	-12.3782	1.1167242	12.09613	
2.2	2.2005261	-12.442998	4.5636702	7.486307	
2.4	2.1783695	-12.090955	2.4998865	35.918726	
2.6	2.16529	-11.287009	3.4175431	43.383811	
2.8	2.1679591	-12.771938	9.1981296	84.482239	
3	2.1595385	-12.616731	14.253542	47.818236	
3.2	2.1570312	-12.46252	16.184431	71.822937	
3.3	2.1496215	-11.08093	13.734663	48.418607	
3.4	2.1485875	-11.012881	12.046417	32.362505	
3.6	2.1587554	-12.763036	13.143954	0.86951139	
3.8	2.1475294	-11.596266	9.3052636	-3.6968984	
4	2.1318605	-9.709767	4.9345755	20.858972	
4.4	2.1296424	-9.4377437	3.2285408	30.07524	
4.5	2.1290477	-8.895467	-0.21208622	25.390215	
4.8	2.1225709	-9.0163397	1.7705516	19.045603	
5	2.1247267	-9.2606924	5.2182161	16.630069	
5.5	2.1393141	-10.973166	17.505431	56.619734	
6	2.1273549	-9.31584	11.045368	14.859095	
6.47	2.1118608	-8.1620686	6.4581005	34.600521	
8	2.0987688	-7.7338381	0.66087284	4.6241127	
9	2.0794172	-4.7915175	-4.8874127	5.0279563	
10	2.0743893	-4.2362072	-0.27295375	17.586554	
11	2.0624194	-3.2513856	-0.44382704	12.397606	
12	2.0448846	-2.1161578	0.33167133	5.1617754	
13	2.0422467	-2.5357581	-0.14463326	8.0207697	
14	2.0352997	-1.9613822	1.47691	10.548198	
15	2.0275614	-0.83177227	2.7717235	9.9681186	
16	2.0269937	-0.45393894	3.7632354	27.658861	
17	2.0130047	0.40027476	3.4697698	10.607548	
18	2.0083452	1.0181495	3.4174327	14.824955	
19	2.0060366	1.7127767	3.4863937	27.160546	
20	1.9961569	0.72625633	2.1037854	1.6733018	
21	1.991686	1.1641832	1.3025825	1.0362609	
22	1.9896494	1.270948	1.5706394	0.31727552	
23	1.9880418	1.3187105	1.7044154	-0.076621013	
24	1.9858374	1.3938596	1.7571608	1.2855657	
25	1.9832052	1.4854298	1.4670731	2.0306268	
26	1.9812464	1.5310543	1.8608159	0.43147579	
27	1.9790584	1.6680876	1.8514751	1.3574054	
28	1.9770743	1.7673061	1.8694607	1.5378682	
29	1.975093	1.9024254	1.7148152	2.6691892	
30	1.9738725	1.9073901	1.6404104	3.3237967	
31	1.9723811	1.8861277	2.0330035	4.3266003	
32	1.9711251	1.8998846	2.0008547	4.0930035	
33	1.9697006	1.9078242	1.6946297	3.3452006	
34	1.9685677	1.8789052	1.7453819	2.9905915	
35	1.967114	1.863432	2.0548429	2.7137839	
36	1.9660943	1.8925699	2.1079367	2.4106724	
37	1.9651846	1.8902049	2.1077234	2.4229178	
38	1.9643263	1.8875432	2.1105791	2.3793616	
39	1.9634217	1.8867736	2.1076495	2.4199761	
40	1.9624882	1.8733253	2.0717223	2.5341034	
41	1.9615419	1.8863324	2.0565584	2.3894797	
42	1.960634	1.8908825	2.0540535	2.3368924	
43	1.9596533	1.9075023	2.0466526	2.1262048	
44	1.9585101	1.9657573	2.0360921	1.7571905	
45	1.9558978	1.9624768	2.038717	1.8599657	
50	1.9515643	1.9590898	1.9980982	1.8525501	
55	1.9472658	1.9584863	1.9704395	1.8301602	
60	1.9430071	1.96901	1.9508645	1.7917687	
65	1.9388606	1.9654527	1.9557078	1.8004485	
70	1.9347335	1.9612093	1.9518722	1.7979296	
75	1.9306376	1.9569527	1.9478536	1.7951683	
80	1.9265723	1.9526822	1.9436507	1.7921635	
85	1.9225419	1.9484492	1.9394845	1.7891796	


precision, %
wave=450 nm
height, km	60	
0	0.54890818	
0.05	0.60078431	
0.1	0.61218483	
0.15	0.65487925	
0.2	0.6871967	
0.25	0.71107113	
0.3	0.66717488	
0.35	0.66064342	
0.4	0.68952473	
0.45	0.73273023	
0.5	0.72500511	
0.55	0.69026407	
0.6	0.6964991	
0.65	0.66627286	
0.7	0.68047895	
0.75	0.70668805	
0.8	0.69771397	
0.85	0.68264713	
0.9	0.68685972	
0.95	0.74258247	
1	0.70634594	
1.1	0.72043974	
1.2	0.73430583	
1.3	0.69672225	
1.4	0.72439717	
1.5	0.6718971	
1.6	0.68983438	
1.7	0.7128404	
1.8	0.72631939	
1.9	0.7191075	
2	0.69509854	
2.2	0.70990547	
2.4	0.65073804	
2.6	0.63995951	
2.8	0.7389473	
3	0.69989117	
3.2	0.69500692	
3.3	0.64202447	
3.4	0.66353569	
3.6	0.75093274	
3.8	0.70053186	
4	0.67445856	
4.4	0.66875662	
4.5	0.65462507	
4.8	0.6626008	
5	0.68593946	
5.5	0.80135568	
6	0.73167846	
6.47	0.74244042	
8	0.83806297	
9	0.78559994	
10	0.78945809	
11	0.75689883	
12	0.69551935	
13	0.73222681	
14	0.73111291	
15	0.68818482	
16	0.78449448	
17	0.6226255	
18	0.61659144	
19	0.62664309	
20	0.57902129	
21	0.56306777	
22	0.55642742	
23	0.55659352	
24	0.55123404	
25	0.54727675	
26	0.54745902	
27	0.55100184	
28	0.55018011	
29	0.55019913	
30	0.55089345	
31	0.54711884	
32	0.54669836	
33	0.54819854	
34	0.54687252	
35	0.54925051	
36	0.54911516	
37	0.54903003	
38	0.54903013	
39	0.54895231	
40	0.54871981	
41	0.54802903	
42	0.54778777	
43	0.54732181	
44	0.54607774	
45	0.54600605	
50	0.54528457	
55	0.54494424	
60	0.54527915	
65	0.54529275	
70	0.54529075	
75	0.54528985	
80	0.54528971	
85	0.54528957	


ord=1
wave=450 nm
zenith, km	60	
Stoks:	     1.8410086	   -0.05426199	-0.00014295758	             0	
enhancement factor
0	14.072694	13.967711	18.202095	0	
0.05	12.908828	12.911679	14.642196	0	
0.1	10.45774	10.516374	7.0926603	0	
0.15	8.6136935	8.6962143	6.5352794	0	
0.2	7.2133364	7.3096048	3.4655695	0	
0.25	6.1412126	6.244371	3.1388802	0	
0.3	5.3137697	5.4147089	3.4789703	0	
0.35	4.6696743	4.7653849	2.8977777	0	
0.4	4.1652867	4.254113	2.4106578	0	
0.45	3.7675863	3.8465431	2.3114087	0	
0.5	3.4520692	3.5242365	2.5906561	0	
0.55	3.2001088	3.2691613	2.550915	0	
0.6	2.9973977	3.0607851	2.6820432	0	
0.65	2.8335496	2.8926597	2.4514191	0	
0.7	2.7003567	2.7536268	2.4537022	0	
0.75	2.5915192	2.6400166	2.9626396	0	
0.8	2.5021263	2.5469762	2.9896943	0	
0.85	2.4283912	2.4702632	2.9460447	0	
0.9	2.3671811	2.4057261	2.8501227	0	
0.95	2.316115	2.3514856	2.583026	0	
1	2.2558322	2.2881791	2.2696935	0	
1.1	2.1941844	2.2225009	2.2105308	0	
1.2	2.1494978	2.1745465	2.2040793	0	
1.3	2.1166019	2.1388206	2.139921	0	
1.4	2.0920419	2.1119272	2.0924114	0	
1.5	2.073408	2.0912598	2.0902379	0	
1.6	2.0590978	2.075417	1.9800479	0	
1.7	2.0479855	2.0628559	1.9628604	0	
1.8	2.039247	2.0528057	1.9474384	0	
1.9	2.0323013	2.0446949	1.9191387	0	
2	2.0245196	2.0355868	1.9382998	0	
2.2	2.0169804	2.0265827	1.9422755	0	
2.4	2.0117849	2.0201993	1.919837	0	
2.6	2.0080903	2.015586	1.9192102	0	
2.8	2.0053777	2.0121187	1.933325	0	
3	2.0033294	2.0094067	1.9474769	0	
3.2	2.0020811	2.00767	1.964318	0	
3.3	2.0013809	2.0067155	1.9691942	0	
3.4	2.0004797	2.0054702	1.96915	0	
3.6	1.9994567	2.0040373	1.9690896	0	
3.8	1.9986073	2.0028262	1.9609383	0	
4	1.9975878	2.0013267	1.9490898	0	
4.4	1.9968502	2.0002269	1.9440588	0	
4.5	1.9963643	1.9995073	1.9435866	0	
4.8	1.9958109	1.9986802	1.9457478	0	
5	1.9951501	1.9976685	1.9552253	0	
5.5	1.9943222	1.9964485	1.9551997	0	
6	1.9936169	1.9954286	1.9680447	0	
6.47	1.9923471	1.9936422	1.9839972	0	
8	1.9908793	1.9917097	1.9856384	0	
9	1.9898121	1.9903937	1.987356	0	
10	1.988783	1.9891957	1.9892971	0	
11	1.987782	1.9880868	1.9883728	0	
12	1.986804	1.9870222	1.9874504	0	
13	1.9858407	1.985993	1.9865299	0	
14	1.9848879	1.9849918	1.9855478	0	
15	1.9839436	1.984012	1.9846217	0	
16	1.9830062	1.9830489	1.9837075	0	
17	1.9820745	1.9820987	1.9827952	0	
18	1.981148	1.9811585	1.9818846	0	
19	1.9802266	1.9802257	1.9809757	0	
20	1.9793098	1.9792994	1.9800686	0	
21	1.9783972	1.9783789	1.9791633	0	
22	1.9774882	1.9774633	1.9782596	0	
23	1.9765824	1.9765518	1.9773309	0	
24	1.9756794	1.9756443	1.9764211	0	
25	1.9747791	1.9747401	1.975523	0	
26	1.9738812	1.9738391	1.974611	0	
27	1.9729857	1.9729409	1.9737119	0	
28	1.9720922	1.9720452	1.9727822	0	
29	1.9712008	1.9711519	1.9718581	0	
30	1.9703114	1.9702609	1.970969	0	
31	1.9694239	1.9693721	1.9700816	0	
32	1.9685382	1.9684853	1.9691958	0	
33	1.9676542	1.9676005	1.9683116	0	
34	1.9667721	1.9667175	1.967429	0	
35	1.9658916	1.9658364	1.9665458	0	
36	1.9650128	1.964957	1.9656613	0	
37	1.9641357	1.9640795	1.9647835	0	
38	1.9632603	1.9632037	1.9639074	0	
39	1.9623865	1.9623296	1.9630328	0	
40	1.9615143	1.9614572	1.9621598	0	
41	1.9606437	1.9605864	1.9612893	0	
42	1.9597747	1.9597173	1.9604204	0	
43	1.9589073	1.9588497	1.9595521	0	
44	1.9580415	1.9579838	1.9586854	0	
45	1.955455	1.9553972	1.9560959	0	
50	1.9511723	1.9511146	1.9518101	0	
55	1.9469277	1.9468702	1.9475595	0	
60	1.9427206	1.9426634	1.9433461	0	
65	1.9385503	1.9384935	1.939171	0	
70	1.9344164	1.93436	1.9350323	0	
75	1.9303184	1.9302624	1.9309294	0	
80	1.9262557	1.9262002	1.926862	0	
85	1.9222279	1.9221728	1.9228295	0	


precision, %
wave=450 nm
height, km	60	
0	0.015620988	
0.05	0.013064144	
0.1	0.013373358	
0.15	0.013533516	
0.2	0.012558908	
0.25	0.012020045	
0.3	0.011388528	
0.35	0.01099003	
0.4	0.010213573	
0.45	0.010174379	
0.5	0.01073285	
0.55	0.010601211	
0.6	0.010132953	
0.65	0.010233909	
0.7	0.0099703574	
0.75	0.010343785	
0.8	0.010779672	
0.85	0.010783356	
0.9	0.010873767	
0.95	0.011122792	
1	0.01134465	
1.1	0.011372911	
1.2	0.01147126	
1.3	0.011641538	
1.4	0.011728912	
1.5	0.011831698	
1.6	0.011964197	
1.7	0.01201199	
1.8	0.012086061	
1.9	0.012125307	
2	0.012186195	
2.2	0.012207757	
2.4	0.012210444	
2.6	0.01222818	
2.8	0.012247125	
3	0.012267561	
3.2	0.01228725	
3.3	0.012292981	
3.4	0.012297739	
3.6	0.012302991	
3.8	0.012311486	
4	0.012320551	
4.4	0.012323314	
4.5	0.012322303	
4.8	0.01232659	
5	0.012340799	
5.5	0.012344021	
6	0.012345633	
6.47	0.012350643	
8	0.012353827	
9	0.012354713	
10	0.012355374	
11	0.012355871	
12	0.012356237	
13	0.012356522	
14	0.012356752	
15	0.012356941	
16	0.012357097	
17	0.012357228	
18	0.012357337	
19	0.012357425	
20	0.012357495	
21	0.012357549	
22	0.012357591	
23	0.012357624	
24	0.012357649	
25	0.012357667	
26	0.012357681	
27	0.012357691	
28	0.012357697	
29	0.012357701	
30	0.012357703	
31	0.012357703	
32	0.012357701	
33	0.012357699	
34	0.012357695	
35	0.012357691	
36	0.012357687	
37	0.012357681	
38	0.012357676	
39	0.01235767	
40	0.012357663	
41	0.012357657	
42	0.01235765	
43	0.012357643	
44	0.012357637	
45	0.012357615	
50	0.012357579	
55	0.012357542	
60	0.012357505	
65	0.012357469	
70	0.012357432	
75	0.012357396	
80	0.012357361	
85	0.012357326	


-------------------------------------------------
tet=86  fi=90
	60	
450	0.020894597	

	60	
450	-23.785507	

	60	
450	0.98453923	



ord=1
	60	
450	28.270301	

	60	
450	-32.01251	

	60	
450	0.061202126	

enhancement factor
ord=0
wave=450 nm
zenith, km	60	
Stoks:	     1.3128463	    0.31226714	  -0.069661473	 -0.0012417138	
enhancement factor
0	13.341054	13.341118	14.17989	17.070094	
0.05	11.46209	11.747201	13.197228	14.938239	
0.1	9.6533646	10.062797	11.973864	14.018291	
0.15	8.2640269	8.7256747	11.515499	12.729804	
0.2	7.136575	7.6990598	10.175519	11.956269	
0.25	6.2469477	6.7890489	9.1844715	12.778024	
0.3	5.5786563	6.0717286	8.35288	11.259751	
0.35	4.9805971	5.4731314	7.580978	9.1111227	
0.4	4.5636702	5.080526	7.1896514	8.3181291	
0.45	4.2244397	4.7118115	6.6984188	9.2648581	
0.5	3.9306921	4.4698705	6.1470316	8.4967493	
0.55	3.6702305	4.1825938	5.5494854	7.4328438	
0.6	3.5037745	4.0188469	5.1814838	7.3742225	
0.65	3.2944791	3.6995202	5.0047029	7.8117638	
0.7	3.1925073	3.5471725	5.0782381	7.4247785	
0.75	3.0789974	3.4197276	4.9084557	6.6779127	
0.8	2.9841591	3.2931228	4.7553015	6.1704081	
0.85	2.9258258	3.2324486	4.5962419	6.2027228	
0.9	2.8618519	3.1497354	4.4818092	7.0542305	
0.95	2.7933907	3.0567832	4.3499103	6.3611682	
1	2.7430416	2.9984218	4.4057913	6.5359572	
1.1	2.6627968	2.8751086	4.1991937	6.6119793	
1.2	2.6177123	2.8196898	4.1307014	6.6730686	
1.3	2.5826625	2.7761576	3.9103568	6.1230759	
1.4	2.5745181	2.8356726	3.6303329	5.9251114	
1.5	2.5053848	2.7090446	3.7184795	6.0214278	
1.6	2.4985369	2.7080155	3.5363838	5.7952445	
1.7	2.4796386	2.6064402	3.4790375	6.215198	
1.8	2.457564	2.5763539	3.3800826	5.9484078	
1.9	2.4447877	2.5538621	3.2919962	5.551707	
2	2.4250492	2.542183	3.4049564	4.9354477	
2.2	2.4058549	2.5099529	3.422671	4.6078401	
2.4	2.3848333	2.5026079	3.2428032	3.2539051	
2.6	2.3564202	2.4530031	3.1525704	2.7880988	
2.8	2.3760221	2.5259983	3.3640312	1.4469737	
3	2.3594134	2.4918704	3.2188448	1.9897251	
3.2	2.3563922	2.505494	3.277493	1.2012805	
3.3	2.3403777	2.4509621	3.2204827	2.1390351	
3.4	2.3445838	2.4326708	3.2009736	3.1264457	
3.6	2.3680936	2.4590083	3.3535338	4.1892857	
3.8	2.3542769	2.4347952	3.2056386	3.6731336	
4	2.3295656	2.4156736	3.0287912	2.7136699	
4.4	2.3202571	2.4015155	3.0172051	2.7012908	
4.5	2.3200872	2.4077251	2.9566475	2.5956309	
4.8	2.3140877	2.4232197	2.9770829	2.6118758	
5	2.3209793	2.434895	3.0643123	2.2555331	
5.5	2.3569876	2.4927296	3.5226422	-0.22051417	
6	2.3292783	2.4227071	3.1626222	1.8742501	
6.47	2.2825092	2.3678477	2.9097167	2.1591457	
8	2.2432368	2.3208266	2.5871335	3.1183757	
9	2.2250632	2.2582168	2.3322538	3.1917686	
10	2.2222936	2.219406	2.4462953	3.9235106	
11	2.1930322	2.1949817	2.5426956	3.4807542	
12	2.1436554	2.1573724	2.4280903	2.9575148	
13	2.1337198	2.1855111	2.3901115	2.6672648	
14	2.1193119	2.1693992	2.386569	2.6141721	
15	2.0982359	2.1283919	2.395183	2.5351559	
16	2.0900386	2.1405115	2.3499466	2.2301362	
17	2.0622154	2.079001	2.3194862	2.376573	
18	2.0512921	2.0489521	2.262324	2.1170462	
19	2.0427116	2.0276364	2.199543	1.666229	
20	2.0237805	2.0374429	2.1463803	1.9952588	
21	2.0127983	2.0196172	2.0864027	2.0076993	
22	2.0087746	2.0145512	2.0746923	1.9619513	
23	2.0064484	2.0128551	2.0691126	1.9469503	
24	2.0025117	2.0079219	2.0691892	1.9167509	
25	1.9968544	2.0045537	2.0595015	1.9285957	
26	1.9920534	2.0019955	2.0821302	2.0038467	
27	1.988435	1.9939116	2.0564495	1.9745685	
28	1.9844968	1.9896496	2.0425253	1.9240678	
29	1.9806134	1.9834227	2.0229393	1.8797586	
30	1.9789978	1.9812892	2.0149607	1.8747088	
31	1.9776077	1.9795367	2.011577	1.8569537	
32	1.9758542	1.976874	2.0041749	1.8893226	
33	1.9739158	1.9743253	1.989571	1.9456666	
34	1.9726752	1.9736695	1.9874216	1.9612316	
35	1.9712304	1.9723555	1.9838291	1.9497309	
36	1.9697365	1.9704737	1.9838502	1.9611212	
37	1.9688018	1.9695544	1.9820006	1.9616242	
38	1.9680239	1.9687145	1.9816118	1.9606402	
39	1.9671209	1.9678307	1.9803694	1.9597895	
40	1.9661407	1.9669297	1.9784893	1.9549161	
41	1.9649815	1.96525	1.9757645	1.9574239	
42	1.9640094	1.9641071	1.9741616	1.9572651	
43	1.9630026	1.9627656	1.9724209	1.960648	
44	1.961695	1.9605764	1.9704332	1.9762717	
45	1.9590624	1.9580248	1.9676812	1.9752881	
50	1.9545472	1.9541473	1.9629271	1.9695261	
55	1.950108	1.9499558	1.9579981	1.9629842	
60	1.9457651	1.9453264	1.9528854	1.956735	
65	1.9416172	1.9411765	1.9490955	1.9492223	
70	1.9374743	1.9370489	1.9450416	1.944215	
75	1.9333597	1.9329435	1.9409415	1.9396428	
80	1.9292729	1.9288598	1.9367945	1.9355066	
85	1.9252213	1.9248113	1.9326834	1.9314063	


precision, %
wave=450 nm
height, km	60	
0	1.0309599	
0.05	1.1348155	
0.1	1.1666774	
0.15	1.1961111	
0.2	1.2815955	
0.25	1.3567161	
0.3	1.33721	
0.35	1.2900118	
0.4	1.3611511	
0.45	1.4394494	
0.5	1.3231469	
0.55	1.3348286	
0.6	1.5076097	
0.65	1.2675861	
0.7	1.3798771	
0.75	1.3664983	
0.8	1.267692	
0.85	1.2310307	
0.9	1.2314201	
0.95	1.1810406	
1	1.2632357	
1.1	1.20538	
1.2	1.2448676	
1.3	1.2756491	
1.4	1.7257292	
1.5	1.1749523	
1.6	1.3453544	
1.7	1.3360026	
1.8	1.3174725	
1.9	1.2618154	
2	1.2490218	
2.2	1.2150832	
2.4	1.2315564	
2.6	1.2278539	
2.8	1.4985341	
3	1.3369527	
3.2	1.387929	
3.3	1.2619627	
3.4	1.2884372	
3.6	1.4792339	
3.8	1.3814619	
4	1.3460594	
4.4	1.3007962	
4.5	1.3097415	
4.8	1.3800606	
5	1.4378437	
5.5	1.8664177	
6	1.6726295	
6.47	1.5373709	
8	1.5184053	
9	1.7314478	
10	1.7585091	
11	1.6147736	
12	1.3899781	
13	1.6472955	
14	1.7107477	
15	1.4699103	
16	1.485378	
17	1.2740995	
18	1.2550834	
19	1.2490872	
20	1.1426565	
21	1.0523666	
22	1.0432711	
23	1.0425327	
24	1.0313458	
25	1.0202866	
26	1.0125091	
27	1.0038241	
28	0.99418753	
29	0.98162495	
30	0.98206128	
31	0.98224531	
32	0.98339781	
33	0.98669808	
34	0.98672657	
35	0.98822864	
36	0.98783922	
37	0.98771199	
38	0.98748025	
39	0.98742875	
40	0.98742293	
41	0.9861795	
42	0.98583265	
43	0.98560289	
44	0.98474926	
45	0.98455757	
50	0.98349166	
55	0.98306845	
60	0.98367325	
65	0.98406899	
70	0.98403524	
75	0.98401976	
80	0.98402219	
85	0.98402461	


ord=1
wave=450 nm
zenith, km	60	
Stoks:	     0.3711456	    0.11881302	    0.20537375	             0	
enhancement factor
0	12.928978	12.713683	12.682638	0	
0.05	10.565837	10.494829	10.490653	0	
0.1	8.612412	8.6250204	8.6322053	0	
0.15	7.1616026	7.2158996	7.2233393	0	
0.2	6.0672624	6.1416382	6.1510633	0	
0.25	5.2341042	5.315446	5.32497	0	
0.3	4.5935074	4.675799	4.6831276	0	
0.35	4.0932316	4.1754685	4.1811386	0	
0.4	3.7020623	3.7811154	3.7853038	0	
0.45	3.3937588	3.4691886	3.4708191	0	
0.5	3.1496108	3.218677	3.2192179	0	
0.55	2.9546525	3.0155667	3.0170165	0	
0.6	2.7965905	2.8522912	2.8532448	0	
0.65	2.6686415	2.7188476	2.720126	0	
0.7	2.5644274	2.6103352	2.6109701	0	
0.75	2.4791634	2.5208442	2.5208229	0	
0.8	2.4090349	2.4467723	2.4467243	0	
0.85	2.3513797	2.3853109	2.3854014	0	
0.9	2.303361	2.3344799	2.3343892	0	
0.95	2.2631712	2.2920845	2.2918335	0	
1	2.2155897	2.2411801	2.2412059	0	
1.1	2.1667136	2.1887582	2.1886672	0	
1.2	2.1309392	2.1500519	2.1499161	0	
1.3	2.1043833	2.1210593	2.1209177	0	
1.4	2.0844528	2.098942	2.0988454	0	
1.5	2.0690747	2.0818985	2.0817876	0	
1.6	2.0571113	2.0685001	2.0685389	0	
1.7	2.0477554	2.0579621	2.0580184	0	
1.8	2.0403158	2.0495576	2.0496001	0	
1.9	2.0343463	2.0427656	2.0427949	0	
2	2.0275501	2.0348875	2.0349269	0	
2.2	2.0208472	2.0270542	2.0271015	0	
2.4	2.0160785	2.0214602	2.021516	0	
2.6	2.0126043	2.0172967	2.0173678	0	
2.8	2.0099731	2.0141159	2.0141898	0	
3	2.0079249	2.0116326	2.0116929	0	
3.2	2.0066349	2.0101042	2.0101245	0	
3.3	2.0059022	2.0092022	2.0092203	0	
3.4	2.0049418	2.0080094	2.0080303	0	
3.6	2.0038295	2.0066235	2.0066476	0	
3.8	2.0028783	2.0054405	2.0054716	0	
4	2.0016934	2.0039775	2.0040105	0	
4.4	2.0008234	2.0029103	2.0029378	0	
4.5	2.0002338	2.0021768	2.0022061	0	
4.8	1.9995596	2.0013392	2.0013656	0	
5	1.9987327	2.0003369	2.0003449	0	
5.5	1.997699	1.999065	1.9990744	0	
6	1.9968204	1.9979945	1.9980054	0	
6.47	1.9952663	1.9961724	1.9961698	0	
8	1.9935261	1.9941693	1.9941619	0	
9	1.9923064	1.992802	1.9927958	0	
10	1.9911667	1.9915543	1.991549	0	
11	1.9900844	1.9903921	1.9903875	0	
12	1.9890414	1.9892872	1.9892831	0	
13	1.9880275	1.9882256	1.9882219	0	
14	1.987036	1.9871974	1.987194	0	
15	1.9860619	1.986195	1.9861919	0	
16	1.9851014	1.9852126	1.9852097	0	
17	1.9841516	1.9842458	1.984243	0	
18	1.9832101	1.9832909	1.9832879	0	
19	1.9822757	1.9823455	1.9823424	0	
20	1.9813478	1.9814084	1.9814054	0	
21	1.9804255	1.9804786	1.9804756	0	
22	1.9795079	1.9795548	1.9795519	0	
23	1.9785944	1.9786362	1.9786334	0	
24	1.9776845	1.9777221	1.9777193	0	
25	1.9767778	1.9768119	1.9768092	0	
26	1.9758741	1.9759054	1.9759028	0	
27	1.9749732	1.9750022	1.9749995	0	
28	1.9740748	1.9741018	1.9740992	0	
29	1.9731786	1.9732041	1.9732015	0	
30	1.9722847	1.9723088	1.9723062	0	
31	1.9713929	1.9714159	1.9714133	0	
32	1.9705031	1.9705251	1.9705226	0	
33	1.9696153	1.9696365	1.9696339	0	
34	1.9687292	1.9687497	1.9687472	0	
35	1.967845	1.9678649	1.9678624	0	
36	1.9669626	1.966982	1.9669795	0	
37	1.9660819	1.9661009	1.9660984	0	
38	1.9652029	1.9652216	1.9652191	0	
39	1.9643257	1.964344	1.9643415	0	
40	1.9634501	1.9634682	1.9634657	0	
41	1.9625761	1.962594	1.9625915	0	
42	1.9617038	1.9617215	1.961719	0	
43	1.9608331	1.9608506	1.9608481	0	
44	1.959964	1.9599813	1.9599789	0	
45	1.9573678	1.9573848	1.9573824	0	
50	1.9530694	1.953086	1.9530835	0	
55	1.9488094	1.9488257	1.9488233	0	
60	1.944587	1.9446032	1.9446008	0	
65	1.9404019	1.9404178	1.9404154	0	
70	1.9362533	1.9362691	1.9362667	0	
75	1.9321407	1.9321564	1.9321541	0	
80	1.9280638	1.9280793	1.928077	0	
85	1.9240219	1.9240373	1.924035	0	


precision, %
wave=450 nm
height, km	60	
0	0.084221736	
0.05	0.079010348	
0.1	0.080340479	
0.15	0.080490809	
0.2	0.073794952	
0.25	0.069667266	
0.3	0.065051158	
0.35	0.061893589	
0.4	0.056714206	
0.45	0.055754227	
0.5	0.058073037	
0.55	0.056708508	
0.6	0.053670768	
0.65	0.05371559	
0.7	0.051928936	
0.75	0.053496542	
0.8	0.055394836	
0.85	0.055115503	
0.9	0.055330565	
0.95	0.05637139	
1	0.057216102	
1.1	0.057071358	
1.2	0.05735196	
1.3	0.058038453	
1.4	0.058353321	
1.5	0.058776972	
1.6	0.059366421	
1.7	0.059555592	
1.8	0.059883061	
1.9	0.060048802	
2	0.060319349	
2.2	0.06040372	
2.4	0.060407389	
2.6	0.060488801	
2.8	0.060579483	
3	0.060679212	
3.2	0.060775964	
3.3	0.060804958	
3.4	0.060830211	
3.6	0.060858808	
3.8	0.060902993	
4	0.060951962	
4.4	0.060969719	
4.5	0.060968756	
4.8	0.060993126	
5	0.061065768	
5.5	0.061087679	
6	0.0611009	
6.47	0.061133587	
8	0.061157221	
9	0.061166214	
10	0.061172814	
11	0.061177711	
12	0.061181456	
13	0.06118436	
14	0.061186634	
15	0.061188425	
16	0.06118985	
17	0.061190998	
18	0.061191945	
19	0.061192724	
20	0.061193353	
21	0.061193865	
22	0.061194282	
23	0.061194624	
24	0.061194906	
25	0.06119514	
26	0.061195331	
27	0.061195488	
28	0.061195619	
29	0.06119573	
30	0.061195822	
31	0.0611959	
32	0.061195965	
33	0.06119602	
34	0.061196069	
35	0.061196111	
36	0.061196147	
37	0.061196178	
38	0.061196206	
39	0.06119623	
40	0.061196251	
41	0.06119627	
42	0.061196288	
43	0.061196303	
44	0.061196318	
45	0.061196354	
50	0.061196405	
55	0.061196447	
60	0.061196484	
65	0.061196519	
70	0.061196553	
75	0.061196586	
80	0.061196618	
85	0.061196649	


-------------------------------------------------
tet=86  fi=180
	60	
450	0.020837431	

	60	
450	9.4619502	

	60	
450	0.98208039	



ord=1
	60	
450	29.631547	

	60	
450	10.298145	

	60	
450	0.058490482	

enhancement factor
ord=0
wave=450 nm
zenith, km	60	
Stoks:	     1.3092544	     -0.123881	  -0.002419837	-0.00012002202	
enhancement factor
0	13.365668	11.3586	6.9874836	27.897248	
0.05	11.488256	8.2351876	-23.650355	-2.848377	
0.1	9.6786147	6.3718394	-23.293171	-9.9278208	
0.15	8.2856042	4.9343207	-21.371998	3.5811915	
0.2	7.1417642	3.5783822	-16.333114	7.3572155	
0.25	6.2535516	2.8942132	-13.489553	-3.9476953	
0.3	5.6142646	2.4775859	-11.034912	-2.674336	
0.35	5.0312739	1.9007563	-9.8961294	-11.458828	
0.4	4.6075261	1.6548651	-2.5287069	-29.826449	
0.45	4.2592301	1.3823561	-0.85957687	-19.031508	
0.5	3.9465383	0.99772757	-6.7849773	-25.667608	
0.55	3.6737255	0.86478031	-2.8007473	-14.701608	
0.6	3.4900794	0.64598332	-6.2879774	-9.6690031	
0.65	3.3030671	0.85268382	-4.3890938	-0.13293981	
0.7	3.198001	0.91499587	1.8345896	4.6998882	
0.75	3.0855784	0.87082425	3.9276796	0.28153984	
0.8	2.9846745	0.93776759	2.46149	3.6623189	
0.85	2.9230833	0.93399927	4.6385289	2.1502045	
0.9	2.8815548	0.89140239	1.6378636	7.9785959	
0.95	2.8133099	0.83254117	5.5767483	10.024572	
1	2.7557669	0.79003289	9.1921153	11.112303	
1.1	2.6759976	0.8417219	4.1505718	7.6677446	
1.2	2.6273581	0.84875279	7.3850761	6.1349541	
1.3	2.5811822	0.8702365	8.683843	-0.22312417	
1.4	2.545791	0.81744168	6.912414	-2.2192367	
1.5	2.5115432	0.90420223	11.307042	-0.86459641	
1.6	2.4960455	0.89033388	8.514909	0.76345208	
1.7	2.4800579	0.97076906	9.0087315	0.8154579	
1.8	2.4630177	0.99478646	6.5389071	3.2567548	
1.9	2.4499464	1.0545812	4.2387094	2.3405494	
2	2.4294463	1.101615	5.9900801	1.4733083	
2.2	2.4183337	1.1410216	8.5404115	-4.3341289	
2.4	2.3897071	1.1330061	6.289285	-13.624125	
2.6	2.3646628	1.1987334	4.7672743	-14.044889	
2.8	2.366061	1.1697408	6.1377145	-13.796409	
3	2.3483211	1.171219	0.3062235	-16.309655	
3.2	2.3409539	1.1969572	2.7783863	-6.7807199	
3.3	2.3310814	1.2678866	4.3111957	-1.559599	
3.4	2.3398218	1.3261255	4.7739381	0.10986631	
3.6	2.3641353	1.3419839	6.5899479	4.0605971	
3.8	2.3503635	1.3078849	5.0223342	-6.1232463	
4	2.3259405	1.3369607	3.042789	-3.9395121	
4.4	2.3203336	1.3779866	-2.1306575	-4.4090201	
4.5	2.3339713	1.4072088	-1.4525269	-16.837999	
4.8	2.3164749	1.3067542	-1.1423051	-8.1671674	
5	2.3194789	1.2883317	0.1964584	-10.405162	
5.5	2.340467	1.2800653	8.118547	-7.5696582	
6	2.3226583	1.2891176	5.0516459	-6.9879177	
6.47	2.2838617	1.3518436	2.3468091	1.3756737	
8	2.260385	1.3699679	-0.47870215	0.98687934	
9	2.2206583	1.6092129	-5.2565753	0.36346406	
10	2.2160151	1.6089342	-3.0253371	9.8172606	
11	2.1846415	1.7487675	2.2398437	5.2810033	
12	2.1384733	1.7870032	3.2940324	2.6207975	
13	2.1287739	1.7871446	-2.2435896	-0.61004847	
14	2.1154585	1.832032	-1.6284214	-2.2934652	
15	2.0973134	1.8979337	2.4860535	-2.2912733	
16	2.0947237	1.8866778	2.8160348	-4.8681233	
17	2.0649169	1.9562917	2.7869689	-1.4954204	
18	2.0532955	1.9787134	2.7596131	-4.604847	
19	2.0481316	2.0342338	2.1598081	-9.8348401	
20	2.0227747	1.9425246	0.95163546	2.1084284	
21	2.0147016	1.9599167	1.3836086	3.1079264	
22	2.0118371	1.9612998	1.1074725	3.0196448	
23	2.0093069	1.9638602	1.066372	2.9380912	
24	2.0047913	1.9663715	1.1404208	1.9863849	
25	1.9999016	1.9643082	1.2038019	1.6198523	
26	1.995427	1.963065	2.0466412	2.5743198	
27	1.9913786	1.9723483	1.7176374	2.7097577	
28	1.9884104	1.9707573	1.596857	2.1582213	
29	1.9853432	1.9736543	1.5404414	2.0712988	
30	1.9833404	1.9738653	1.4829826	2.0626079	
31	1.9810547	1.97116	1.9377864	1.647781	
32	1.9791157	1.9734022	1.8785794	1.8888823	
33	1.9771906	1.9703489	1.7507741	1.6925956	
34	1.9758937	1.9684533	1.8690224	1.6006958	
35	1.9742537	1.9670844	1.990507	1.6895751	
36	1.9729152	1.9685634	2.0095062	1.8785067	
37	1.9719622	1.9676028	1.9964476	1.9100117	
38	1.9711119	1.9668841	1.9833522	1.9596676	
39	1.9701942	1.9659794	1.985667	1.9508098	
40	1.9691278	1.9644542	1.9644281	1.9127322	
41	1.9680073	1.9649181	1.910628	1.9236641	
42	1.9670487	1.9644049	1.8976939	1.9292499	
43	1.9660617	1.9637772	1.8999599	1.9648974	
44	1.9648815	1.964158	1.8874131	1.9717529	
45	1.9622229	1.9613994	1.8856466	1.9427252	
50	1.957719	1.958022	1.9540887	1.9329569	
55	1.9532628	1.9545121	1.9813526	1.9272863	
60	1.9488087	1.9520934	1.9366037	1.9055317	
65	1.9446395	1.9482167	1.946267	1.9347714	
70	1.9404778	1.944159	1.9440759	1.9342277	
75	1.936342	1.9400606	1.9409091	1.9319189	
80	1.9322316	1.9359209	1.9367632	1.9278395	
85	1.9281566	1.9318171	1.9326533	1.9237953	


precision, %
wave=450 nm
height, km	60	
0	1.0020554	
0.05	1.124944	
0.1	1.1916509	
0.15	1.2399169	
0.2	1.1825437	
0.25	1.2592246	
0.3	1.3158395	
0.35	1.2856574	
0.4	1.3628813	
0.45	1.430579	
0.5	1.3115717	
0.55	1.239028	
0.6	1.3558543	
0.65	1.2446953	
0.7	1.2446094	
0.75	1.2940085	
0.8	1.239095	
0.85	1.2391741	
0.9	1.2909047	
0.95	1.2774503	
1	1.2372548	
1.1	1.2212734	
1.2	1.2569503	
1.3	1.2840194	
1.4	1.2717635	
1.5	1.2847415	
1.6	1.3023036	
1.7	1.1866794	
1.8	1.1977538	
1.9	1.1727142	
2	1.1562319	
2.2	1.2433972	
2.4	1.2311712	
2.6	1.2434155	
2.8	1.3974881	
3	1.2783894	
3.2	1.2467228	
3.3	1.2126073	
3.4	1.2920711	
3.6	1.4330259	
3.8	1.3838617	
4	1.3204795	
4.4	1.3314007	
4.5	1.407868	
4.8	1.4056791	
5	1.4191758	
5.5	1.5250015	
6	1.4975039	
6.47	1.4729713	
8	1.6919068	
9	1.7084248	
10	1.8112291	
11	1.6342687	
12	1.466105	
13	1.4795615	
14	1.4591167	
15	1.4094656	
16	1.5808719	
17	1.2755294	
18	1.2531333	
19	1.330315	
20	1.0716235	
21	1.0406351	
22	1.0318478	
23	1.0336732	
24	1.0202897	
25	1.00679	
26	0.99855469	
27	0.99805569	
28	0.99835992	
29	0.9950736	
30	0.99394859	
31	0.9873808	
32	0.98671643	
33	0.98739748	
34	0.98494987	
35	0.98504808	
36	0.98479273	
37	0.98441039	
38	0.98431155	
39	0.9842888	
40	0.98384663	
41	0.98295547	
42	0.9827328	
43	0.9827397	
44	0.98281345	
45	0.98277738	
50	0.98197921	
55	0.98175142	
60	0.98242788	
65	0.98230172	
70	0.98224815	
75	0.98222111	
80	0.98221994	
85	0.98221878	


ord=1
wave=450 nm
zenith, km	60	
Stoks:	    0.38795234	  -0.039951895	 0.00055118972	             0	
enhancement factor
0	12.951271	12.600716	17.899205	0	
0.05	10.623344	10.511664	19.153321	0	
0.1	8.6930977	8.6867501	21.078376	0	
0.15	7.2573122	7.2890979	21.193913	0	
0.2	6.1728416	6.2206062	21.958078	0	
0.25	5.3457781	5.3960065	22.014189	0	
0.3	4.7082564	4.746944	21.898282	0	
0.35	4.2090165	4.2340592	22.019816	0	
0.4	3.8174459	3.8265555	22.117286	0	
0.45	3.5078481	3.4974993	22.114986	0	
0.5	3.2618408	3.2364356	22.015631	0	
0.55	3.0647304	3.0298459	21.998339	0	
0.6	2.9044508	2.8582348	21.937324	0	
0.65	2.77425	2.7190632	21.968994	0	
0.7	2.6678206	2.6020365	21.94121	0	
0.75	2.5804589	2.5058875	21.784159	0	
0.8	2.4674696	2.4728911	10.627701	0	
0.85	2.3755081	2.4442769	1.7544137	0	
0.9	2.3261145	2.3887843	1.778796	0	
0.95	2.2847203	2.3418149	1.8466934	0	
1	2.2355331	2.2869531	1.9262054	0	
1.1	2.1847571	2.2290418	1.9410885	0	
1.2	2.1473093	2.1859492	1.9425952	0	
1.3	2.1192857	2.1531552	1.9586758	0	
1.4	2.0980671	2.1279828	1.9705895	0	
1.5	2.0815776	2.1082101	1.9710396	0	
1.6	2.0686576	2.0928234	1.9985742	0	
1.7	2.0584751	2.0803544	2.0027937	0	
1.8	2.0503188	2.0701707	2.0065439	0	
1.9	2.0437232	2.0617901	2.0135222	0	
2	2.0361309	2.0521575	2.008633	0	
2.2	2.0285621	2.0423695	2.0074685	0	
2.4	2.0231034	2.0351641	2.012852	0	
2.6	2.0190659	2.0297734	2.0128394	0	
2.8	2.0159684	2.0255803	2.0092089	0	
3	2.0135278	2.0221919	2.0055699	0	
3.2	2.0119818	2.0199714	2.0013252	0	
3.3	2.011094	2.0187237	2.000045	0	
3.4	2.0099215	2.0170642	1.9999161	0	
3.6	2.008556	2.0151218	1.9997439	0	
3.8	2.0073821	2.0134446	2.0015087	0	
4	2.0059113	2.0113167	2.0040619	0	
4.4	2.0048311	2.0097442	2.005028	0	
4.5	2.0040954	2.0086892	2.0049467	0	
4.8	2.0032543	2.007474	2.0041997	0	
5	2.0022269	2.0059774	2.001633	0	
5.5	2.0009476	2.0041652	2.0011588	0	
6	1.999871	2.0026616	2.0007053	0	
6.47	1.9980148	2.0001284	1.9988696	0	
8	1.9959819	1.9974643	1.998773	0	
9	1.9946045	1.9957552	1.9980489	0	
10	1.9933452	1.9942564	1.9971126	0	
11	1.9921706	1.9929065	1.996178	0	
12	1.991056	1.9916555	1.9952453	0	
13	1.9899863	1.9904808	1.9943142	0	
14	1.9889508	1.989365	1.993385	0	
15	1.9879418	1.9882946	1.9924574	0	
16	1.9869534	1.9872589	1.9915316	0	
17	1.9859809	1.9862497	1.9906075	0	
18	1.9850209	1.9852605	1.9896852	0	
19	1.9840708	1.9842866	1.9887646	0	
20	1.9831294	1.9833254	1.9878456	0	
21	1.9821955	1.9823754	1.9869284	0	
22	1.9812679	1.9814346	1.9860129	0	
23	1.9803458	1.9805015	1.9850991	0	
24	1.9794283	1.9795751	1.984187	0	
25	1.9785149	1.9786542	1.9832766	0	
26	1.9776053	1.9777384	1.9823678	0	
27	1.9766989	1.9768269	1.9814607	0	
28	1.9757955	1.9759193	1.9805553	0	
29	1.9748947	1.9750149	1.9796516	0	
30	1.9739965	1.9741133	1.9787443	0	
31	1.9731006	1.973215	1.9778436	0	
32	1.972207	1.9723192	1.9769449	0	
33	1.9713155	1.9714259	1.9760478	0	
34	1.9704259	1.9705347	1.9751523	0	
35	1.9695383	1.9696458	1.9742585	0	
36	1.9686526	1.9687589	1.9733664	0	
37	1.9677687	1.967874	1.9724758	0	
38	1.9668866	1.966991	1.9715869	0	
39	1.9660063	1.9661099	1.9706996	0	
40	1.9651276	1.9652306	1.9698139	0	
41	1.9642507	1.9643531	1.9689298	0	
42	1.9633755	1.9634773	1.9680457	0	
43	1.9625018	1.9626032	1.9671641	0	
44	1.9616299	1.9617308	1.9662848	0	
45	1.9590253	1.9591252	1.963658	0	
50	1.9547131	1.9548116	1.9593085	0	
55	1.9504396	1.950537	1.9549983	0	
60	1.9462041	1.9463005	1.9507262	0	
65	1.9420059	1.9421015	1.946492	0	
70	1.9378445	1.9379393	1.9422949	0	
75	1.9337194	1.9338134	1.9381345	0	
80	1.92963	1.9297232	1.9340103	0	
85	1.9255758	1.9256683	1.9299219	0	


precision, %
wave=450 nm
height, km	60	
0	0.080316608	
0.05	0.075020077	
0.1	0.075951123	
0.15	0.075757669	
0.2	0.069141076	
0.25	0.064989374	
0.3	0.06044299	
0.35	0.057309966	
0.4	0.052354689	
0.45	0.05135425	
0.5	0.053388894	
0.55	0.052075784	
0.6	0.049254219	
0.65	0.04926232	
0.7	0.047618487	
0.75	0.049045215	
0.8	0.051610243	
0.85	0.052077064	
0.9	0.052322614	
0.95	0.053336052	
1	0.054176394	
1.1	0.054095325	
1.2	0.054408592	
1.3	0.055094966	
1.4	0.055427439	
1.5	0.055859532	
1.6	0.056441537	
1.7	0.056645551	
1.8	0.056974333	
1.9	0.057149012	
2	0.05742682	
2.2	0.057534062	
2.4	0.057560389	
2.6	0.057654416	
2.8	0.057753529	
3	0.057858462	
3.2	0.057956165	
3.3	0.057987924	
3.4	0.058018039	
3.6	0.058052522	
3.8	0.058100322	
4	0.05815455	
4.4	0.058177617	
4.5	0.058181616	
4.8	0.058209195	
5	0.05828165	
5.5	0.058309399	
6	0.05832773	
6.47	0.058366936	
8	0.05839758	
9	0.058410715	
10	0.058420456	
11	0.058427777	
12	0.058433396	
13	0.058437753	
14	0.05844116	
15	0.058443841	
16	0.058445969	
17	0.058447682	
18	0.058449079	
19	0.058450233	
20	0.058451184	
21	0.058451962	
22	0.058452604	
23	0.058453135	
24	0.058453577	
25	0.058453948	
26	0.058454259	
27	0.058454521	
28	0.058454744	
29	0.058454937	
30	0.058455105	
31	0.05845525	
32	0.058455376	
33	0.058455489	
34	0.058455592	
35	0.058455684	
36	0.058455768	
37	0.058455846	
38	0.058455917	
39	0.058455983	
40	0.058456046	
41	0.058456105	
42	0.058456162	
43	0.058456216	
44	0.058456268	
45	0.058456413	
50	0.05845664	
55	0.058456853	
60	0.058457058	
65	0.058457257	
70	0.058457453	
75	0.058457646	
80	0.058457836	
85	0.058458025	


